# #Freq[Hz], #Gain_mean[a.u.], #Gain_std[a.u.], #Phase_mean[rad], #Phase_std[rad]
2.000000000000000227e+03,1.218047906015603088e+00,2.026760726501974853e-04,2.897812510432643762e+00,3.098671771440422392e-04
2.008351824886009126e+03,1.218503408238346131e+00,1.540850804779155773e-04,2.896720407382225027e+00,2.342134212519119492e-04
2.016738526261481411e+03,1.218999890585471091e+00,3.302242079785904600e-04,2.895676115947608764e+00,2.469579115520260416e-04
2.025160249767583082e+03,1.219567658301813795e+00,3.132710988682833549e-04,2.894487476182312946e+00,2.083282712513369859e-04
2.033617141653665612e+03,1.219993416356963234e+00,3.763196999833182295e-04,2.893366535724015698e+00,2.334967107043571836e-04
2.042109348779806396e+03,1.220717794212570206e+00,1.635508780533708340e-04,2.892152648484424216e+00,1.862318769226080958e-04
2.050637018619351693e+03,1.221047703539744012e+00,2.887200319167023137e-04,2.890950723561898528e+00,1.788176532929061332e-04
2.059200299261489818e+03,1.221618948814557459e+00,2.307624970240957870e-04,2.889803146749291507e+00,2.162180055950367315e-04
2.067799339413814323e+03,1.222244146762535788e+00,2.461760201946484937e-04,2.888496017802213434e+00,1.965787448968069843e-04
2.076434288404908784e+03,1.222829991309785980e+00,2.701407994524698667e-04,2.887375983620773745e+00,2.442634935921002867e-04
2.085105296186939995e+03,1.223459600645875556e+00,2.543089659616069452e-04,2.886162234320192255e+00,2.423218079293896902e-04
2.093812513338261851e+03,1.223967810048818272e+00,2.505984863425174077e-04,2.884934589330193866e+00,1.762168858275000379e-04
2.102556091066029239e+03,1.224663697297476705e+00,2.216672423703590160e-04,2.883612933184273253e+00,2.916566993952447360e-04
2.111336181208826929e+03,1.225250888896928902e+00,2.375618047850950492e-04,2.882447432580022006e+00,1.729660014475532695e-04
2.120152936239304381e+03,1.225765511635711347e+00,2.229269844979307963e-04,2.881287948302003521e+00,2.840557681408875570e-04
2.129006509266818739e+03,1.226337287693286537e+00,2.373705279224929245e-04,2.879981452081017412e+00,2.030484581220868949e-04
2.137897054040103285e+03,1.226990186235491498e+00,1.793390460411465204e-04,2.878749824287734072e+00,2.052620777269487389e-04
2.146824724949931806e+03,1.227599514295682592e+00,2.656387305074393770e-04,2.877654872046965018e+00,1.903606991260329043e-04
2.155789677031800238e+03,1.228175111299965483e+00,1.886658552653801887e-04,2.876361248933116066e+00,1.873752597949187193e-04
2.164792065968617862e+03,1.228754159679596558e+00,1.880556628379345652e-04,2.875031108110488454e+00,1.624730197777788081e-04
2.173832048093413505e+03,1.229458966141460774e+00,2.709154429929615856e-04,2.873675276745373264e+00,1.888891252467790670e-04
2.182909780392048560e+03,1.230096844538970835e+00,1.894328992918796093e-04,2.872521262671412501e+00,2.327099745907874374e-04
2.192025420505943657e+03,1.230679336566330662e+00,3.652057378078104092e-04,2.871144947293312377e+00,2.519845243610008192e-04
2.201179126734816691e+03,1.231305816555753330e+00,1.875888203936250300e-04,2.869908005020544994e+00,2.367583210138102863e-04
2.210371058039432683e+03,1.231918161396264422e+00,2.402612308123969957e-04,2.868630441742891612e+00,2.229006892518179707e-04
2.219601374044356362e+03,1.232584840647403590e+00,1.400739933174852028e-04,2.867287851792069908e+00,2.405900166189104295e-04
2.228870235040737953e+03,1.233219863578780329e+00,2.160210281612516211e-04,2.865944024177681904e+00,2.321950223395168825e-04
2.238177801989086674e+03,1.233814143398425767e+00,1.842748787755465307e-04,2.864672126334600666e+00,2.323403800584883849e-04
2.247524236522069259e+03,1.234508059443513606e+00,2.375118773841335639e-04,2.863311530563081408e+00,2.408038268465722946e-04
2.256909700947316196e+03,1.235298114733941466e+00,2.607931132766614290e-04,2.861969989071658560e+00,2.236724440905633502e-04
2.266334358250239347e+03,1.235865910747496521e+00,1.676551094424380832e-04,2.860565200222131566e+00,2.467818184119528529e-04
2.275798372096865023e+03,1.236596751473355571e+00,2.743370267132036835e-04,2.859278845473202324e+00,2.610736238795383210e-04
2.285301906836673879e+03,1.237290147146615116e+00,1.905707452104447711e-04,2.857857386672470135e+00,2.511318120387470948e-04
2.294845127505457185e+03,1.237961702236627604e+00,1.715771309076245983e-04,2.856510397911758758e+00,2.685615900736547119e-04
2.304428199828175366e+03,1.238759127581036568e+00,1.860055587130604550e-04,2.855166819016029756e+00,2.224073929878720758e-04
2.314051290221848376e+03,1.239491299599869256e+00,2.032431175778198816e-04,2.853693238529395160e+00,1.646483368541194542e-04
2.323714565798436070e+03,1.240070869048029323e+00,2.928215732924322650e-04,2.852391279313569505e+00,2.865468450233794396e-04
2.333418194367744491e+03,1.240761839522035226e+00,3.010629079275518784e-04,2.850982141635943101e+00,2.970637097549144799e-04
2.343162344440337620e+03,1.241456901419596193e+00,2.246932548732679291e-04,2.849581940203468999e+00,1.926436130793536875e-04
2.352947185230465493e+03,1.242270053917886807e+00,2.374754326180840013e-04,2.848123871197038248e+00,3.407625835996962800e-04
2.362772886659001870e+03,1.242959809165067542e+00,2.492441433878787469e-04,2.846719744500813221e+00,2.470236928710009940e-04
2.372639619356394633e+03,1.243833290203268271e+00,1.727608780412258739e-04,2.845241805987429817e+00,1.900187188856522556e-04
2.382547554665633015e+03,1.244425140904504179e+00,2.190278243894893198e-04,2.843888137505174551e+00,2.304341619578000185e-04
2.392496864645211190e+03,1.245312493419837185e+00,2.224568160141028594e-04,2.842286795843079972e+00,2.552738220189947906e-04
2.402487722072131874e+03,1.245938043159666275e+00,1.565846100478031572e-04,2.840883726943007836e+00,2.617412587615882877e-04
2.412520300444898567e+03,1.246717745655470111e+00,3.179709268396281509e-04,2.839425576181554334e+00,3.245993255404971338e-04
2.422594773986527343e+03,1.247545609959441304e+00,1.748624987516439282e-04,2.837907857377094167e+00,2.458954734437363530e-04
2.432711317647575015e+03,1.248295951481213084e+00,1.825373023297486696e-04,2.836410224098322885e+00,1.905509418016541575e-04
2.442870107109177297e+03,1.249134771868402494e+00,2.661264736213473205e-04,2.834907385630338617e+00,2.106755049126111359e-04
2.453071318786098345e+03,1.249831677554919196e+00,1.621635759805157770e-04,2.833407324693581586e+00,2.551658418220556002e-04
2.463315129829794387e+03,1.250763656391257861e+00,1.768936166382749082e-04,2.831879790596034230e+00,2.411485957845249889e-04
2.473601718131494181e+03,1.251447914178866361e+00,2.120587554855642664e-04,2.830316626449752793e+00,2.847130165063552253e-04
2.483931262325276748e+03,1.252242223994951331e+00,2.811723139165227107e-04,2.828826914637671663e+00,2.938851272511238321e-04
2.494303941791188663e+03,1.253214192126506754e+00,1.498711617470938702e-04,2.827208845161824691e+00,2.634214417045875221e-04
2.504719936658349525e+03,1.254063838431057842e+00,2.179740341394298734e-04,2.825679228399258225e+00,2.182145246721770102e-04
2.515179427808082437e+03,1.254770064453952116e+00,2.595392528348314503e-04,2.824126330490190906e+00,2.092236225989062401e-04
2.525682596877055403e+03,1.255718362698877488e+00,1.978064653905929756e-04,2.822563673573827536e+00,2.402365111902152477e-04
2.536229626260434088e+03,1.256550242963195174e+00,1.217845919869373604e-04,2.821009727993671667e+00,2.990365596723578031e-04
2.546820699115051411e+03,1.257316342359338313e+00,2.376022203413969357e-04,2.819362610478047593e+00,2.967403783890210523e-04
2.557455999362587136e+03,1.258221924997733776e+00,1.662287419491459829e-04,2.817682737446481678e+00,2.880502749263298928e-04
2.568135711692762015e+03,1.259009468716358437e+00,1.939887004147327774e-04,2.816038142925827881e+00,1.952824845710524374e-04
2.578860021566546493e+03,1.260014440007123815e+00,2.650765909536515678e-04,2.814499634977750464e+00,2.799760297751878262e-04
2.589629115219373034e+03,1.260942544550556432e+00,2.102114318156056763e-04,2.812772191095091578e+00,2.258599657419955358e-04
2.600443179664383933e+03,1.261741868938459188e+00,3.003294024540482270e-04,2.811202576102302952e+00,2.545100022298674961e-04
2.611302402695670935e+03,1.262687343701222487e+00,2.098933131925763158e-04,2.809458060140072710e+00,3.146705273051127899e-04
2.622206972891534861e+03,1.263666240665916041e+00,2.948778360532063503e-04,2.807830875955679595e+00,2.745838932332281160e-04
2.633157079617765703e+03,1.264502267055718887e+00,2.928174097489777612e-04,2.806160986075241226e+00,2.313500118759061956e-04
2.644152913030926811e+03,1.265498340161923974e+00,1.865273482171762019e-04,2.804458121930009096e+00,2.795489278333157263e-04
2.655194664081659084e+03,1.266466824180643158e+00,2.064609556131707870e-04,2.802697703097218440e+00,2.909932878599402273e-04
2.666282524517996990e+03,1.267450881915599625e+00,1.781239383275745505e-04,2.800983888411307188e+00,2.560640996650623020e-04
2.677416686888699587e+03,1.268439462557170661e+00,1.197512510116676001e-04,2.799214428921231068e+00,2.264865988264935727e-04
2.688597344546586100e+03,1.269186184661574845e+00,1.615811717582355065e-04,2.797567771400307546e+00,2.451175559472112183e-04
2.699824691651906960e+03,1.270300361795968946e+00,1.498787003145721653e-04,2.795783710966696312e+00,2.978467917927607998e-04
2.711098923175706659e+03,1.271196059198300699e+00,1.927035696211736764e-04,2.793997629042553221e+00,3.081127709335182300e-04
2.722420234903212076e+03,1.272191383638906492e+00,2.297652400571342660e-04,2.792245776391118817e+00,3.327521974905059518e-04
2.733788823437231713e+03,1.273244384181724920e+00,2.158020288777192720e-04,2.790445781871663478e+00,2.632016665685543840e-04
2.745204886201569479e+03,1.274268782817878476e+00,2.545257919485936380e-04,2.788644167496583837e+00,3.789430710254494314e-04
2.756668621444455312e+03,1.275160895112487758e+00,2.777938370131107599e-04,2.786900111110920619e+00,2.393632348465369979e-04
2.768180228241985333e+03,1.276196858744798490e+00,2.624544189584472717e-04,2.785091593264519272e+00,3.017902706669906877e-04
2.779739906501582482e+03,1.277339685518695145e+00,2.336535074696603493e-04,2.783241202250080537e+00,3.048937043916390209e-04
2.791347856965458504e+03,1.278276324865277314e+00,2.475924775991746561e-04,2.781364859596993977e+00,2.241299002603806150e-04
2.803004281214114599e+03,1.279360660716381215e+00,2.180197983890641035e-04,2.779539042202830768e+00,3.084425348373589972e-04
2.814709381669831600e+03,1.280445160802979876e+00,2.044193100904637323e-04,2.777664706079634893e+00,2.986964283353826127e-04
2.826463361600187909e+03,1.281501874243398564e+00,1.161396087789811450e-04,2.775748694229256408e+00,2.923727651952535132e-04
2.838266425121590146e+03,1.282564462278098283e+00,2.478672509447965491e-04,2.773816409438528918e+00,3.374056007278601827e-04
2.850118777202817455e+03,1.283748293488791159e+00,1.803564479667986171e-04,2.771859276868120503e+00,1.910393888351913654e-04
2.862020623668578992e+03,1.284640261806757833e+00,2.868153377537156182e-04,2.770032205649754609e+00,3.385563831759319585e-04
2.873972171203092330e+03,1.285818375615372711e+00,1.819742003861349886e-04,2.768102042330336410e+00,2.202193579933199249e-04
2.885973627353670508e+03,1.286921739686286648e+00,1.924264763030759365e-04,2.766140301529703471e+00,2.519264708985145449e-04
2.898025200534319538e+03,1.288059461548165974e+00,2.351856741708823742e-04,2.764076753658704089e+00,2.696615847298617849e-04
2.910127100029371377e+03,1.289108045934942881e+00,2.297563559086011615e-04,2.762233628910596206e+00,3.146211619104018697e-04
2.922279535997108269e+03,1.290296108891486160e+00,2.682720377729308427e-04,2.760192215754759815e+00,2.960534007470199932e-04
2.934482719473416182e+03,1.291394659117636623e+00,2.619456619808140509e-04,2.758260150964201962e+00,2.611767035091528506e-04
2.946736862375446435e+03,1.292634188522098215e+00,2.375055453118083738e-04,2.756173106322784783e+00,3.057167376063957059e-04
2.959042177505300060e+03,1.293765814530170033e+00,1.999673642666705703e-04,2.754159051887091980e+00,2.900880782039013403e-04
2.971398878553719442e+03,1.294855039465708346e+00,2.312624959207732606e-04,2.752078373722957050e+00,3.155025017060011819e-04
2.983807180103801329e+03,1.295867625978279314e+00,2.048214118842105723e-04,2.750104648907232718e+00,3.378766007232244487e-04
2.996267297634723036e+03,1.297246461442230991e+00,2.068339325017170280e-04,2.747943126941033931e+00,3.239660585115907224e-04
3.008779447525486376e+03,1.298401289548059445e+00,2.268963747617495507e-04,2.745877270366496870e+00,2.815284906981755796e-04
3.021343847058663869e+03,1.299512937051348516e+00,1.991492389580462217e-04,2.743795076459967675e+00,2.930451515873206824e-04
3.033960714424191337e+03,1.300919713467280081e+00,2.380891737781471492e-04,2.741627612671124314e+00,3.088865106636939722e-04
3.046630268723141853e+03,1.302063035695953053e+00,2.680623915712137769e-04,2.739594022349700175e+00,2.576785638790154835e-04
3.059352729971536974e+03,1.303304997797486209e+00,1.888851082273195132e-04,2.737225119723272648e+00,3.454955000944155024e-04
3.072128319104164802e+03,1.304452324020532128e+00,2.018762898650175712e-04,2.735168177903358977e+00,2.845600641608847753e-04
3.084957257978418056e+03,1.305872559846830594e+00,2.401006875763687335e-04,2.733016371521381771e+00,2.812666598040253403e-04
3.097839769378147139e+03,1.307187669884134040e+00,1.346207024815037755e-04,2.730845037988975932e+00,2.323308894195482311e-04
3.110776077017530497e+03,1.308425158555251544e+00,2.908543876208842332e-04,2.728572117099035133e+00,3.378530049369484660e-04
3.123766405544948611e+03,1.309736318038582148e+00,1.639541877165610277e-04,2.726391602669313130e+00,3.259476878624543755e-04
3.136810980546903011e+03,1.310948572156991565e+00,2.906827560032124581e-04,2.724179935107089001e+00,3.795671455158959161e-04
3.149910028551922096e+03,1.312284967730074081e+00,1.833827340785525563e-04,2.721948954488397909e+00,2.495275487705738890e-04
3.163063777034496525e+03,1.313716569581915294e+00,2.610207279355165433e-04,2.719602795204606238e+00,3.604240504888426297e-04
3.176272454419031419e+03,1.314928905820631488e+00,1.456413859577230672e-04,2.717251464052208298e+00,3.355632540846296237e-04
3.189536290083812219e+03,1.316416433717821244e+00,2.760803080862690609e-04,2.714976112636676930e+00,3.179305508390685452e-04
3.202855514364987812e+03,1.317765747392870557e+00,2.970199985975050167e-04,2.712644249107559524e+00,3.722480711648630015e-04
3.216230358560569584e+03,1.319076570829254447e+00,2.870059932470818117e-04,2.710311312926453109e+00,2.719216716608428841e-04
3.229661054934451386e+03,1.320431244460640974e+00,3.018472695701063615e-04,2.708015820623981718e+00,2.267440811673335655e-04
3.243147836720442683e+03,1.321873738030620027e+00,2.802039081548420994e-04,2.705628651634572002e+00,3.064219898717827667e-04
3.256690938126306264e+03,1.323133447052462275e+00,1.467608424699258908e-04,2.703224545766341524e+00,2.789346598561052992e-04
3.270290594337847779e+03,1.324764810122212921e+00,2.643078386030837056e-04,2.700740198750974930e+00,3.569828257699660698e-04
3.283947041522983909e+03,1.326098013916812146e+00,1.384234173354662197e-04,2.698329714350257369e+00,2.754019428464505323e-04
3.297660516835847375e+03,1.327612585378942001e+00,2.328470172922689641e-04,2.695862949625546179e+00,3.483857310403957997e-04
3.311431258420906488e+03,1.329013758273772439e+00,2.250189849623301550e-04,2.693425236201938411e+00,3.202054142808154918e-04
3.325259505417100627e+03,1.330544137963066031e+00,1.567258586436410259e-04,2.690865936531575464e+00,2.945325330946529669e-04
3.339145497961990714e+03,1.332018093434915729e+00,2.444176022091934563e-04,2.688371618202352487e+00,2.607540884956635195e-04
3.353089477195932432e+03,1.333504030598523737e+00,1.869041700505237635e-04,2.685884528327391330e+00,2.891409215850220134e-04
3.367091685266265358e+03,1.335071782604113411e+00,1.304244782024986465e-04,2.683239417648358938e+00,2.137790851261272716e-04
3.381152365331505735e+03,1.336413692807675080e+00,1.999541404521309811e-04,2.680768458662909914e+00,2.903564327922955146e-04
3.395271761565587440e+03,1.338024614538119605e+00,2.220833823774888112e-04,2.678239391941022340e+00,2.565866613112190555e-04
3.409450119162091141e+03,1.339616251066355179e+00,2.074024054635846949e-04,2.675569427055809690e+00,4.243730096645387793e-04
3.423687684338503004e+03,1.341181199622715869e+00,2.876030296328828352e-04,2.672909787568491069e+00,3.478988092199781579e-04
3.437984704340493408e+03,1.342738598584270582e+00,2.543814626140481188e-04,2.670288373429565265e+00,2.443454965312890454e-04
3.452341427446207945e+03,1.344315371877951026e+00,1.956164832315757042e-04,2.667624622461731931e+00,3.609321596914326098e-04
3.466758102970580239e+03,1.345998826130927917e+00,1.403034218713432671e-04,2.664813977367866737e+00,2.917123514838176521e-04
3.481234981269661603e+03,1.347620373035522956e+00,2.752466132482911648e-04,2.662143370918071739e+00,3.460108061098008205e-04
3.495772313744967960e+03,1.349141550452144012e+00,3.004362161923358515e-04,2.659441838114587231e+00,3.541134467523962830e-04
3.510370352847849517e+03,1.350696697604749419e+00,2.505917803247671369e-04,2.656679924714005381e+00,3.698275100131487737e-04
3.525029352083860886e+03,1.352496996816090036e+00,2.037843103079276679e-04,2.653831239822177057e+00,2.382430467052001888e-04
3.539749566017183952e+03,1.354215597930127357e+00,1.283616009717303741e-04,2.651073957152582317e+00,2.743200496197414646e-04
3.554531250275034381e+03,1.355824792113349719e+00,2.000488306355522358e-04,2.648339405623402421e+00,3.897027670068111630e-04
3.569374661552106318e+03,1.357620125163939928e+00,2.239741356809101045e-04,2.645418478253295902e+00,2.916607334007861288e-04
3.584280057615026635e+03,1.359138464055487550e+00,2.530428492860325399e-04,2.642613265540990852e+00,3.282112208713657041e-04
3.599247697306833743e+03,1.360957307839066655e+00,1.757898547704161030e-04,2.639606717930230495e+00,3.565757880118983355e-04
3.614277840551472764e+03,1.362671067533211877e+00,2.073767135898067933e-04,2.636701851923775930e+00,4.082963940133366013e-04
3.629370748358310721e+03,1.364435768639550073e+00,2.204655310920093300e-04,2.633739798842793522e+00,3.506288653392326338e-04
3.644526682826656270e+03,1.366121977282220845e+00,2.337298214049624782e-04,2.630890399781947053e+00,3.770630932877388803e-04
3.659745907150334006e+03,1.367991974314056502e+00,2.450649334004823638e-04,2.627743964124396037e+00,3.963815106177595127e-04
3.675028685622237845e+03,1.369833466019886092e+00,2.112356549070895705e-04,2.624643312855730493e+00,2.658162911203864145e-04
3.690375283638925794e+03,1.371537687095966129e+00,2.245182010771669282e-04,2.621762398132075678e+00,3.789035210700771017e-04
3.705785967705229723e+03,1.373453807619518408e+00,1.764740873577695418e-04,2.618607250287525279e+00,3.227690476679808220e-04
3.721261005438881512e+03,1.375148391806964021e+00,2.475368987647841908e-04,2.615536536721837280e+00,3.675327560131836464e-04
3.736800665575161020e+03,1.376970407865243384e+00,2.908096708180683029e-04,2.612443373242502087e+00,3.239677674158973598e-04
3.752405217971563616e+03,1.378869556437748445e+00,1.875967197761991439e-04,2.609265108930796551e+00,2.978770988027611057e-04
3.768074933612485893e+03,1.380894646591837693e+00,1.748502405260733098e-04,2.606050537234822606e+00,3.306776022486154851e-04
3.783810084613935487e+03,1.382581757067734785e+00,2.388730483639255368e-04,2.602988942331328825e+00,2.741414005081874768e-04
3.799610944228240442e+03,1.384567724472214767e+00,2.108529795689842836e-04,2.599568171661647664e+00,3.974196615843801996e-04
3.815477786848819051e+03,1.386556488237521423e+00,2.009151345939869939e-04,2.596337786470057640e+00,3.713621043508389774e-04
3.831410888014928332e+03,1.388337831625247487e+00,2.421475967197008166e-04,2.593025444490484777e+00,2.947552398228931044e-04
3.847410524416452517e+03,1.390517062358452849e+00,1.650937725938553193e-04,2.589702061889487261e+00,3.843024694454534791e-04
3.863476973898709275e+03,1.392303265363750153e+00,2.490268924323058540e-04,2.586369578395670832e+00,4.242981995330767837e-04
3.879610515467274126e+03,1.394350618501919215e+00,2.840362663005841664e-04,2.582928310340740552e+00,4.217189939795433300e-04
3.895811429292824869e+03,1.396292934737426661e+00,2.542659940564067343e-04,2.579519915122354234e+00,2.919235922646008915e-04
3.912079996716011919e+03,1.398257675109753295e+00,2.060237210921097184e-04,2.576101195895435403e+00,3.552294778685535759e-04
3.928416500252327296e+03,1.400333476667301680e+00,2.329024094229670196e-04,2.572623225726600626e+00,3.258733357473592922e-04
3.944821223597034987e+03,1.402351009139753080e+00,2.487838652592775095e-04,2.569225687692715976e+00,4.070728503429711892e-04
3.961294451630081767e+03,1.404387352526265342e+00,2.558820411789756760e-04,2.565597400569678221e+00,3.937912722772173718e-04
3.977836470421048489e+03,1.406386233221699644e+00,1.448814143912126122e-04,2.562130475348032288e+00,3.650004660907976662e-04
3.994447567234116377e+03,1.408464055010395732e+00,2.833461792897129798e-04,2.558364396995991719e+00,2.975949788194798794e-04
4.011128030533058336e+03,1.410493739104774047e+00,1.577430492715390081e-04,2.554784426686553367e+00,2.997052523441831378e-04
4.027878149986245262e+03,1.412569230235297457e+00,3.884959881544757117e-04,2.551172652194846791e+00,3.748074117928261342e-04
4.044698216471678734e+03,1.414820698660090859e+00,2.904137256765467389e-04,2.547278615861378714e+00,3.780291777704030483e-04
4.061588522082040527e+03,1.416964548112862987e+00,2.628029586426284636e-04,2.543647181161051041e+00,3.689220455338850283e-04
4.078549360129767138e+03,1.419034052208785424e+00,2.501501554996029219e-04,2.539928382256116723e+00,4.022838252201331910e-04
4.095581025152145230e+03,1.421119931615446363e+00,2.321479941729181280e-04,2.536069852875105113e+00,3.650806950099973018e-04
4.112683812916410716e+03,1.423384943784682388e+00,1.596471171647064423e-04,2.532180411491058436e+00,4.021143784100966257e-04
4.129858020424911956e+03,1.425577599742399615e+00,9.522967140209417827e-05,2.528221956002853155e+00,3.753055677483242507e-04
4.147103945920245678e+03,1.427638837999072319e+00,2.773254758388179792e-04,2.524422862098158138e+00,3.170654451577881281e-04
4.164421888890447008e+03,1.429959201060742036e+00,2.846578948667660919e-04,2.520472058318571129e+00,4.447290353420733336e-04
4.181812150074184501e+03,1.432025944144596385e+00,1.672636560496412760e-04,2.516442916542871888e+00,4.086706916395016140e-04
4.199275031465987013e+03,1.434370727310751548e+00,3.313009719657166547e-04,2.512394263628669133e+00,3.179587162446980125e-04
4.216810836321483293e+03,1.436546435660235987e+00,1.896371867864763826e-04,2.508385079628168146e+00,5.167185250512656980e-04
4.234419869162678879e+03,1.438723044876681678e+00,3.897192967223491789e-04,2.504161959711447505e+00,4.287312565653384313e-04
4.252102435783220244e+03,1.441075106335314882e+00,2.024035297233252155e-04,2.500034295788069905e+00,3.767729389215814244e-04
4.269858843253737177e+03,1.443313029753535925e+00,3.632524709898885809e-04,2.495891821289471402e+00,3.924741772887354197e-04
4.287689399927153318e+03,1.445712830757512224e+00,2.396376842360369529e-04,2.491562659856045858e+00,4.096765209833697118e-04
4.305594415444046717e+03,1.447993480508000586e+00,3.688128104210684614e-04,2.487283410369202308e+00,3.543121037366897216e-04
4.323574200738030413e+03,1.450149622594733234e+00,1.613148506493436289e-04,2.483066649728102870e+00,3.842979580801358127e-04
4.341629068041145729e+03,1.452527260536063958e+00,2.843139479538884682e-04,2.478663838690708054e+00,3.491227939888339317e-04
4.359759330889288321e+03,1.454956868871208453e+00,2.497687018126991941e-04,2.474365028588972670e+00,4.138759888379679600e-04
4.377965304127653326e+03,1.457149994595399178e+00,3.366067981828519892e-04,2.469947562359393611e+00,4.966652574227070410e-04
4.396247303916202327e+03,1.459675613847313258e+00,1.459280727835010442e-04,2.465213453207138805e+00,3.674091189946619078e-04
4.414605647735154889e+03,1.461901030695283321e+00,3.672741740257108416e-04,2.460906561573952267e+00,3.904390837403368423e-04
4.433040654390490090e+03,1.464205960830251341e+00,2.778713928140267046e-04,2.456304747109761433e+00,3.688508930022898927e-04
4.451552644019503532e+03,1.466528434957781846e+00,2.493785148731837709e-04,2.451705363922646264e+00,4.845602378626421083e-04
4.470141938096354352e+03,1.468912741245314013e+00,2.216646089831687133e-04,2.447058163534442166e+00,3.987321225300670424e-04
4.488808859437646788e+03,1.471244093678252707e+00,2.898730498104717815e-04,2.442347064979977223e+00,4.136455550345411966e-04
4.507553732208041765e+03,1.473773867204394072e+00,1.932903620190799300e-04,2.437539862902945220e+00,2.731771602028095045e-04
4.526376881925880298e+03,1.476034009511668188e+00,2.554353856065152343e-04,2.432801052626599070e+00,3.962087617271479361e-04
4.545278635468842367e+03,1.478472161248093553e+00,2.280018145276247929e-04,2.427921986111182484e+00,3.685722261468343938e-04
4.564259321079623078e+03,1.480904641501526564e+00,2.230860970096998591e-04,2.422989957468246303e+00,3.666383487530262093e-04
4.583319268371618818e+03,1.483281579562018448e+00,3.764064805451962739e-04,2.418077820506812525e+00,4.139798688460180555e-04
4.602458808334674359e+03,1.485725562675253020e+00,2.931845078225739126e-04,2.412974602670677093e+00,3.748456778835422749e-04
4.621678273340814485e+03,1.487936294220634004e+00,2.551694556306632129e-04,2.407987173396574310e+00,3.597613867553494803e-04
4.640977997150021110e+03,1.490340487847772843e+00,3.526982916861581135e-04,2.402923453822064737e+00,4.334966458026594076e-04
4.660358314916030395e+03,1.492830915095906708e+00,3.015919042995483627e-04,2.397780269806594866e+00,3.678365972002400723e-04
4.679819563192147143e+03,1.495294192588143556e+00,3.312217953625046772e-04,2.392509772305227322e+00,3.490570901956992732e-04
4.699362079937097405e+03,1.497591482775086913e+00,1.096227446685078621e-04,2.387339372361292344e+00,4.380465487959322958e-04
4.718986204520890169e+03,1.500010295471913224e+00,2.221835733143277987e-04,2.382028932465588333e+00,3.670224694388655984e-04
4.738692277730714522e+03,1.502415330506181146e+00,2.666944940920722065e-04,2.376835022812733733e+00,4.563378638304496269e-04
4.758480641776859557e+03,1.504848074679476788e+00,3.693639326245619359e-04,2.371233570947302915e+00,2.384745867120329551e-04
4.778351640298656093e+03,1.507339228727147429e+00,3.428765108951870380e-04,2.365770100215973670e+00,4.044564658982938805e-04
4.798305618370430238e+03,1.509732046463060140e+00,3.402638812387395783e-04,2.360338101965578250e+00,4.143752251227558617e-04
4.818342922507521507e+03,1.511979204121775888e+00,2.205789029781923013e-04,2.354779821272548368e+00,4.216320882629253069e-04
4.838463900672283671e+03,1.514330739498012113e+00,2.757001440467288971e-04,2.349133363040019962e+00,4.301543365701335003e-04
4.858668902280128350e+03,1.516800865244014362e+00,3.164984255027709480e-04,2.343435448230167140e+00,4.509446112001307605e-04
4.878958278205598617e+03,1.519366067123870678e+00,3.334495647193862016e-04,2.337620736161380997e+00,4.473459057401416679e-04
4.899332380788457158e+03,1.521533843600959113e+00,3.868901728260906009e-04,2.331955647346927840e+00,3.968100982081957978e-04
4.919791563839806258e+03,1.523844308823462335e+00,3.079512564730368116e-04,2.326111559151148533e+00,3.440247342079486817e-04
4.940336182648238719e+03,1.526022503722308077e+00,2.751078992298108057e-04,2.319987507607004673e+00,4.560732308090174967e-04
4.960966593985984218e+03,1.528503998420213783e+00,2.580463704914533825e-04,2.314229316504595513e+00,3.765340298887802362e-04
4.981683156115140264e+03,1.530869110574588854e+00,2.711754121723938902e-04,2.308323413282715730e+00,3.871266423861917730e-04
5.002486228793866758e+03,1.533038432201038193e+00,3.418027313354723702e-04,2.302192248957343423e+00,2.931648820503580466e-04
5.023376173282646050e+03,1.535378993506100631e+00,3.707245502641362957e-04,2.295912040977878377e+00,4.781489756400814908e-04
5.044353352350548448e+03,1.537639380050836113e+00,3.254415286436406255e-04,2.289834424553222725e+00,4.194809586007613392e-04
5.065418130281540471e+03,1.539946918750544347e+00,4.672332211955369341e-04,2.283425946786155514e+00,3.857426682231846924e-04
5.086570872880804018e+03,1.542042041616550563e+00,3.373795961200976305e-04,2.277276841914714911e+00,4.148073000605276414e-04
5.107811947481091011e+03,1.544215544353846337e+00,4.207024101895365372e-04,2.270865113269685764e+00,4.806984256346245486e-04
5.129141722949103496e+03,1.546417062048001778e+00,3.014730573784056480e-04,2.264426526216373414e+00,3.324551722035314918e-04
5.150560569691905584e+03,1.548596468691107564e+00,3.670255297139286355e-04,2.257941857605709757e+00,2.976779065415284119e-04
5.172068859663329931e+03,1.550699598011362257e+00,3.626652146654508048e-04,2.251303105715917408e+00,3.830597869941857413e-04
5.193666966370474256e+03,1.552625096583576836e+00,4.300376518654640897e-04,2.244804860738151664e+00,4.711473062542532336e-04
5.215355264880161485e+03,1.554772807945286717e+00,3.371550048412112061e-04,2.238050272964630771e+00,4.377375057804032909e-04
5.237134131825463555e+03,1.556787969067329858e+00,4.106074430591666736e-04,2.231313374439624742e+00,3.952632856819995140e-04
5.259003945412237044e+03,1.558912817106097082e+00,3.305680224470557670e-04,2.224344418922213240e+00,4.548142982469025432e-04
5.280965085425693360e+03,1.560828200821680944e+00,3.452471550630757387e-04,2.217477538674594850e+00,4.330486174110019407e-04
5.303017933236994395e+03,1.562690745565215256e+00,4.553457160067373648e-04,2.210661440331032512e+00,3.768730563266211643e-04
5.325162871809880016e+03,1.564667962512753530e+00,4.329053473105764333e-04,2.203633508498720861e+00,3.467344525988845494e-04
5.347400285707296462e+03,1.566479832746583423e+00,3.503685371613356387e-04,2.196494950693085979e+00,4.533621636607578116e-04
5.369730561098107501e+03,1.568217974922333502e+00,3.827528783526132285e-04,2.189515104357693698e+00,3.169722612183007880e-04
5.392154085763778312e+03,1.570131651818392537e+00,4.491978692782468531e-04,2.182038581670601385e+00,3.485627899361278090e-04
5.414671249105116658e+03,1.571771980498805510e+00,4.145674737035204369e-04,2.174799657133557051e+00,3.541557455140548812e-04
5.437282442149033159e+03,1.573584555304445187e+00,4.550048643017940981e-04,2.167615204159815789e+00,4.699110656134164953e-04
5.459988057555332489e+03,1.575129339222504754e+00,5.334675830401833328e-04,2.160150382500957811e+00,2.482294883111503428e-04
5.482788489623533678e+03,1.576694035667522531e+00,4.372832632123329049e-04,2.152747327523633736e+00,3.817004556835817508e-04
5.505684134299714060e+03,1.578221551632650543e+00,4.638376373781752339e-04,2.145196956387819487e+00,2.723915651632360631e-04
5.528675389183388688e+03,1.579636273666717550e+00,4.849487230034991037e-04,2.137425977762122287e+00,3.891647376041044797e-04
5.551762653534412493e+03,1.581012978728302043e+00,3.559772735238330831e-04,2.129832125062269821e+00,3.183917827629243651e-04
5.574946328279919726e+03,1.582411190966889647e+00,4.631521404006234597e-04,2.122049053264002172e+00,3.979851197268443296e-04
5.598226816021266131e+03,1.583650812835308397e+00,4.241799187490631617e-04,2.114368812053930569e+00,2.921892229171026817e-04
5.621604521041050248e+03,1.584814491451856266e+00,4.841194318194783183e-04,2.106506866877722484e+00,4.136839744528362150e-04
5.645079849310115605e+03,1.585980212877216244e+00,6.159213728324717781e-04,2.098484398140876728e+00,3.817468159608349509e-04
5.668653208494603859e+03,1.587002884024770744e+00,5.661874837722338663e-04,2.090511566134544807e+00,3.148460814378714482e-04
5.692325007963033386e+03,1.588006320775761093e+00,5.024842495449481639e-04,2.082613527010554577e+00,2.676572930931600688e-04
5.716095658793411530e+03,1.588898983645167462e+00,6.410757338243555127e-04,2.074413393012097373e+00,3.545597809849865929e-04
5.739965573780370505e+03,1.589834569075779802e+00,4.756739948082733802e-04,2.066163036633006378e+00,3.312323586904508655e-04
5.763935167442343300e+03,1.590695737183150937e+00,5.027190215733075892e-04,2.057980585737482215e+00,2.363452857064736175e-04
5.788004856028736867e+03,1.591249660191799808e+00,4.159609198606677204e-04,2.049733250891629943e+00,2.958755363978499337e-04
5.812175057527197168e+03,1.591886809058374208e+00,5.521486893536553487e-04,2.041199326475703124e+00,3.287795685057579497e-04
5.836446191670845110e+03,1.592540689217043726e+00,5.807066432672673131e-04,2.032737607398205526e+00,3.688234618253442452e-04
5.860818679945569784e+03,1.592858683795594477e+00,5.937482247573845325e-04,2.024342636999663547e+00,3.055619970466279690e-04
5.885292945597347170e+03,1.593201362133045862e+00,6.145601471932786138e-04,2.015620540478242795e+00,3.468876050925699499e-04
5.909869413639593404e+03,1.593375910657678585e+00,5.950907581106894013e-04,2.007174079544046918e+00,3.616545987143905553e-04
5.934548510860542592e+03,1.593619477627274517e+00,4.331508827412161545e-04,1.998281617062417581e+00,3.594764656398854400e-04
5.959330665830659200e+03,1.593737817670530799e+00,5.867065476821877856e-04,1.989500515921985180e+00,4.336958019308192222e-04
5.984216308910079533e+03,1.593751087577029102e+00,4.183406327288611225e-04,1.980754284051847280e+00,3.128197842915375181e-04
6.009205872256093244e+03,1.593476482254523097e+00,5.101732932624585297e-04,1.971791857938740122e+00,2.834113863930108092e-04
6.034299789830623013e+03,1.593313790256261964e+00,6.085523357625266657e-04,1.962959337973281038e+00,3.199356627617743680e-04
6.059498497407796094e+03,1.592914889779951659e+00,4.887544903442627960e-04,1.953809392814507051e+00,3.077139682897908363e-04
6.084802432581487665e+03,1.592406032051265852e+00,5.205371232529085916e-04,1.944899948136599832e+00,2.036558739394789318e-04
6.110212034772928746e+03,1.591768352147335364e+00,5.117221066495570691e-04,1.935857356508974281e+00,2.108279082771179246e-04
6.135727745238332318e+03,1.591141290364142424e+00,7.484615199983858918e-04,1.926615176742404900e+00,2.668848612380185113e-04
6.161350007076561269e+03,1.590542322601682379e+00,4.721812808435659164e-04,1.917490036271980669e+00,3.135397140077708709e-04
6.187079265236817264e+03,1.589554528013475743e+00,5.716586951085695072e-04,1.908052516639501039e+00,2.789046347539421281e-04
6.212915966526381453e+03,1.588335895610903048e+00,6.425285239181535019e-04,1.898659008952968463e+00,3.468490224127705182e-04
6.238860559618339721e+03,1.587272288742020088e+00,6.868725729241449132e-04,1.889407774803329776e+00,3.181323020714621865e-04
6.264913495059419802e+03,1.586091443284261437e+00,5.819109586948632319e-04,1.879811216070400359e+00,2.515160164177263590e-04
6.291075225277784739e+03,1.584676703575752743e+00,5.692203382896785522e-04,1.870361181219114766e+00,2.647436146031048013e-04
6.317346204590899106e+03,1.583084687279348035e+00,5.726608189748603767e-04,1.860801188250215343e+00,3.113119489546794182e-04
6.343726889213417962e+03,1.581490507355900688e+00,5.117492817570134817e-04,1.851225038634491726e+00,2.667821983298282224e-04
6.370217737265105825e+03,1.579772168521525133e+00,6.645305976172817064e-04,1.841554142610964506e+00,3.395373215677158132e-04
6.396819208778799293e+03,1.577823621321570391e+00,5.884302686819302495e-04,1.831971282549422764e+00,2.254859790065198548e-04
6.423531765708387866e+03,1.575767614931115279e+00,5.930784125863349182e-04,1.822208837547217852e+00,3.863898515476444132e-04
6.450355871936843869e+03,1.573605676640327911e+00,6.745883842158496195e-04,1.812332669189864465e+00,1.886603680014909063e-04
6.477291993284272394e+03,1.571520385366663275e+00,4.845742933973167898e-04,1.802548244434629909e+00,2.202346840095177334e-04
6.504340597516007620e+03,1.568949280203505436e+00,5.039737795158263532e-04,1.792734264754680229e+00,3.207624670673652422e-04
6.531502154350713681e+03,1.566270330034687408e+00,6.090284175311350568e-04,1.782687970881381645e+00,2.297835990114736480e-04
6.558777135468577399e+03,1.563518320393241456e+00,5.726986157898190499e-04,1.772662971415639221e+00,1.609525370191891948e-04
6.586166014519473720e+03,1.560735899253952841e+00,5.022325497516892927e-04,1.762686460938468258e+00,2.803325198220084076e-04
6.613669267131198467e+03,1.557695477465224299e+00,6.322472154828697810e-04,1.752859485884541879e+00,2.739737191131439787e-04
6.641287370917728367e+03,1.554705748263877751e+00,6.498641809735032160e-04,1.742765953361087083e+00,2.215529606799794917e-04
6.669020805487512007e+03,1.551330444342265524e+00,6.703455636584505686e-04,1.732591880369893644e+00,1.957794348663341693e-04
6.696870052451809897e+03,1.548048475854714612e+00,4.502437172292965894e-04,1.722389035938117541e+00,1.991110670518744406e-04
6.724835595433027265e+03,1.544289810838839871e+00,5.848107407648251918e-04,1.712273830744230452e+00,2.713715105554212513e-04
6.752917920073155074e+03,1.540687580873106199e+00,6.263281293053383526e-04,1.702057684103888135e+00,2.903975932698562201e-04
6.781117514042176481e+03,1.536890265783249943e+00,5.964237833564427606e-04,1.691998437298809055e+00,1.373191616298566385e-04
6.809434867046540603e+03,1.532931762953901433e+00,6.654643858106862927e-04,1.681603938418269717e+00,2.261566008436719974e-04
6.837870470837669018e+03,1.528855908009639997e+00,6.193403321628785990e-04,1.671301134643015107e+00,2.252464186566758056e-04
6.866424819220492282e+03,1.524553628055789645e+00,5.919968245993383711e-04,1.661049111084005769e+00,1.469737154751216981e-04
6.895098408062030103e+03,1.519944277816707157e+00,6.741565791812977309e-04,1.650737274026993218e+00,2.079994645674929532e-04
6.923891735299996071e+03,1.515661652578169427e+00,7.206140144692098565e-04,1.640335957083288720e+00,2.259471466955231844e-04
6.952805300951451500e+03,1.510772739794572272e+00,4.473972954535361882e-04,1.629882211485929933e+00,2.416303677877445436e-04
6.981839607121482004e+03,1.505990974826573847e+00,5.804620360091915189e-04,1.619477669414627785e+00,1.581006399618971087e-04
7.010995158011928652e+03,1.501055421252254884e+00,6.714559949392488823e-04,1.609172182577347510e+00,1.324641512572802173e-04
7.040272459930114564e+03,1.495902323645963872e+00,5.624879665651183859e-04,1.598833637238473715e+00,1.567063400589711354e-04
7.069672021297678839e+03,1.490536489708226497e+00,5.889996660907399545e-04,1.588270015767812016e+00,2.748692251780699434e-04
7.099194352659375909e+03,1.485275524415283765e+00,5.019261932687921158e-04,1.577969948752243390e+00,2.266394509928728446e-04
7.128839966691953123e+03,1.479907867759651108e+00,6.771945744608848889e-04,1.567493982803434882e+00,1.975836728829913325e-04
7.158609378213050149e+03,1.473986124258383601e+00,5.608772447473097571e-04,1.556961329949213324e+00,2.444287254332374454e-04
7.188503104190138401e+03,1.468307895923119055e+00,4.759425421023046466e-04,1.546510553822571632e+00,2.396247834829563230e-04
7.218521663749509571e+03,1.462439073215328289e+00,5.022226671531104022e-04,1.535937998659356207e+00,2.626938673660675740e-04
7.248665578185257800e+03,1.456222967820411052e+00,5.923730658933509851e-04,1.525691684346525800e+00,1.847094801243839585e-04
7.278935370968380084e+03,1.450137630275155853e+00,5.286017512423164724e-04,1.515124163836343074e+00,2.064923877452574930e-04
7.309331567755832111e+03,1.443809361004856129e+00,4.842282095728727407e-04,1.504735862665524060e+00,1.490543661139434963e-04
7.339854696399668683e+03,1.437504645058146791e+00,4.916345185782743056e-04,1.494181108695902482e+00,1.954537000002067254e-04
7.370505286956208693e+03,1.430909210912367779e+00,5.269213362133611531e-04,1.483756581621593185e+00,1.772419057450616271e-04
7.401283871695240123e+03,1.424219042748488873e+00,5.717228288083442064e-04,1.473282695168730783e+00,2.531561680502746915e-04
7.432190985109260509e+03,1.417413228430941308e+00,4.967113008846974148e-04,1.462832617857569462e+00,2.000874520066272741e-04
7.463227163922763793e+03,1.410220867054144511e+00,5.360541425644477697e-04,1.452365345093246107e+00,1.917057763791478963e-04
7.494392947101557183e+03,1.403419084018884044e+00,5.242481695556068045e-04,1.441895780317790532e+00,1.585429295136038508e-04
7.525688875862123496e+03,1.396107346693605811e+00,3.899646930038412921e-04,1.431498718877914467e+00,2.070153248141036017e-04
7.557115493681016233e+03,1.388850565946716076e+00,4.719963324491548195e-04,1.421001018276270900e+00,1.458561144138627503e-04
7.588673346304308325e+03,1.381613695268738118e+00,5.181834429961424500e-04,1.410698782010225028e+00,1.597891216633805396e-04
7.620362981757037232e+03,1.374140859716036056e+00,4.645071606441007403e-04,1.400332555725495975e+00,1.162313307101834058e-04
7.652184950352766464e+03,1.366473318192885866e+00,4.686731221264804409e-04,1.389910804474693951e+00,8.316897946392802791e-05
7.684139804703116170e+03,1.358823995758677627e+00,6.766508221037028162e-04,1.379646215046592461e+00,1.790643188208173133e-04
7.716228099727361950e+03,1.350999171401867649e+00,3.402058055915286520e-04,1.369397566845765635e+00,1.583420585095832557e-04
7.748450392662073682e+03,1.343140462439504912e+00,5.159229684645894867e-04,1.359100545736968257e+00,1.661223876941423803e-04
7.780807243070794357e+03,1.335158367529834855e+00,3.929093854855362209e-04,1.348899537217066236e+00,1.397454327880562179e-04
7.813299212853760764e+03,1.327236928333723309e+00,3.331345461236506007e-04,1.338706107288355707e+00,1.459790343030406253e-04
7.845926866257634174e+03,1.319167711267489995e+00,4.987491221572019342e-04,1.328625672083073361e+00,2.322639281007456927e-04
7.878690769885341979e+03,1.310789276575477391e+00,4.894215505252107884e-04,1.318439029439750998e+00,1.784375665415838144e-04
7.911591492705890232e+03,1.302420334295963045e+00,5.503873922601471621e-04,1.308288836882374628e+00,2.510300264786896975e-04
7.944629606064248946e+03,1.294236820504774510e+00,5.444564219111289920e-04,1.298278509133255820e+00,1.698609953943292211e-04
7.977805683691274680e+03,1.285957795517576718e+00,3.366067755975527985e-04,1.288208425423443382e+00,1.918522659809613284e-04
8.011120301713673143e+03,1.277376200839449583e+00,3.936452555945699531e-04,1.278259749998521544e+00,2.025252641503679234e-04
8.044574038664004547e+03,1.268926522570498872e+00,3.463619511734901770e-04,1.268234328972865921e+00,1.729729750560928567e-04
8.078167475490732613e+03,1.260079952929678226e+00,2.964010239592586868e-04,1.258336680077740466e+00,2.276887610818991966e-04
8.111901195568308140e+03,1.251494323444609424e+00,3.704421322411519633e-04,1.248407453138743906e+00,1.802230621945238626e-04
8.145775784707304410e+03,1.242904664756786293e+00,4.632348494554101772e-04,1.238666510716819547e+00,2.167728216777455692e-04
8.179791831164596260e+03,1.234089654644888068e+00,4.275454814935880968e-04,1.228792781328339467e+00,1.533321533778557195e-04
8.213949925653541868e+03,1.225252319393300704e+00,3.435886840613632497e-04,1.219136110115077720e+00,1.467962546497513811e-04
8.248250661354295517e+03,1.216484879240131267e+00,4.442058660032082514e-04,1.209474030325908833e+00,1.574034622694661927e-04
8.282694633924063965e+03,1.207449282406138469e+00,2.587188410736413011e-04,1.199788256933868480e+00,2.439745937413366060e-04
8.317282441507473777e+03,1.198616801785681973e+00,3.664300010256649589e-04,1.190138871783691599e+00,1.950808196616334164e-04
8.352014684746947751e+03,1.189687729529233184e+00,4.418397077865200630e-04,1.180705193302511891e+00,1.971083957074192894e-04
8.386891966793138636e+03,1.180645322103675454e+00,3.074483153255691374e-04,1.171258043238556867e+00,1.380114519335345446e-04
8.421914893315411973e+03,1.171606158533786690e+00,3.741890404515091448e-04,1.161802116114428518e+00,2.122364330450369010e-04
8.457084072512332568e+03,1.162791889391422639e+00,3.331846050531063995e-04,1.152342828588743151e+00,1.443373171361439218e-04
8.492400115122271018e+03,1.153651572471090514e+00,3.513005263755224618e-04,1.143078711345033138e+00,1.629416877134039080e-04
8.527863634433982952e+03,1.144681416955811049e+00,2.471055493344783641e-04,1.133750350163047926e+00,2.815869693937766874e-04
8.563475246297261037e+03,1.135558381447651310e+00,3.969782867785603508e-04,1.124552757496429134e+00,2.068679474011361763e-04
8.599235569133634272e+03,1.126444423004316020e+00,4.378278838104093600e-04,1.115491737820599294e+00,2.289382192292299396e-04
8.635145223947107297e+03,1.117355942652959788e+00,3.491738357698708850e-04,1.106415624713779966e+00,1.302811500619167721e-04
8.671204834334937914e+03,1.108257298972386229e+00,3.982349446318447740e-04,1.097424491583126827e+00,2.155637277319683237e-04
8.707415026498478255e+03,1.099254505986543284e+00,3.362377696572591218e-04,1.088348085257302200e+00,1.459446187817656107e-04
8.743776429254035975e+03,1.089956037671255373e+00,4.827797568891696871e-04,1.079406515045902903e+00,1.697538066091410782e-04
8.780289674043808191e+03,1.080873146501700521e+00,4.041165318958788951e-04,1.070667245943742074e+00,1.396650345468001522e-04
8.816955394946829983e+03,1.071953887473007905e+00,3.646535244027297837e-04,1.061849093179686676e+00,1.600671732670891367e-04
8.853774228690013842e+03,1.062901916939208657e+00,3.768526924257464632e-04,1.053159409115725698e+00,1.894447035822323898e-04
8.890746814659152733e+03,1.053664366188749701e+00,3.420177536820557455e-04,1.044541004941536233e+00,2.377461717176254674e-04
8.927873794910088691e+03,1.044572528093992148e+00,3.516781466065894610e-04,1.035965277579782962e+00,1.822971934866777631e-04
8.965155814179828667e+03,1.035670234716836280e+00,3.173654665996451059e-04,1.027420119697618928e+00,1.652918655414955184e-04
9.002593519897734950e+03,1.026729165960054146e+00,1.706315079929186448e-04,1.018919458980453996e+00,2.325041976883597907e-04
9.040187562196788349e+03,1.017687623141648512e+00,2.708464717303707913e-04,1.010767045702320344e+00,2.654704645936562619e-04
9.077938593924858651e+03,1.008705982404168200e+00,2.750225066261578928e-04,1.002245315955260008e+00,1.803957047965884649e-04
9.115847270656069668e+03,9.997115737607140673e-01,3.036989772871461521e-04,9.940829511052221568e-01,2.259729255969144461e-04
9.153914250702131540e+03,9.907947043056370973e-01,3.954559680247616009e-04,9.859095575677809808e-01,1.817545757265902166e-04
9.192140195123833109e+03,9.818986370844173805e-01,2.508744532348556222e-04,9.778595331868888962e-01,1.809870200916704271e-04
9.230525767742492462e+03,9.731431167729539533e-01,3.144640310222120106e-04,9.696470032083606139e-01,1.154936013321659872e-04
9.269071635151482042e+03,9.642393561685060899e-01,3.253283255781512983e-04,9.616628110481322267e-01,3.128079125469630318e-04
9.307778466727810155e+03,9.555369066657106725e-01,3.963834520542112733e-04,9.537370720369739985e-01,2.901184122337034611e-04
9.346646934643747954e+03,9.467610429520041393e-01,4.525439388949950288e-04,9.459125502703542576e-01,3.398789489162385553e-04
9.385677713878496434e+03,9.380666131407661146e-01,2.438830691877812867e-04,9.381256071797861029e-01,1.832584844666246130e-04
9.424871482229911635e+03,9.292907360145047369e-01,2.224384904055648851e-04,9.303175921646873459e-01,3.082184571098761238e-04
9.464228920326273510e+03,9.209232644173876992e-01,3.790067698292792992e-04,9.226664981012161482e-01,1.377367673450821260e-04
9.503750711638105713e+03,9.121790212180652668e-01,2.887295787881311851e-04,9.151455359339643048e-01,1.785388985892530052e-04
9.543437542490057240e+03,9.037239914161986354e-01,2.262407558656004999e-04,9.076024806346019158e-01,1.384690001384641695e-04
9.583290102072778609e+03,8.951504878054434844e-01,2.017301194572566762e-04,9.001684713936253246e-01,2.646038394308288032e-04
9.623309082454945383e+03,8.868925167988779279e-01,4.446143150924124709e-04,8.926573149604924984e-01,2.664094497779919812e-04
9.663495178595247125e+03,8.784096815915741763e-01,2.727323083673670453e-04,8.853833760999396674e-01,1.318721177333512262e-04
9.703849088354456399e+03,8.702314415964668148e-01,2.537007081402879315e-04,8.781264802825561322e-01,2.107147115665833543e-04
9.744371512507552325e+03,8.618697004028259556e-01,1.947555641642239514e-04,8.707888509915738817e-01,1.127914557202497158e-04
9.785063154755891446e+03,8.537747751220292614e-01,2.295538022898797024e-04,8.637678981584995253e-01,2.660611943339680251e-04
9.825924721739431334e+03,8.455808431162858962e-01,3.942897088673158988e-04,8.566637044083418306e-01,2.269200674537068209e-04
9.866956923048968747e+03,8.374118100692543587e-01,1.774421920089102223e-04,8.496555053525810530e-01,2.270791169816091721e-04
9.908160471238517857e+03,8.293724013687487906e-01,1.476729958338076460e-04,8.425826753917732281e-01,1.715675473401484573e-04
9.949536081837646634e+03,8.214141229291879176e-01,2.204497259231719185e-04,8.356817180649276366e-01,2.574787927430758315e-04
9.991084473363915095e+03,8.133962014823981068e-01,2.360242774758675209e-04,8.289441396489731773e-01,2.620609782094085981e-04
1.003280636733534266e+04,8.055326607743207301e-01,2.588873043434246650e-04,8.222048141864582993e-01,1.804068060809303645e-04
1.007470248828295371e+04,7.977669278169242650e-01,2.022775556289026710e-04,8.156351260414945736e-01,1.995830821166818387e-04
1.011677356376334319e+04,7.900995281663911740e-01,2.026443020905897461e-04,8.088791686267959857e-01,3.077495691640535721e-04
1.015902032437132038e+04,7.822711321778348381e-01,2.988363646853778397e-04,8.023113747924703887e-01,2.675224768357609443e-04
1.020144350375259819e+04,7.747063466365549100e-01,2.014240883122613815e-04,7.958808896327792537e-01,2.668027333559336626e-04
1.024404383861652423e+04,7.671841351414973031e-01,1.826391630951775381e-04,7.895377795348863526e-01,2.755618085454777629e-04
1.028682206874888652e+04,7.596065980030006770e-01,2.579600574583226628e-04,7.830572813064883286e-01,1.865833742835467681e-04
1.032977893702474830e+04,7.521381175418699883e-01,2.791153020357213846e-04,7.765447843771562386e-01,2.164011771748032206e-04
1.037291518942135554e+04,7.446666432555548720e-01,3.202424067748905600e-04,7.704268873814770213e-01,3.109922670697263668e-04
1.041623157503111179e+04,7.374393298652071049e-01,1.779253131226954713e-04,7.641943418139962585e-01,2.558220114381505074e-04
1.045972884607447850e+04,7.300594425272145527e-01,1.760672782432969941e-04,7.580963419538973014e-01,2.502860103028310256e-04
1.050340775791327542e+04,7.229847387666339387e-01,2.014695236717428152e-04,7.518760466611281723e-01,2.875102270285946984e-04
1.054726906906349359e+04,7.157307076614846109e-01,2.046655727855842960e-04,7.460022102936743060e-01,2.540226570501849458e-04
1.059131354120871219e+04,7.086815188097319584e-01,1.724576443996615532e-04,7.400070738723798502e-01,2.431022171190076460e-04
1.063554193921320802e+04,7.017373855904708302e-01,1.687272697322216648e-04,7.339916872949936444e-01,2.745871539009458258e-04
1.067995503113526320e+04,6.947862935143743757e-01,1.655618318008099214e-04,7.281133352559905347e-01,2.453055578869511779e-04
1.072455358824050927e+04,6.877901030759019374e-01,2.357591687541955579e-04,7.224431538902893468e-01,3.091803588759494564e-04
1.076933838501531136e+04,6.809951967513310223e-01,2.950086125939361138e-04,7.166166015934671840e-01,2.950262219177562971e-04
1.081431019918022139e+04,6.742164776126856607e-01,2.464762475426331774e-04,7.106660524231925846e-01,2.977807910727496630e-04
1.085946981170348954e+04,6.673711673972502201e-01,2.984040083557284334e-04,7.052155431186446499e-01,2.884834291783254425e-04
1.090481800681461209e+04,6.607787128424458256e-01,1.731006286993167615e-04,6.993993187850267024e-01,3.278791728283143728e-04
1.095035557201796837e+04,6.541802378340606516e-01,2.129210436175389188e-04,6.939652308716798279e-01,2.598329096653013526e-04
1.099608329810648138e+04,6.476938569782018096e-01,2.796282180499326834e-04,6.884429402800165132e-01,2.744508411375814918e-04
1.104200197917535843e+04,6.412625035754617731e-01,2.488589134680899281e-04,6.828516928607401004e-01,3.340498345334767740e-04
1.108811241263587726e+04,6.347694935487299128e-01,2.276067811894599781e-04,6.777585336035210073e-01,2.941344345638588964e-04
1.113441539922923585e+04,6.285269932762951317e-01,3.079830526853493647e-04,6.721890138095452105e-01,2.436654718921355076e-04
1.118091174304045671e+04,6.222266882320633963e-01,7.065544603683206930e-05,6.670144461566253069e-01,2.983422119569856517e-04
1.122760225151235500e+04,6.159035592878845389e-01,2.287425619880802173e-04,6.616375957908500194e-01,3.345523947158520763e-04
1.127448773545957192e+04,6.097977573567668896e-01,2.211050722539943236e-04,6.564094443874410878e-01,2.025467253780525274e-04
1.132156900908255557e+04,6.037847288828339654e-01,1.601379743590541894e-04,6.511042206804364962e-01,3.839768019655974570e-04
1.136884688998193997e+04,5.976451787792514958e-01,1.980283053515048458e-04,6.462624290134006966e-01,2.485067214440669307e-04
1.141632219917242946e+04,5.916600587141889189e-01,1.904936988366813879e-04,6.412082569328112491e-01,2.093733353426296170e-04
1.146399576109730151e+04,5.858331684844452214e-01,2.223596617709584159e-04,6.361466686355167210e-01,1.871401289399042729e-04
1.151186840364261843e+04,5.799204128576621597e-01,2.457628260374000576e-04,6.313874762143331099e-01,3.312130157983398109e-04
1.155994095815161927e+04,5.740639032775631811e-01,9.921318590970211611e-05,6.266013895243631726e-01,1.791281654524987034e-04
1.160821425943916074e+04,5.683669525793459965e-01,2.306949047834847173e-04,6.215977372261916045e-01,4.153861060091106256e-04
1.165668914580621458e+04,5.627034535387738234e-01,2.269489690318040004e-04,6.167229567556836711e-01,2.130282134787580888e-04
1.170536645905442128e+04,5.570169326731500004e-01,1.611507902356683385e-04,6.118823321396541504e-01,2.359272195666282858e-04
1.175424704450071476e+04,5.514158290749457958e-01,1.906241021136287198e-04,6.070977694322956530e-01,2.880350373071191073e-04
1.180333175099199252e+04,5.459143256104381781e-01,1.784302464734323595e-04,6.022821024615644392e-01,3.251984879994723873e-04
1.185262143091986945e+04,5.404166766141610401e-01,2.107257105787986682e-04,5.975523594667815352e-01,2.370633670369027190e-04
1.190211694023546988e+04,5.350664907334035103e-01,2.048722322839906663e-04,5.932830349995604768e-01,2.899941754445934392e-04
1.195181913846429416e+04,5.295317617323844761e-01,1.392228726925440056e-04,5.886155943408787339e-01,3.477582185873576734e-04
1.200172888872114527e+04,5.243565329978258083e-01,2.642982139600429841e-04,5.840314501966937799e-01,3.295920365687511990e-04
1.205184705772512098e+04,5.191330361745191135e-01,1.679644507457162168e-04,5.797884000675291860e-01,4.539369386911254250e-04
1.210217451581466230e+04,5.138328112911887402e-01,2.771204456379775861e-04,5.752975629963753557e-01,3.228374172500153268e-04
1.215271213696266568e+04,5.087557959016217879e-01,9.754759936908660896e-05,5.710559220397902758e-01,4.322455981120294603e-04
1.220346079879168428e+04,5.035363845525868687e-01,1.643283454863461181e-04,5.665296802464423465e-01,2.785272693628245105e-04
1.225442138258907471e+04,4.985852726258961920e-01,1.357045802506830060e-04,5.621275608233892163e-01,3.935235155432996262e-04
1.230559477332244751e+04,4.935932772533352941e-01,1.616088308935425698e-04,5.577407229378478215e-01,2.321920476843459895e-04
1.235698185965493576e+04,4.886490866511804532e-01,1.662622203999241700e-04,5.535899340451398976e-01,2.533887132550257954e-04
1.240858353396064922e+04,4.837929139960792102e-01,2.340062097274677149e-04,5.494080052207508391e-01,3.103443502090950630e-04
1.246040069234017574e+04,4.789482736815050545e-01,1.467062354334941260e-04,5.453563776374592553e-01,3.004680876349924402e-04
1.251243423463614090e+04,4.741256261978743503e-01,1.590751967889407514e-04,5.410745782359730471e-01,3.405135556348024613e-04
1.256468506444883315e+04,4.694892442540387623e-01,1.734891165851801275e-04,5.369097098317274774e-01,1.653288879262201395e-04
1.261715408915189619e+04,4.646849852340740883e-01,2.011242881207486212e-04,5.330185454103034681e-01,2.707464504506864483e-04
1.266984221990809056e+04,4.601166775591611358e-01,8.736611452313133809e-05,5.288473822365957755e-01,3.047559082692370344e-04
1.272275037168510789e+04,4.554458003065418592e-01,1.649854861386150203e-04,5.249028056529342345e-01,2.282442019480446639e-04
1.277587946327146710e+04,4.509656477254693208e-01,1.010176262029144990e-04,5.211307813018919433e-01,3.583490731691779587e-04
1.282923041729246870e+04,4.465346948931587789e-01,1.784667732296472574e-04,5.171749535609260207e-01,2.805955636462343066e-04
1.288280416022621102e+04,4.420381764981408668e-01,1.882518501034688310e-04,5.132358131711824978e-01,4.045108469994941570e-04
1.293660162241969010e+04,4.376556111297315033e-01,1.987013083280332918e-04,5.092641027694485567e-01,4.542062954558969659e-04
1.299062373810494319e+04,4.332563319880079478e-01,8.077264745467398600e-05,5.054409572369021886e-01,4.710539530001680154e-04
1.304487144541528505e+04,4.289374040699822643e-01,2.065901451145657215e-04,5.018297995614091622e-01,2.883178898253901945e-04
1.309934568640161524e+04,4.246991620737505246e-01,1.220179610772177762e-04,4.981531057792114581e-01,4.193614328006466520e-04
1.315404740704864889e+04,4.204529975828001365e-01,2.080494110788946383e-04,4.942573399833410930e-01,4.477546323454622570e-04
1.320897755729164055e+04,4.162966455010831401e-01,1.388692778120546531e-04,4.905469627311919711e-01,3.751489472597746956e-04
1.326413709103250221e+04,4.121207526507505436e-01,2.200434552629185983e-04,4.868830782365612952e-01,2.635402558436262740e-04
1.331952696615666173e+04,4.080909341082064046e-01,1.488935634070723648e-04,4.833785127212956167e-01,4.476033861473815707e-04
1.337514814454956831e+04,4.040075477034488216e-01,1.253780893220676643e-04,4.797091222935366273e-01,2.797387115519080767e-04
1.343100159211342179e+04,4.000731658324246931e-01,1.789731011608734291e-04,4.760661674418741884e-01,4.321318691435528507e-04
1.348708827878394004e+04,3.960318214274735071e-01,1.377166015922485587e-04,4.727864143990269108e-01,3.987254765092886261e-04
1.354340917854721374e+04,3.921305099397945360e-01,1.502917492471533487e-04,4.690562396447396365e-01,4.261499959263522538e-04
1.359996526945661026e+04,3.882827946508499717e-01,1.103767532451667627e-04,4.657411638037690094e-01,5.198405121032973050e-04
1.365675753364976299e+04,3.845213158924389862e-01,1.024791070235879552e-04,4.624232687478529447e-01,3.130090309016219708e-04
1.371378695736562440e+04,3.807303068336856944e-01,1.363840056400410336e-04,4.586128038138963525e-01,4.980503794133115227e-04
1.377105453096160090e+04,3.769582390456088783e-01,1.961068935163169343e-04,4.553922299236002891e-01,3.991267876800619363e-04
1.382856124893073684e+04,3.732383475068792866e-01,2.037829497696271302e-04,4.520518069701439101e-01,3.511661085342451544e-04
1.388630810991899489e+04,3.695083099134984228e-01,1.117060374984027297e-04,4.487952147266346392e-01,5.879605480687234362e-04
1.394429611674260013e+04,3.659069365272196173e-01,2.025311713939855005e-04,4.456497582602147456e-01,5.279224003373776198e-04
1.400252627640544415e+04,3.622218063481620898e-01,1.235804048884257985e-04,4.421330519641328283e-01,3.813261028008243050e-04
1.406099960011658186e+04,3.588148626101731464e-01,1.671942401231185584e-04,4.389994652765666361e-01,4.228710963742658376e-04
1.411971710330779024e+04,3.551931544150905840e-01,1.716764778834526729e-04,4.357866001625327890e-01,4.455595971683572925e-04
1.417867980565122525e+04,3.517587597212635808e-01,1.617948561355628235e-04,4.324260084778128177e-01,4.401335960551406245e-04
1.423788873107698964e+04,3.482366706766374942e-01,1.661508337080208869e-04,4.293154385322096589e-01,3.340764380829191072e-04
1.429734490779123735e+04,3.448225157049569223e-01,1.328747555874387016e-04,4.261346769387874822e-01,3.741901175685162224e-04
1.435704936829360850e+04,3.415694287042422839e-01,1.636215558995564735e-04,4.231400339351029660e-01,2.795539543430882639e-04
1.441700314939549571e+04,3.382582105972292141e-01,1.693042428150553927e-04,4.198557596223353450e-01,5.257578097016329596e-04
1.447720729223789021e+04,3.348441632282661007e-01,1.060509759833637368e-04,4.166827942625072057e-01,4.676437169125484319e-04
1.453766284230950077e+04,3.316160270761291384e-01,1.180656732231172973e-04,4.137464585140114837e-01,5.103654794497453507e-04
1.459837084946490540e+04,3.284257247334346763e-01,1.409914358315962689e-04,4.107698365529350859e-01,2.738134856743108564e-04
1.465933236794277946e+04,3.251973486837290706e-01,1.415134171906208202e-04,4.076112596097331564e-01,5.169367968578578686e-04
1.472054845638420920e+04,3.220467429030163808e-01,1.379688021842486920e-04,4.047799058998019506e-01,3.483424263783028562e-04
1.478202017785107455e+04,3.188677479525496850e-01,1.570167288846146408e-04,4.016523345100832532e-01,4.566924445443520920e-04
1.484374859984450632e+04,3.158911561619114350e-01,1.407518652944772324e-04,3.989213926467604088e-01,5.250493249368336050e-04
1.490573479432342720e+04,3.127843311197174847e-01,1.464798245679359084e-04,3.957209344726542177e-01,4.142714823978182700e-04
1.496797983772316547e+04,3.096307895305748237e-01,1.466960473418151803e-04,3.931852160419730957e-01,5.202144844285094220e-04
1.503048481097415424e+04,3.066582772102036669e-01,1.842443703969174219e-04,3.901430783335313457e-01,4.810067250851523700e-04
1.509325079952069063e+04,3.037062307317462961e-01,1.538719910390483293e-04,3.872551403356560007e-01,3.935104225325419054e-04
1.515627889333979692e+04,3.007649002286822970e-01,2.085833325983054830e-04,3.844851735159708350e-01,4.876067992018102743e-04
1.521957018696013984e+04,2.978789579077840144e-01,1.773359052758653742e-04,3.815747285716667991e-01,3.300453921926377429e-04
1.528312577948104627e+04,2.950313950791588757e-01,1.187270363487129699e-04,3.787716309845740037e-01,3.943774014545124371e-04
1.534694677459161539e+04,2.921658174033521238e-01,1.657090242799900417e-04,3.761114314405520354e-01,3.964687162087937415e-04
1.541103428058972713e+04,2.893014808964148865e-01,1.995205617042900015e-04,3.737011400739652101e-01,3.186350075104193709e-04
1.547538941040164173e+04,2.864209094673709211e-01,1.698165200879328323e-04,3.706259281330565036e-01,6.241681982652461580e-04
1.554001328160087724e+04,2.837109884880532618e-01,1.252378057226511082e-04,3.680046931862778758e-01,5.246062934280918810e-04
1.560490701642796921e+04,2.809655107322449608e-01,1.625787359610299395e-04,3.652381493155145153e-01,6.704416648955768832e-04
1.567007174180979746e+04,2.784011857982258697e-01,1.544422608104766188e-04,3.627976708916278992e-01,6.286590366810258920e-04
1.573550858937919475e+04,2.756738870483106396e-01,1.379446647714863453e-04,3.594727511095242578e-01,4.359346880249502900e-04
1.580121869549458643e+04,2.730666088591605645e-01,1.540144502121183246e-04,3.570778080406339927e-01,5.554957842277440843e-04
1.586720320125973740e+04,2.704072837288957754e-01,1.446395382686732135e-04,3.545039429838161560e-01,4.909919550648550847e-04
1.593346325254355725e+04,2.678754713465967274e-01,2.164255857542169564e-04,3.518421148816808786e-01,5.855664892011945653e-04
1.600000000000000909e+04,2.653097238938010860e-01,1.741253036215628593e-04,3.496150465590086576e-01,4.217697992282316171e-04
