# #Freq[Hz], #Gain_mean[a.u.], #Gain_std[a.u.], #Phase_mean[rad], #Phase_std[rad]
2.000000000000000227e+03,1.232570672169959858e+00,2.749032510285073956e-04,2.882570133562980086e+00,2.136974611724069004e-04
2.008351824886009126e+03,1.233152636164406513e+00,3.486864622649911124e-04,2.881284973027470997e+00,2.595656977753774217e-04
2.016738526261481411e+03,1.233508054633249973e+00,3.636219583999418807e-04,2.880169753377646025e+00,2.125478563595602189e-04
2.025160249767583082e+03,1.234058569941974381e+00,4.863465541477836719e-04,2.878932127982687827e+00,2.618168394498910029e-04
2.033617141653665612e+03,1.234477610721870899e+00,4.235371631185957052e-04,2.877726155431183486e+00,2.534817195295124229e-04
2.042109348779806396e+03,1.235024994499569040e+00,3.280523532556384007e-04,2.876473446573459825e+00,2.050325738336924617e-04
2.050637018619351693e+03,1.235485143670864039e+00,3.676963516940856221e-04,2.875342364150197394e+00,2.086706675670097475e-04
2.059200299261489818e+03,1.236010685884273652e+00,4.400287023055982484e-04,2.874099144937642958e+00,2.749073357678836734e-04
2.067799339413814323e+03,1.236419948699779114e+00,3.567759379501545414e-04,2.872846821512506477e+00,3.312521776900899427e-04
2.076434288404908784e+03,1.236962417235516920e+00,3.678439452398499557e-04,2.871622148077297432e+00,2.110655935830460777e-04
2.085105296186939995e+03,1.237432999175445136e+00,4.689102607962593251e-04,2.870351890817735896e+00,2.515557715505080394e-04
2.093812513338261851e+03,1.237977018668109164e+00,4.080359649901610809e-04,2.869100405841318313e+00,2.221331654401711205e-04
2.102556091066029239e+03,1.238640193816919588e+00,3.590563337436511633e-04,2.867771099333968010e+00,2.153016701909529090e-04
2.111336181208826929e+03,1.239022765397203907e+00,2.914589085586083666e-04,2.866488544188653176e+00,3.009103105935327085e-04
2.120152936239304381e+03,1.239536916878780648e+00,4.991139010481921443e-04,2.865283355507453056e+00,2.710995761871180516e-04
2.129006509266818739e+03,1.240110059440464152e+00,3.890396534136194217e-04,2.863997057332330343e+00,2.347829740717464152e-04
2.137897054040103285e+03,1.240685478873880365e+00,3.719388596012727466e-04,2.862647466024553999e+00,1.748158013499102696e-04
2.146824724949931806e+03,1.241157931178397789e+00,4.258626015601495087e-04,2.861328675565649959e+00,1.893394606275060929e-04
2.155789677031800238e+03,1.241731293969429606e+00,3.780323479752491353e-04,2.860013934285591919e+00,2.123796132701048452e-04
2.164792065968617862e+03,1.242292017620473699e+00,3.726363629330153209e-04,2.858677696707450977e+00,2.601574211943348991e-04
2.173832048093413505e+03,1.242778253359010820e+00,4.647168842267329581e-04,2.857428413854289140e+00,2.634439599855128815e-04
2.182909780392048560e+03,1.243616058306040939e+00,5.001525700674295865e-04,2.856014307615907022e+00,2.209896565856832242e-04
2.192025420505943657e+03,1.243926049794116029e+00,3.269136131704262365e-04,2.854698855972528371e+00,2.741290844059600493e-04
2.201179126734816691e+03,1.244578955436156376e+00,3.781551798824333579e-04,2.853330934575068589e+00,2.695968950828424109e-04
2.210371058039432683e+03,1.245122998400134184e+00,4.481091689150950479e-04,2.852011910965241981e+00,1.981104419742922194e-04
2.219601374044356362e+03,1.245657450397292365e+00,3.967503614083472269e-04,2.850578107108401760e+00,2.090234370218582304e-04
2.228870235040737953e+03,1.246247975409528141e+00,3.177446293256941628e-04,2.849262655497402985e+00,2.905798497396325101e-04
2.238177801989086674e+03,1.246882726440436295e+00,4.408427499031090566e-04,2.847910315884949917e+00,1.804220741512098727e-04
2.247524236522069259e+03,1.247462466718752383e+00,3.330570962239645530e-04,2.846596634719832597e+00,2.741353263078845793e-04
2.256909700947316196e+03,1.248151013281737498e+00,5.689901368355109249e-04,2.845016577464980490e+00,1.939449828879077399e-04
2.266334358250239347e+03,1.248747658918587744e+00,2.481159601494761259e-04,2.843685581135303231e+00,2.380065066448975013e-04
2.275798372096865023e+03,1.249254055814826847e+00,4.730884106419308674e-04,2.842328507965447670e+00,1.783821545798856898e-04
2.285301906836673879e+03,1.249961918491178992e+00,3.306427753588802600e-04,2.840869838812766002e+00,2.573153089498122245e-04
2.294845127505457185e+03,1.250562040600456282e+00,4.751536844862121450e-04,2.839455694044711542e+00,2.300113385080305702e-04
2.304428199828175366e+03,1.251023252361975313e+00,3.859235241946390145e-04,2.838101372096861752e+00,2.452838495549174115e-04
2.314051290221848376e+03,1.251774333229145775e+00,3.423591777643717241e-04,2.836543945931341071e+00,1.920489194069250791e-04
2.323714565798436070e+03,1.252408157172678393e+00,4.025423694868520124e-04,2.835202470908794403e+00,2.627839564787388168e-04
2.333418194367744491e+03,1.253196371985349167e+00,3.163791744709499362e-04,2.833558574173931088e+00,2.433053340083081830e-04
2.343162344440337620e+03,1.253665904458927116e+00,3.439651833750920792e-04,2.832285418367637142e+00,2.593619934948645546e-04
2.352947185230465493e+03,1.254402782540739336e+00,4.573537477802868258e-04,2.830757744264656317e+00,1.887349125369610335e-04
2.362772886659001870e+03,1.255051428911515776e+00,2.289255930311360468e-04,2.829228425475325270e+00,2.285284105426668700e-04
2.372639619356394633e+03,1.255594047229312116e+00,3.386156149574570369e-04,2.827813949535781468e+00,2.293871435472135897e-04
2.382547554665633015e+03,1.256440496330450962e+00,4.959303926740416153e-04,2.826263686320837909e+00,2.674852255078756969e-04
2.392496864645211190e+03,1.257092214350691517e+00,3.480353416747886792e-04,2.824766533699415660e+00,2.879390341036082521e-04
2.402487722072131874e+03,1.257667091046244412e+00,3.637466740404345479e-04,2.823223595451109347e+00,1.754191177775025221e-04
2.412520300444898567e+03,1.258505909748653506e+00,3.735101061969193343e-04,2.821653098748139854e+00,3.153804045561545599e-04
2.422594773986527343e+03,1.259149104494832194e+00,3.751696536714814846e-04,2.820199161577517266e+00,2.250973007682978303e-04
2.432711317647575015e+03,1.259805315704614515e+00,2.894168518298354236e-04,2.818644069515538142e+00,2.519025701868273068e-04
2.442870107109177297e+03,1.260427775388678340e+00,5.170005118660438983e-04,2.817020865718518507e+00,2.584863714706286627e-04
2.453071318786098345e+03,1.261219715313931289e+00,2.920571222906766891e-04,2.815425639918959888e+00,2.868206574094404925e-04
2.463315129829794387e+03,1.261923099390823255e+00,5.559271786013103957e-04,2.813875708367652440e+00,2.133843389681435137e-04
2.473601718131494181e+03,1.262610661537598489e+00,3.947805758395033166e-04,2.812333922857200630e+00,2.194656016690270329e-04
2.483931262325276748e+03,1.263337072630021263e+00,4.987532974847563383e-04,2.810674847908931184e+00,3.002038021304503576e-04
2.494303941791188663e+03,1.264076112699940690e+00,3.623662713477442208e-04,2.809122665551645248e+00,2.385964059188261030e-04
2.504719936658349525e+03,1.264941495042263275e+00,5.423193189773640359e-04,2.807516801226372039e+00,3.454797607852600838e-04
2.515179427808082437e+03,1.265586051172620463e+00,4.111225142674187821e-04,2.805861032559289647e+00,2.381260572025925061e-04
2.525682596877055403e+03,1.266425697922550775e+00,4.361980639165367228e-04,2.804275213179896475e+00,2.898980223995622617e-04
2.536229626260434088e+03,1.267208185432557865e+00,2.769144037080483942e-04,2.802672316192144741e+00,2.904618702286883682e-04
2.546820699115051411e+03,1.267895621928347039e+00,4.266544853630230456e-04,2.800946112880261296e+00,2.639041548878265494e-04
2.557455999362587136e+03,1.268723197239631784e+00,4.755883681793873015e-04,2.799309590227816891e+00,2.101408736695579678e-04
2.568135711692762015e+03,1.269446138676064706e+00,4.279437706908916037e-04,2.797661802871821202e+00,2.414825083913417231e-04
2.578860021566546493e+03,1.270249748746073992e+00,4.951003102225645961e-04,2.795966798193826097e+00,2.340381530218853625e-04
2.589629115219373034e+03,1.271071411243265725e+00,4.433280528479764779e-04,2.794280853392895558e+00,3.119486155111919168e-04
2.600443179664383933e+03,1.271834840331719452e+00,4.935885634284037501e-04,2.792507610710307286e+00,2.381874372303684488e-04
2.611302402695670935e+03,1.272719566715590389e+00,4.582751363246167554e-04,2.790788781648151584e+00,2.841669546342840335e-04
2.622206972891534861e+03,1.273481529284171021e+00,4.453548500873980628e-04,2.789191538134738746e+00,1.989162557181347549e-04
2.633157079617765703e+03,1.274466432296801788e+00,4.247967691971247942e-04,2.787385179264304291e+00,2.035932667689891286e-04
2.644152913030926811e+03,1.275119230591365449e+00,3.665393818559770501e-04,2.785642559583350497e+00,3.608460804640425002e-04
2.655194664081659084e+03,1.275934171350270985e+00,4.506777167565494254e-04,2.783942332278136256e+00,2.198092151840401378e-04
2.666282524517996990e+03,1.276927828122455200e+00,3.647679116673094063e-04,2.782064519118819579e+00,2.115225677861047116e-04
2.677416686888699587e+03,1.277713923183536826e+00,4.560462789186271173e-04,2.780295800929843075e+00,2.818336988443618249e-04
2.688597344546586100e+03,1.278549537331500119e+00,3.614978100657406808e-04,2.778487592544574891e+00,2.809341664419513578e-04
2.699824691651906960e+03,1.279395232155458029e+00,4.923429423740711356e-04,2.776721749229252190e+00,2.861731523671927823e-04
2.711098923175706659e+03,1.280283273745402628e+00,4.360846260548133994e-04,2.774952582098960452e+00,2.802902294192779423e-04
2.722420234903212076e+03,1.281322580879261874e+00,4.611119170963780571e-04,2.773039888025801591e+00,2.535757440669449635e-04
2.733788823437231713e+03,1.282198257115127138e+00,4.551244765082992916e-04,2.771365680050471347e+00,2.528637077103412659e-04
2.745204886201569479e+03,1.282865511347541787e+00,4.133263955516984847e-04,2.769461209628926834e+00,2.017334228196240409e-04
2.756668621444455312e+03,1.284004683823767312e+00,5.053227798649243723e-04,2.767509768295526307e+00,1.441242310797251835e-04
2.768180228241985333e+03,1.284729320104050831e+00,3.467506418542687353e-04,2.765708921295269906e+00,2.312616187634989012e-04
2.779739906501582482e+03,1.285791741027159985e+00,5.374285116769952127e-04,2.763809552706802730e+00,2.398793690360134432e-04
2.791347856965458504e+03,1.286631427128669625e+00,4.761230472413171492e-04,2.761908375495066625e+00,2.842475691728331639e-04
2.803004281214114599e+03,1.287635650982253299e+00,5.543495917082349143e-04,2.759900408938696703e+00,1.929375238875724152e-04
2.814709381669831600e+03,1.288665873483693103e+00,5.922775445856574882e-04,2.757973285310866718e+00,2.290965134309039155e-04
2.826463361600187909e+03,1.289574647447192746e+00,5.346333671118278777e-04,2.756142038437563890e+00,2.393884516134634963e-04
2.838266425121590146e+03,1.290433251850566787e+00,4.689063747336956250e-04,2.754193941289250880e+00,2.288938365311076546e-04
2.850118777202817455e+03,1.291466985688237257e+00,4.169774271258193756e-04,2.752258072648365861e+00,2.656041541859841437e-04
2.862020623668578992e+03,1.292392055870826839e+00,4.205734144990862992e-04,2.750292712203934009e+00,1.909124757114601914e-04
2.873972171203092330e+03,1.293526857991370571e+00,4.457199536911684288e-04,2.748232856263583379e+00,1.588344159097870021e-04
2.885973627353670508e+03,1.294422771217213164e+00,5.225910788020076553e-04,2.746307137159930356e+00,2.507937843030090628e-04
2.898025200534319538e+03,1.295276877739597099e+00,4.715404937195337908e-04,2.744323956959878963e+00,2.045357385042482525e-04
2.910127100029371377e+03,1.296525717460914162e+00,3.302464756877878478e-04,2.742169631015134001e+00,2.081020144581763765e-04
2.922279535997108269e+03,1.297269992388812909e+00,3.479409307585746300e-04,2.740274595375888911e+00,2.699939296698846965e-04
2.934482719473416182e+03,1.298354408083885803e+00,5.225142370353642830e-04,2.738155116986676685e+00,2.301611292636940895e-04
2.946736862375446435e+03,1.299565986983087118e+00,4.366489630898626184e-04,2.736056193884134569e+00,2.107827314303394614e-04
2.959042177505300060e+03,1.300533226922622632e+00,5.019230296587493456e-04,2.734019391537020560e+00,2.451483842611928434e-04
2.971398878553719442e+03,1.301421692064748115e+00,4.870303018868085785e-04,2.731979372208209522e+00,2.052785946005807765e-04
2.983807180103801329e+03,1.302566944075391309e+00,4.528546529230722010e-04,2.729777604254749690e+00,2.014511171019487768e-04
2.996267297634723036e+03,1.303654211615754566e+00,5.303885181086393430e-04,2.727724079081880415e+00,2.884006450735076481e-04
3.008779447525486376e+03,1.304623336222489938e+00,4.483628427317492941e-04,2.725667531984046210e+00,2.668930968267407247e-04
3.021343847058663869e+03,1.305950460159862159e+00,4.242947616367314669e-04,2.723353353614358152e+00,2.215253162456078573e-04
3.033960714424191337e+03,1.306919946207336203e+00,5.369999033358015868e-04,2.721248182011161809e+00,1.845580924218580938e-04
3.046630268723141853e+03,1.308063271013094164e+00,5.728377757769838622e-04,2.719007647052392063e+00,2.412128327834501987e-04
3.059352729971536974e+03,1.309030587660174216e+00,6.402643784605312324e-04,2.716876900453605082e+00,1.833140027186108321e-04
3.072128319104164802e+03,1.310382265964051385e+00,5.254337448635236800e-04,2.714627800444482375e+00,1.917473646624299512e-04
3.084957257978418056e+03,1.311306021878268835e+00,4.355888299703780057e-04,2.712484526779980420e+00,2.148660881865264939e-04
3.097839769378147139e+03,1.312482981460447951e+00,5.240672661595485249e-04,2.710241261715453653e+00,2.306149997104441996e-04
3.110776077017530497e+03,1.313777477415620343e+00,5.149037483078343575e-04,2.707852415322822726e+00,2.041790379779985379e-04
3.123766405544948611e+03,1.314797392545643984e+00,4.559393605589516052e-04,2.705664772202491797e+00,2.517348700203885631e-04
3.136810980546903011e+03,1.315939013256659962e+00,7.549148910692784521e-04,2.703382399628387667e+00,1.009968035588062259e-04
3.149910028551922096e+03,1.317102354653625351e+00,5.275335630480130046e-04,2.701104214834362693e+00,2.761294324002657244e-04
3.163063777034496525e+03,1.318258102417667832e+00,4.233667820016039324e-04,2.698769446175660391e+00,2.591644394582000147e-04
3.176272454419031419e+03,1.319574336741452081e+00,5.761312562197613537e-04,2.696465499756196316e+00,2.350104834277838485e-04
3.189536290083812219e+03,1.320741923169752585e+00,4.610414162825011248e-04,2.694115024128657332e+00,2.513626399935784610e-04
3.202855514364987812e+03,1.321885772466623310e+00,5.585008410995463170e-04,2.691716268090465825e+00,2.399782432621260311e-04
3.216230358560569584e+03,1.323124616451190949e+00,6.003413890158158751e-04,2.689369346661346860e+00,2.222315565180801075e-04
3.229661054934451386e+03,1.324529606828027450e+00,4.590466120836047843e-04,2.686968062012439873e+00,3.195574633027124822e-04
3.243147836720442683e+03,1.325752424041920730e+00,5.439838019183081781e-04,2.684455961430133542e+00,3.115056783348538433e-04
3.256690938126306264e+03,1.327027713485548599e+00,5.406771716532385395e-04,2.682094487485696455e+00,1.922268928897295597e-04
3.270290594337847779e+03,1.328238290042889513e+00,6.119387625275224830e-04,2.679624689135452265e+00,1.681163121446274211e-04
3.283947041522983909e+03,1.329525061971310596e+00,4.172033762892111042e-04,2.677173687486029685e+00,2.655078805124802608e-04
3.297660516835847375e+03,1.330767846668108989e+00,5.399545650905784302e-04,2.674666828842459321e+00,2.293168378278389783e-04
3.311431258420906488e+03,1.332163702073899447e+00,4.974217400865363868e-04,2.672068604385858581e+00,2.638749864019062155e-04
3.325259505417100627e+03,1.333500389351780502e+00,5.531806077037862857e-04,2.669663221366785688e+00,2.069737164616550847e-04
3.339145497961990714e+03,1.334835100904662619e+00,4.675117448746357032e-04,2.667119563217320355e+00,2.702783130265777926e-04
3.353089477195932432e+03,1.336148888271856183e+00,5.525947550400404744e-04,2.664507379359206674e+00,1.114741974384578731e-04
3.367091685266265358e+03,1.337547969980822149e+00,4.673262528252012629e-04,2.661886277627402819e+00,1.601891287356742820e-04
3.381152365331505735e+03,1.338957175937421917e+00,5.231354833143150949e-04,2.659310946016781863e+00,2.201184412533013356e-04
3.395271761565587440e+03,1.340178380050111029e+00,6.396924523230276393e-04,2.656604556989146548e+00,2.680556236186180702e-04
3.409450119162091141e+03,1.341678576848794879e+00,6.991686307868495232e-04,2.654028376966014680e+00,2.663189352519935603e-04
3.423687684338503004e+03,1.342992111746049932e+00,6.451094641793054998e-04,2.651390675938475106e+00,2.229771071628201113e-04
3.437984704340493408e+03,1.344553894431047114e+00,5.718297369359168474e-04,2.648665066414308544e+00,2.071608838483365216e-04
3.452341427446207945e+03,1.345808862064306055e+00,5.067719478995002559e-04,2.645918023454896240e+00,1.595819929019906362e-04
3.466758102970580239e+03,1.347268892599542189e+00,5.338574228351169581e-04,2.643120220674491261e+00,3.459866385667133455e-04
3.481234981269661603e+03,1.348777718210213861e+00,6.725219390687358929e-04,2.640502703271829343e+00,2.816220729357292690e-04
3.495772313744967960e+03,1.350134582085965373e+00,6.210162306112195245e-04,2.637746654438386518e+00,1.510078589821771216e-04
3.510370352847849517e+03,1.351595343225779233e+00,5.961043389288284405e-04,2.634965313984731772e+00,1.272215309488120233e-04
3.525029352083860886e+03,1.353282769239574357e+00,8.133871973098733520e-04,2.632011759673001272e+00,1.443109976265318189e-04
3.539749566017183952e+03,1.354741703080272863e+00,6.393701068904263053e-04,2.629224521525288072e+00,2.446413763986624327e-04
3.554531250275034381e+03,1.356004142317558614e+00,5.653251830149368497e-04,2.626486118196201147e+00,1.876600678993858504e-04
3.569374661552106318e+03,1.357568195683720003e+00,6.362736803945856414e-04,2.623608025661804621e+00,2.249231497528514508e-04
3.584280057615026635e+03,1.359102085882638367e+00,6.164363680689211988e-04,2.620653817227519333e+00,2.471774831453225321e-04
3.599247697306833743e+03,1.360954589924522118e+00,5.846434772916155520e-04,2.617678975772177896e+00,2.437873663906105074e-04
3.614277840551472764e+03,1.362318466697093111e+00,7.634112083897775201e-04,2.614721636637037161e+00,1.553874401461833297e-04
3.629370748358310721e+03,1.363969307236095663e+00,5.514675226395373718e-04,2.611713194643769498e+00,2.303436183178504118e-04
3.644526682826656270e+03,1.365471250802736902e+00,6.266745396306662398e-04,2.608802079403548024e+00,1.935585045730071343e-04
3.659745907150334006e+03,1.367017283462003352e+00,6.433208999302516976e-04,2.605687847040942806e+00,2.283097774770382607e-04
3.675028685622237845e+03,1.368718235389789317e+00,5.534625275088898757e-04,2.602647853303490688e+00,1.972825940937405782e-04
3.690375283638925794e+03,1.370472159978397775e+00,7.284235364147614205e-04,2.599580990942587544e+00,1.766676604532980705e-04
3.705785967705229723e+03,1.371953406367488748e+00,6.192314057344780595e-04,2.596321590548982261e+00,2.186492139339511883e-04
3.721261005438881512e+03,1.373612408554273578e+00,6.076586586052834440e-04,2.593358931202084605e+00,2.117835546145327679e-04
3.736800665575161020e+03,1.375402433111075018e+00,7.375527723535647189e-04,2.590029313285079127e+00,2.086149149595151674e-04
3.752405217971563616e+03,1.376982700158337014e+00,7.431550819361826743e-04,2.587004509148163489e+00,2.676432046410806911e-04
3.768074933612485893e+03,1.378761590340287890e+00,6.628567683190295708e-04,2.583602913314291705e+00,1.799464723750920600e-04
3.783810084613935487e+03,1.380341712815461364e+00,7.840345844232801372e-04,2.580538638263492057e+00,2.362803458370893071e-04
3.799610944228240442e+03,1.382073084701946453e+00,6.815496688521439613e-04,2.577129244987513168e+00,1.697689798497281752e-04
3.815477786848819051e+03,1.383863938762879719e+00,6.858974546940314323e-04,2.573907203701217394e+00,2.462125360137735618e-04
3.831410888014928332e+03,1.385586219489389981e+00,6.249621614615563214e-04,2.570497100012586689e+00,3.070091070256910585e-04
3.847410524416452517e+03,1.387347707755041126e+00,6.366429322162591364e-04,2.567204567294467221e+00,2.550637721737626824e-04
3.863476973898709275e+03,1.389128536579374851e+00,8.144896616462568269e-04,2.563793533534415303e+00,2.877324851685279274e-04
3.879610515467274126e+03,1.390851394624524229e+00,5.952062773258583834e-04,2.560338809384767433e+00,2.669768179834907155e-04
3.895811429292824869e+03,1.392717116228680885e+00,6.613012431653549203e-04,2.556802183133275008e+00,2.389775910133517557e-04
3.912079996716011919e+03,1.394500192377523984e+00,7.229904790231575810e-04,2.553415027413847405e+00,2.538845049337070531e-04
3.928416500252327296e+03,1.396136589187540133e+00,6.085397801593593788e-04,2.549902973254069671e+00,2.004784160739499254e-04
3.944821223597034987e+03,1.398025363983701030e+00,7.893098482634946849e-04,2.546289289252306354e+00,1.710907135391508778e-04
3.961294451630081767e+03,1.399677257823484622e+00,5.986279430334013815e-04,2.542829350823505585e+00,1.939052597137431002e-04
3.977836470421048489e+03,1.401709233753902994e+00,7.063026839347829548e-04,2.539174609733270582e+00,2.825544021556360683e-04
3.994447567234116377e+03,1.403454263864721829e+00,6.062275415586613949e-04,2.535621011660117663e+00,2.683627852413603956e-04
4.011128030533058336e+03,1.405121926700023893e+00,7.680509687896428482e-04,2.532042858123157547e+00,2.709476962089107325e-04
4.027878149986245262e+03,1.407283099782026259e+00,6.911571435820731751e-04,2.528110208564043226e+00,2.862956979358459940e-04
4.044698216471678734e+03,1.409106977045305076e+00,8.006800545003405585e-04,2.524468548312076344e+00,2.091699370680063770e-04
4.061588522082040527e+03,1.410985961895175889e+00,7.073865778247238932e-04,2.520681679489117144e+00,1.950429699967957020e-04
4.078549360129767138e+03,1.412847883147996253e+00,7.778345841863414795e-04,2.516843347613303195e+00,1.972514789162745433e-04
4.095581025152145230e+03,1.414785808884071461e+00,7.140130045794680939e-04,2.513081414686953341e+00,1.775962523066779630e-04
4.112683812916410716e+03,1.416685551086335648e+00,8.062461599713491474e-04,2.509160291963195455e+00,1.649180209538294467e-04
4.129858020424911956e+03,1.418495965752531118e+00,5.984039537391133571e-04,2.505306716120617949e+00,1.449422276913311036e-04
4.147103945920245678e+03,1.420511937371306432e+00,7.151154761477993569e-04,2.501399924443930889e+00,1.572582850454708604e-04
4.164421888890447008e+03,1.422431360583759741e+00,6.332604063855572230e-04,2.497358090997242819e+00,2.672354308738962938e-04
4.181812150074184501e+03,1.424412078639200940e+00,7.252966832499455020e-04,2.493316976195600887e+00,1.584003149551144803e-04
4.199275031465987013e+03,1.426416307644698511e+00,8.201719849926127201e-04,2.489153532622442988e+00,3.295000877829281564e-04
4.216810836321483293e+03,1.428372238747014134e+00,8.545850167124156762e-04,2.485266274996613678e+00,1.616505066538623909e-04
4.234419869162678879e+03,1.430377226180421291e+00,6.260398171474767463e-04,2.481044899336970477e+00,3.118290443872565780e-04
4.252102435783220244e+03,1.432313560713035727e+00,8.336311158704804618e-04,2.476790551708096810e+00,2.601989173177125174e-04
4.269858843253737177e+03,1.434345880518528293e+00,7.704788401592157490e-04,2.472668380871643645e+00,3.317962332876977323e-04
4.287689399927153318e+03,1.436501042050312149e+00,8.241918504862695690e-04,2.468330244660697392e+00,1.858750969478196232e-04
4.305594415444046717e+03,1.438365508154281880e+00,7.316322555665796899e-04,2.464084644654962464e+00,2.798629795187460327e-04
4.323574200738030413e+03,1.440453233948789435e+00,8.062758587960951791e-04,2.459662633616541694e+00,2.636907571574455917e-04
4.341629068041145729e+03,1.442406961308593250e+00,7.633315329101052725e-04,2.455457966033687267e+00,2.833980550039825693e-04
4.359759330889288321e+03,1.444550546505775968e+00,7.817143278079143618e-04,2.450952951704503668e+00,2.252660576963351035e-04
4.377965304127653326e+03,1.446489170842281791e+00,8.617558227791915311e-04,2.446633499418108926e+00,1.508808242628402387e-04
4.396247303916202327e+03,1.448697803611074253e+00,8.158161765333132734e-04,2.442011121546535435e+00,1.933374032437851469e-04
4.414605647735154889e+03,1.450616510723407915e+00,8.707656882211847011e-04,2.437618295610803454e+00,2.036596527400344372e-04
4.433040654390490090e+03,1.452821338202550328e+00,8.824342231383862150e-04,2.432780044280137055e+00,1.897777494101787657e-04
4.451552644019503532e+03,1.454722460987410315e+00,7.855918167497234978e-04,2.428398507222300218e+00,3.129639516086000573e-04
4.470141938096354352e+03,1.456807219591816915e+00,8.411633312816491634e-04,2.423684354403913943e+00,1.620671681500259994e-04
4.488808859437646788e+03,1.458836195711665784e+00,9.541394329679398281e-04,2.418892927412252813e+00,2.954651755809194506e-04
4.507553732208041765e+03,1.460912030097758052e+00,8.883477589719873061e-04,2.414360004549822580e+00,2.595881955133240589e-04
4.526376881925880298e+03,1.462936703737691913e+00,1.011501805572363093e-03,2.409462195850771149e+00,2.550929016547398066e-04
4.545278635468842367e+03,1.465095865450882773e+00,9.040282012886975953e-04,2.404600315806833422e+00,2.125701953103061558e-04
4.564259321079623078e+03,1.467071172820953118e+00,7.909841902642142158e-04,2.399746865573650911e+00,2.410903383514889815e-04
4.583319268371618818e+03,1.469316735716582389e+00,9.222654960784082987e-04,2.394650622138129403e+00,3.298624667990780095e-04
4.602458808334674359e+03,1.471213322870070561e+00,8.487849109032265423e-04,2.389898207369685501e+00,2.480102065639921537e-04
4.621678273340814485e+03,1.473296215529723119e+00,8.602123092461661739e-04,2.384838711039667380e+00,2.194044008481655891e-04
4.640977997150021110e+03,1.475420120098207777e+00,9.706222179938650161e-04,2.379734278660255775e+00,2.052348086835399123e-04
4.660358314916030395e+03,1.477403320805144249e+00,9.126337887482406999e-04,2.374556828416623411e+00,1.941075425532321624e-04
4.679819563192147143e+03,1.479433512542126294e+00,8.576252604281439911e-04,2.369311989555517695e+00,3.385322920052754323e-04
4.699362079937097405e+03,1.481382723255066702e+00,9.855653264060912702e-04,2.364175971827667588e+00,3.136652678948244604e-04
4.718986204520890169e+03,1.483608613938112830e+00,8.436435519310336861e-04,2.358828227329022198e+00,2.844816881460849310e-04
4.738692277730714522e+03,1.485573867886814892e+00,9.992323646560929366e-04,2.353667492730209254e+00,2.801591942471086177e-04
4.758480641776859557e+03,1.487703812754910038e+00,9.962705596523299591e-04,2.348267037544291558e+00,4.017455113822733428e-04
4.778351640298656093e+03,1.489664264665123694e+00,1.006365542650058086e-03,2.342950193580063623e+00,2.939489719967613296e-04
4.798305618370430238e+03,1.491679865418565676e+00,9.895231691557611949e-04,2.337396469054194181e+00,2.949110395893276616e-04
4.818342922507521507e+03,1.493682857938327890e+00,9.095147598419981794e-04,2.331909415326523849e+00,2.884778663481604027e-04
4.838463900672283671e+03,1.495612359037728822e+00,1.061467363744019680e-03,2.326365213915049246e+00,3.641952198281864076e-04
4.858668902280128350e+03,1.497443421586306611e+00,1.004266563503578838e-03,2.320795669845088227e+00,2.508088311289188767e-04
4.878958278205598617e+03,1.499621879528275858e+00,9.829472037825169768e-04,2.314947946806099388e+00,3.078104465140992906e-04
4.899332380788457158e+03,1.501517104886212817e+00,8.441717601273021447e-04,2.309330827271930620e+00,3.532652515328081047e-04
4.919791563839806258e+03,1.503482631724292862e+00,1.097926308326310383e-03,2.303555857143786856e+00,3.236718420132237242e-04
4.940336182648238719e+03,1.505461507590691861e+00,9.269582172328458313e-04,2.297622910440592303e+00,4.613003842540010051e-04
4.960966593985984218e+03,1.507260823325967447e+00,8.800667987933950224e-04,2.291859818446670971e+00,3.708762370792232960e-04
4.981683156115140264e+03,1.509056576927111593e+00,9.700309653293209084e-04,2.285955959331140708e+00,3.041092277933659283e-04
5.002486228793866758e+03,1.511024355094555904e+00,1.005965236171362139e-03,2.279884503890913461e+00,3.274730886939115904e-04
5.023376173282646050e+03,1.512826335596101357e+00,9.785484591279651218e-04,2.273892586328450705e+00,2.132572216243810732e-04
5.044353352350548448e+03,1.514759404140037180e+00,1.132716017620936152e-03,2.267720700296905978e+00,3.387955682921189003e-04
5.065418130281540471e+03,1.516525297984186116e+00,1.035075232598785169e-03,2.261636328259903017e+00,4.058123511996369957e-04
5.086570872880804018e+03,1.518310247307903982e+00,8.796421889183200392e-04,2.255427369923416414e+00,2.119546171535339086e-04
5.107811947481091011e+03,1.520013557544331650e+00,1.056092202767562518e-03,2.249108768732193120e+00,4.170118758869513563e-04
5.129141722949103496e+03,1.521935709329823805e+00,1.074381547539292022e-03,2.242839196912993494e+00,2.826103005040770050e-04
5.150560569691905584e+03,1.523534021770323488e+00,1.092034140322351585e-03,2.236542054481520658e+00,2.987763782458084812e-04
5.172068859663329931e+03,1.525259248906645437e+00,1.085488073356444955e-03,2.229931901942958206e+00,3.413243741202715465e-04
5.193666966370474256e+03,1.526855844180351918e+00,1.055818083226159505e-03,2.223725394015231505e+00,4.479989653207144926e-04
5.215355264880161485e+03,1.528482213678196588e+00,1.072510347182307252e-03,2.216949782329364460e+00,3.111684975936277191e-04
5.237134131825463555e+03,1.530165332180497328e+00,9.596862078776934252e-04,2.210387681693156470e+00,3.031668049784059312e-04
5.259003945412237044e+03,1.531565371130875430e+00,9.588683219290666110e-04,2.203803724506859130e+00,3.627478585702612339e-04
5.280965085425693360e+03,1.533211572636540510e+00,1.049106570747044415e-03,2.197063600857521060e+00,4.484106158019410130e-04
5.303017933236994395e+03,1.534502882872220031e+00,9.902925185381944093e-04,2.190335655405112103e+00,3.000535831761159543e-04
5.325162871809880016e+03,1.536004714151494976e+00,1.211284217831635514e-03,2.183411832542821340e+00,4.450962224390903900e-04
5.347400285707296462e+03,1.537409498325117418e+00,9.717229472614153079e-04,2.176745683644009777e+00,3.886652070152706007e-04
5.369730561098107501e+03,1.538778401969282061e+00,1.029138050350275136e-03,2.169780879850860433e+00,3.871056013826667023e-04
5.392154085763778312e+03,1.539988987751810701e+00,1.215137376959710656e-03,2.162601560208509355e+00,2.884473655663363691e-04
5.414671249105116658e+03,1.541319596536338654e+00,1.027890039848718779e-03,2.155677070100090464e+00,3.350785983768089782e-04
5.437282442149033159e+03,1.542615199887114930e+00,1.059600011692161513e-03,2.148619450785099971e+00,4.321822709356049281e-04
5.459988057555332489e+03,1.543799362479767456e+00,9.392015088267182494e-04,2.141306691101598769e+00,4.750709343927997505e-04
5.482788489623533678e+03,1.544835402908242505e+00,1.058564805592952709e-03,2.134175794631584466e+00,4.701296743972611372e-04
5.505684134299714060e+03,1.546092164933215107e+00,1.072607357900562863e-03,2.126759009121196531e+00,4.606031080752631159e-04
5.528675389183388688e+03,1.546996808321161598e+00,9.730386349760558563e-04,2.119469838788232696e+00,4.173830180441231736e-04
5.551762653534412493e+03,1.548050503254758237e+00,1.021177110615695055e-03,2.111992928912427736e+00,4.670148501227727668e-04
5.574946328279919726e+03,1.548986981794508333e+00,1.057927684828158547e-03,2.104572688670895086e+00,5.421095446651195754e-04
5.598226816021266131e+03,1.549871209768613367e+00,1.078432173784792374e-03,2.097069479067172004e+00,4.297601840656045604e-04
5.621604521041050248e+03,1.550534755656510111e+00,9.465827063920315230e-04,2.089573930374727606e+00,3.797414166280394768e-04
5.645079849310115605e+03,1.551307608213819966e+00,1.126938225793458438e-03,2.081859115051851727e+00,5.315286830030838561e-04
5.668653208494603859e+03,1.551897675276479704e+00,9.219009345851281656e-04,2.074038556631668140e+00,4.643321844430100989e-04
5.692325007963033386e+03,1.552668794803726104e+00,1.010839341996648587e-03,2.066293787638218582e+00,3.861185962192230457e-04
5.716095658793411530e+03,1.553179741278815307e+00,1.065691236685803456e-03,2.058509563290360944e+00,3.213089822318601044e-04
5.739965573780370505e+03,1.553656000435859719e+00,9.638607026331085740e-04,2.050733273995734685e+00,5.271423073389260939e-04
5.763935167442343300e+03,1.553990299198405145e+00,1.088461400762756734e-03,2.042938030341005629e+00,6.286086905460833239e-04
5.788004856028736867e+03,1.554453647679477246e+00,1.050310087832140695e-03,2.034796507815525679e+00,6.656441504033821979e-04
5.812175057527197168e+03,1.554591287272415467e+00,9.513199130444452293e-04,2.026663281180258736e+00,6.734616041744416861e-04
5.836446191670845110e+03,1.554910015569623827e+00,9.484830976464579417e-04,2.018680297546810554e+00,5.667503474989843198e-04
5.860818679945569784e+03,1.554978397399340961e+00,1.038620496857801945e-03,2.010611024215213316e+00,4.539518995066040398e-04
5.885292945597347170e+03,1.555038187647293402e+00,9.531038095965144608e-04,2.002366193795889870e+00,4.785092757909900434e-04
5.909869413639593404e+03,1.554802326416545366e+00,9.349669136672004565e-04,1.994145186791192348e+00,5.481992952933479072e-04
5.934548510860542592e+03,1.554782054590582829e+00,1.051263270231895868e-03,1.985819828800754694e+00,4.909991652730861167e-04
5.959330665830659200e+03,1.554722951196413572e+00,9.672231185776750421e-04,1.977469715800064254e+00,6.148782272377519616e-04
5.984216308910079533e+03,1.554320769221499310e+00,8.809026943392018333e-04,1.969053532325314437e+00,5.605719173837844403e-04
6.009205872256093244e+03,1.553969307646366538e+00,9.297240220951109423e-04,1.960397680751184257e+00,5.755742028287336555e-04
6.034299789830623013e+03,1.553454900268267824e+00,8.892744101932877673e-04,1.951936381402665344e+00,5.914235959435726938e-04
6.059498497407796094e+03,1.552986739345926015e+00,8.125290560905250054e-04,1.943347282676716414e+00,6.310542923818241888e-04
6.084802432581487665e+03,1.552275180059831117e+00,8.303124450458552455e-04,1.934654532177812580e+00,7.293373279764394507e-04
6.110212034772928746e+03,1.551592382161395722e+00,8.323977715236659377e-04,1.925962306881422226e+00,6.626865048766167549e-04
6.135727745238332318e+03,1.550635177882701443e+00,9.288668380477776380e-04,1.917259232714429107e+00,4.881071552758064211e-04
6.161350007076561269e+03,1.549633436779291662e+00,9.005133465673689080e-04,1.908364242379004594e+00,5.921046181580224719e-04
6.187079265236817264e+03,1.548604550035204586e+00,8.710441496024042126e-04,1.899624697205231971e+00,4.794441787212909531e-04
6.212915966526381453e+03,1.547484711439269578e+00,8.594733452476716268e-04,1.890808721084936694e+00,6.985085647387381151e-04
6.238860559618339721e+03,1.546402489976147043e+00,8.145009353103911057e-04,1.881802116160290250e+00,5.596588705403505136e-04
6.264913495059419802e+03,1.544846130329900813e+00,8.391807127545419364e-04,1.872753891915113211e+00,6.244883282257073301e-04
6.291075225277784739e+03,1.543349775937348678e+00,7.140229030202344639e-04,1.863742645329843128e+00,5.306000627414919017e-04
6.317346204590899106e+03,1.541792196270077353e+00,8.566267825928347004e-04,1.854538140283467085e+00,6.266570912732258216e-04
6.343726889213417962e+03,1.540273800343917587e+00,8.917667950500223449e-04,1.845432700353763833e+00,6.796822916485295747e-04
6.370217737265105825e+03,1.538570480787601724e+00,7.623944478166490030e-04,1.836312286048026099e+00,5.877699251105441896e-04
6.396819208778799293e+03,1.536497306471182434e+00,8.538811050254691351e-04,1.827043662330112950e+00,6.456448952876857978e-04
6.423531765708387866e+03,1.534558445736588839e+00,7.643194643058247566e-04,1.817865862790219555e+00,5.453487429314888679e-04
6.450355871936843869e+03,1.532593664566511249e+00,7.715452150828938779e-04,1.808426696307007031e+00,5.854002263725117993e-04
6.477291993284272394e+03,1.530152589179601730e+00,7.576775961068744772e-04,1.799211642735759398e+00,6.888648243288540609e-04
6.504340597516007620e+03,1.527939929789222884e+00,7.480348264281242452e-04,1.789687243201921074e+00,5.893033101861485821e-04
6.531502154350713681e+03,1.525410607802665908e+00,7.693965983590068643e-04,1.780218969062993484e+00,6.721516739772675055e-04
6.558777135468577399e+03,1.522815673877030651e+00,9.189841712703352306e-04,1.770790970590842006e+00,5.569901839205665395e-04
6.586166014519473720e+03,1.520136283458521032e+00,6.295445584900042453e-04,1.761324915628864618e+00,7.058772539481858758e-04
6.613669267131198467e+03,1.517397806922526460e+00,7.392953698625242360e-04,1.751748771915143221e+00,5.502013675660408091e-04
6.641287370917728367e+03,1.514383637413872385e+00,6.469844729287988492e-04,1.742061257217053294e+00,5.581720102099251447e-04
6.669020805487512007e+03,1.511255014307305133e+00,6.956375731447144491e-04,1.732244445125609600e+00,7.362191202146063694e-04
6.696870052451809897e+03,1.508196226904371162e+00,7.153669030124238911e-04,1.722744167939761040e+00,6.725021803242627440e-04
6.724835595433027265e+03,1.504916719698573768e+00,6.608197719616664551e-04,1.713029044837166115e+00,7.784501960372989995e-04
6.752917920073155074e+03,1.501501816179451998e+00,6.359259097579303063e-04,1.703189181325029722e+00,6.081243951113130593e-04
6.781117514042176481e+03,1.497751104001119771e+00,6.183128101061240948e-04,1.693398795920481259e+00,6.942668108670635137e-04
6.809434867046540603e+03,1.494218709612430862e+00,4.961408043635934760e-04,1.683661674803713426e+00,6.722687141383702466e-04
6.837870470837669018e+03,1.490460250435898137e+00,5.878390595395497709e-04,1.673842735917867586e+00,5.819135678622383350e-04
6.866424819220492282e+03,1.486363428676978238e+00,5.413122589941498676e-04,1.663891818510462084e+00,6.194742080980213030e-04
6.895098408062030103e+03,1.482371681801913033e+00,6.539292265646887018e-04,1.653931543824585848e+00,5.767651962873735329e-04
6.923891735299996071e+03,1.478137763543662109e+00,6.123502059098874517e-04,1.644092660796113492e+00,5.151652836893474497e-04
6.952805300951451500e+03,1.473895198533875073e+00,6.655857641241337639e-04,1.634233868504378240e+00,6.440778886589315503e-04
6.981839607121482004e+03,1.469426911427865523e+00,5.179449666871675968e-04,1.624274138295159986e+00,5.695951072538785187e-04
7.010995158011928652e+03,1.464917988657618242e+00,5.691184253464453158e-04,1.614213471707370617e+00,6.760219957038910397e-04
7.040272459930114564e+03,1.460265220510373441e+00,6.033245499438577315e-04,1.604236682977444373e+00,6.136130423616628377e-04
7.069672021297678839e+03,1.455308009977624106e+00,4.066407959216065049e-04,1.594090550142734042e+00,6.913430440411609881e-04
7.099194352659375909e+03,1.450498423307901241e+00,4.810905222596460014e-04,1.583952449394630646e+00,5.828429974304533091e-04
7.128839966691953123e+03,1.445236682606887646e+00,3.733913848590084757e-04,1.573998696207181469e+00,5.897150346668882711e-04
7.158609378213050149e+03,1.440072907644418310e+00,4.223032120103937365e-04,1.563877423308836168e+00,6.772343256507295552e-04
7.188503104190138401e+03,1.434852761019163037e+00,3.604279129467362992e-04,1.553761196604009687e+00,6.228455563062938001e-04
7.218521663749509571e+03,1.429434143785621725e+00,4.879255347491436219e-04,1.543736774707523463e+00,5.748377001698369571e-04
7.248665578185257800e+03,1.423980949335904800e+00,4.954216236134432322e-04,1.533610701657927233e+00,6.455965906155041118e-04
7.278935370968380084e+03,1.418277007668860223e+00,3.710585536753159466e-04,1.523453082162555372e+00,6.374954890371352986e-04
7.309331567755832111e+03,1.412366054883577693e+00,3.978857871523145784e-04,1.513181506216690453e+00,6.917641540129773788e-04
7.339854696399668683e+03,1.406533950136651612e+00,4.814099430357819762e-04,1.503178940685428122e+00,5.988145960239780324e-04
7.370505286956208693e+03,1.400390489952822337e+00,4.984204904159857770e-04,1.492854342424648095e+00,4.750372876429885690e-04
7.401283871695240123e+03,1.394447732126299133e+00,4.915460222462090384e-04,1.482835539540658276e+00,5.409852711411670392e-04
7.432190985109260509e+03,1.388125576510511161e+00,4.838147615916425066e-04,1.472717984257133406e+00,5.850598853106024665e-04
7.463227163922763793e+03,1.381625428859463600e+00,3.916068870235274555e-04,1.462410226899408583e+00,5.774407777731395408e-04
7.494392947101557183e+03,1.375220852583266762e+00,3.202617047638449009e-04,1.452354018131410740e+00,6.117993732525148351e-04
7.525688875862123496e+03,1.368631226321387562e+00,3.145981736781003563e-04,1.442237711840359093e+00,5.140987574755687562e-04
7.557115493681016233e+03,1.362016470890253794e+00,4.136071678697220556e-04,1.432079389863933683e+00,4.689222526382520414e-04
7.588673346304308325e+03,1.355198701282171125e+00,3.874122029124264549e-04,1.421892730537122063e+00,5.501657458201114279e-04
7.620362981757037232e+03,1.348210474774918399e+00,4.311275642028326274e-04,1.411868278532145471e+00,5.386436115855130265e-04
7.652184950352766464e+03,1.341293453449535766e+00,4.244133238067891657e-04,1.401750900663850441e+00,5.022168259359926579e-04
7.684139804703116170e+03,1.334048546421621184e+00,4.339080338453528917e-04,1.391603973843421382e+00,5.559124260199194145e-04
7.716228099727361950e+03,1.326977453687590458e+00,4.429516802603256304e-04,1.381542440822438156e+00,4.804234038983450582e-04
7.748450392662073682e+03,1.319597510319699074e+00,2.796462492445456150e-04,1.371465633965097908e+00,4.733466204549117637e-04
7.780807243070794357e+03,1.312276545325483879e+00,3.517375573621331960e-04,1.361306988784808158e+00,5.799892655829974814e-04
7.813299212853760764e+03,1.304814103401203740e+00,2.451656512776088166e-04,1.351387298183204910e+00,5.447640883222842640e-04
7.845926866257634174e+03,1.297335990506530923e+00,2.778402344226199431e-04,1.341326482703811163e+00,5.185316130708872689e-04
7.878690769885341979e+03,1.289733138607119800e+00,2.107277148170516503e-04,1.331320757803620580e+00,4.845163704437137841e-04
7.911591492705890232e+03,1.282105784287628669e+00,4.246291629034008278e-04,1.321315312144342613e+00,5.841885613543247027e-04
7.944629606064248946e+03,1.274242569160733751e+00,2.212288155184637844e-04,1.311453459706018121e+00,4.870602039619288236e-04
7.977805683691274680e+03,1.266321906712852385e+00,3.567249179908609479e-04,1.301530534796269567e+00,4.576717563231069426e-04
8.011120301713673143e+03,1.258429284965133288e+00,2.518906372629638635e-04,1.291705576730608040e+00,4.638834464204093775e-04
8.044574038664004547e+03,1.250387225094488519e+00,2.158675911198579354e-04,1.281846404027629172e+00,4.302618204111450313e-04
8.078167475490732613e+03,1.242301866872998151e+00,3.011228182285286274e-04,1.271977847866370137e+00,4.591805735141514305e-04
8.111901195568308140e+03,1.234255291850268277e+00,1.915965059981950176e-04,1.262155231038157854e+00,4.685799252908505593e-04
8.145775784707304410e+03,1.225935288943021506e+00,2.729622291702574438e-04,1.252483292120966318e+00,4.182299868584019053e-04
8.179791831164596260e+03,1.217737487928592044e+00,2.036237440164868190e-04,1.242835894390216023e+00,5.440359093891384331e-04
8.213949925653541868e+03,1.209365065035732156e+00,4.023160761838610877e-04,1.233112762280360597e+00,4.446293749376422277e-04
8.248250661354295517e+03,1.200983668232401325e+00,2.317257390503305991e-04,1.223597794653864979e+00,3.897470632808061803e-04
8.282694633924063965e+03,1.192616858597705498e+00,2.384479092832071081e-04,1.213847579374224050e+00,5.122244961631103061e-04
8.317282441507473777e+03,1.184200786019823814e+00,2.375422393379262784e-04,1.204412464174439812e+00,5.407069393271902048e-04
8.352014684746947751e+03,1.175597205158378511e+00,3.471519393459693596e-04,1.194941806087286729e+00,4.563070160876400976e-04
8.386891966793138636e+03,1.167245783326506192e+00,1.690476615878718576e-04,1.185430001049192494e+00,4.757174705998151515e-04
8.421914893315411973e+03,1.158762863359999340e+00,1.625307816130632844e-04,1.176149491237077793e+00,3.551687279165735870e-04
8.457084072512332568e+03,1.150159045345677589e+00,3.665184443978368109e-04,1.166824673420975067e+00,3.637005929102341516e-04
8.492400115122271018e+03,1.141453843017750769e+00,3.087642165972452938e-04,1.157423646892797420e+00,4.302182942367577950e-04
8.527863634433982952e+03,1.132907330686640623e+00,2.211114452970163737e-04,1.148184773634286282e+00,3.371225535421885152e-04
8.563475246297261037e+03,1.124125706701024408e+00,2.354664107777681764e-04,1.139024575050059607e+00,3.479525584142976634e-04
8.599235569133634272e+03,1.115452084383854237e+00,1.748753358369178543e-04,1.129911695061258659e+00,4.338649052629212164e-04
8.635145223947107297e+03,1.106727352590864522e+00,2.313118895792332151e-04,1.120761906270352215e+00,3.003066985545410563e-04
8.671204834334937914e+03,1.098129601414727707e+00,2.614649092285809234e-04,1.111694364667412671e+00,5.421005944326082833e-04
8.707415026498478255e+03,1.089345344078195499e+00,2.444763745697304657e-04,1.102681451582357530e+00,3.326966720406052949e-04
8.743776429254035975e+03,1.080637071729374510e+00,2.211243347700317971e-04,1.093842958566082046e+00,3.306699120171642785e-04
8.780289674043808191e+03,1.071868930311871804e+00,1.319834972842840772e-04,1.085036408350913195e+00,4.383199236626582969e-04
8.816955394946829983e+03,1.063184640827061322e+00,2.727922973145854944e-04,1.076008279603760442e+00,4.336137026853550632e-04
8.853774228690013842e+03,1.054456411348781986e+00,2.903353397067654483e-04,1.067324302210122422e+00,3.788839896865749319e-04
8.890746814659152733e+03,1.045669206672996676e+00,2.637630158489513580e-04,1.058716787247390156e+00,4.071672242889853876e-04
8.927873794910088691e+03,1.036917666109354874e+00,2.897841871122755594e-04,1.050084649143311566e+00,4.816846490811706118e-04
8.965155814179828667e+03,1.028345604013044090e+00,2.549311823472671305e-04,1.041512927389410592e+00,5.460256325234485531e-04
9.002593519897734950e+03,1.019561325208568681e+00,1.888003861923645815e-04,1.032988775473399512e+00,4.360578903514958208e-04
9.040187562196788349e+03,1.010868721680480364e+00,2.178355402860486110e-04,1.024434810454062150e+00,3.460945488088804176e-04
9.077938593924858651e+03,1.002243486645892689e+00,3.312534086546961771e-04,1.016060151596780425e+00,3.743060260936122196e-04
9.115847270656069668e+03,9.935548692665653325e-01,2.610098784113687974e-04,1.007783337242201149e+00,2.909967952966712010e-04
9.153914250702131540e+03,9.848643862039552221e-01,2.776424927893832834e-04,9.995354986859421587e-01,5.671527579774841843e-04
9.192140195123833109e+03,9.761628118287937195e-01,1.734086751652100125e-04,9.912388483507269532e-01,3.418098907400029087e-04
9.230525767742492462e+03,9.677180341323101675e-01,1.999248944923802363e-04,9.832101510617196061e-01,3.861459881794078865e-04
9.269071635151482042e+03,9.592084414584075569e-01,1.865599492356868666e-04,9.750843377189906125e-01,3.652672959847748954e-04
9.307778466727810155e+03,9.506762999496579658e-01,2.299875578221066675e-04,9.671387591185132138e-01,3.793202030044821415e-04
9.346646934643747954e+03,9.421616099195521121e-01,2.187076254546826525e-04,9.591317952635998179e-01,3.931437515072313225e-04
9.385677713878496434e+03,9.336356589230275782e-01,1.820412055841589096e-04,9.512470700500699206e-01,2.933448297870344559e-04
9.424871482229911635e+03,9.252995570859241514e-01,1.728473652146159350e-04,9.435016116944835440e-01,3.965458267990143904e-04
9.464228920326273510e+03,9.169579468989457194e-01,2.560387990251834648e-04,9.357704475776076336e-01,4.083833978239723964e-04
9.503750711638105713e+03,9.084896885202006223e-01,2.982322102559385279e-04,9.278979542921476087e-01,2.697860502178460983e-04
9.543437542490057240e+03,9.002511825054277939e-01,1.445397285201331964e-04,9.202757374287175995e-01,3.551141369244432619e-04
9.583290102072778609e+03,8.919544385127136099e-01,1.942506642565797865e-04,9.126635493357220241e-01,3.737963134767041456e-04
9.623309082454945383e+03,8.837756222351140778e-01,2.043529338672046879e-04,9.052622170283992631e-01,4.015782398210902154e-04
9.663495178595247125e+03,8.755125970277243264e-01,1.930035622709114392e-04,8.978302373010004223e-01,2.471532869095493514e-04
9.703849088354456399e+03,8.673998588345623872e-01,2.093234515257366419e-04,8.905812582415464362e-01,3.329901670218592558e-04
9.744371512507552325e+03,8.592166729069748987e-01,2.663980322750858086e-04,8.830583980864290528e-01,1.802724055416898407e-04
9.785063154755891446e+03,8.510988693250952641e-01,2.581587467068067153e-04,8.757557109897551317e-01,2.694449521563317294e-04
9.825924721739431334e+03,8.431489510826584155e-01,2.018672365467225277e-04,8.685340373088660249e-01,1.900331327595323322e-04
9.866956923048968747e+03,8.351797281268197315e-01,3.729459235133497923e-04,8.616474465604037070e-01,5.107340113344134352e-04
9.908160471238517857e+03,8.272879338773704294e-01,2.359010030497107153e-04,8.544702919707163336e-01,3.114996511141073670e-04
9.949536081837646634e+03,8.194077436611959531e-01,2.546545302268762856e-04,8.474795806116468544e-01,1.964031415336356921e-04
9.991084473363915095e+03,8.115042274987883664e-01,1.452352878357112266e-04,8.406113508139355650e-01,2.911439445087083333e-04
1.003280636733534266e+04,8.039460959290731790e-01,3.118841204192248414e-04,8.335653835984452309e-01,2.494841484082005630e-04
1.007470248828295371e+04,7.962196347734536994e-01,1.924544944211355137e-04,8.269105071349823755e-01,3.274624702694907646e-04
1.011677356376334319e+04,7.883997336477209794e-01,1.839970192434580711e-04,8.201132636804360221e-01,2.905459769142264520e-04
1.015902032437132038e+04,7.808950051285636906e-01,1.530076473001003550e-04,8.133007795555327046e-01,3.446303638012773100e-04
1.020144350375259819e+04,7.733724597662118283e-01,1.279036705461519005e-04,8.068065211363247835e-01,2.542599437481311364e-04
1.024404383861652423e+04,7.659354768130016700e-01,2.703656380197054857e-04,8.004093895632541367e-01,2.992199693131766358e-04
1.028682206874888652e+04,7.585126512671516164e-01,1.131783996003880773e-04,7.936464663044335843e-01,5.193957572465150285e-04
1.032977893702474830e+04,7.511435799743824138e-01,3.015681686539104412e-04,7.872596949664146804e-01,2.657413702717255550e-04
1.037291518942135554e+04,7.438187933277163877e-01,2.160307395826665698e-04,7.809227452932758773e-01,2.529056794644844513e-04
1.041623157503111179e+04,7.364871445437572994e-01,1.721120847914586120e-04,7.744999930037972380e-01,2.198241072949420026e-04
1.045972884607447850e+04,7.294400032860052230e-01,1.474240688969118336e-04,7.682228304810216901e-01,3.032138049013103557e-04
1.050340775791327542e+04,7.220770121967280408e-01,2.828853586673966991e-04,7.621732042836365517e-01,2.684015831240302167e-04
1.054726906906349359e+04,7.151331068026079985e-01,1.546480745488397447e-04,7.558828651985741720e-01,3.730493864651295097e-04
1.059131354120871219e+04,7.082254868636830292e-01,2.078548846033665429e-04,7.499146204990365661e-01,2.463228414082178843e-04
1.063554193921320802e+04,7.011575571037805821e-01,2.135333406266535551e-04,7.436599132341351615e-01,2.694222997323533677e-04
1.067995503113526320e+04,6.941641476201605432e-01,2.169367373531331524e-04,7.377902437011873982e-01,2.631929663376141319e-04
1.072455358824050927e+04,6.874409521399568179e-01,1.918945917351052948e-04,7.317744757666522215e-01,2.113709184340593591e-04
1.076933838501531136e+04,6.806451393293059260e-01,2.014238605048652249e-04,7.258262496581183720e-01,2.825042080485486488e-04
1.081431019918022139e+04,6.740370691693726712e-01,1.891568286178285706e-04,7.200003048816736584e-01,2.569022956521280383e-04
1.085946981170348954e+04,6.671880708745969724e-01,2.369213955777210961e-04,7.142320354180571318e-01,3.192504627426510358e-04
1.090481800681461209e+04,6.607367995813517858e-01,1.700824373760891246e-04,7.085202714033598248e-01,2.950873294749844339e-04
1.095035557201796837e+04,6.540855991348266674e-01,1.388343229187488214e-04,7.029550044147245824e-01,4.138168120961823577e-04
1.099608329810648138e+04,6.474705309423672839e-01,2.320555283789272542e-04,6.973771326133585413e-01,2.421287303402313630e-04
1.104200197917535843e+04,6.411342999638576234e-01,1.933838718291294397e-04,6.915955114190912578e-01,2.290836529422475673e-04
1.108811241263587726e+04,6.346766318644946336e-01,2.322333213560383888e-04,6.861680403901317948e-01,2.221336233913902215e-04
1.113441539922923585e+04,6.284181305509790594e-01,1.530702260737862341e-04,6.806874353573378889e-01,4.424247678266984537e-04
1.118091174304045671e+04,6.223820318023974840e-01,2.715590806638444122e-04,6.753954190055464490e-01,1.951003028152146883e-04
1.122760225151235500e+04,6.160522211337275955e-01,2.991139746192498822e-04,6.698721111815857387e-01,1.794940950024371369e-04
1.127448773545957192e+04,6.099659451870058646e-01,1.196284585704079380e-04,6.646791954741873010e-01,5.253769224843790652e-04
1.132156900908255557e+04,6.038369645311392198e-01,3.519407185501507713e-04,6.593728156482174807e-01,2.623361562888509510e-04
1.136884688998193997e+04,5.978233952155203035e-01,2.471081933387854718e-04,6.542815261079713007e-01,4.632023170893774478e-04
1.141632219917242946e+04,5.918082799751120948e-01,1.741704359833205664e-04,6.490436238068133523e-01,2.751076562382795041e-04
1.146399576109730151e+04,5.859108027720908440e-01,2.654713933262861799e-04,6.439913487678265991e-01,3.461832617067028741e-04
1.151186840364261843e+04,5.801463824565507021e-01,2.974420822008271210e-04,6.387867544665919439e-01,1.803389457400698557e-04
1.155994095815161927e+04,5.743898145733074001e-01,1.828212000872019374e-04,6.339306522168525193e-01,2.718284870178810475e-04
1.160821425943916074e+04,5.685388725502957818e-01,1.527094724048512985e-04,6.289829776405889694e-01,3.193320565410488320e-04
1.165668914580621458e+04,5.628994003005243218e-01,1.961726388327065336e-04,6.240768619325658406e-01,2.356482840826981792e-04
1.170536645905442128e+04,5.571250668743717993e-01,1.255700453870767794e-04,6.192527191171417478e-01,2.325802939477626414e-04
1.175424704450071476e+04,5.516008218676929920e-01,2.069622453316256893e-04,6.142337179687162863e-01,4.718731146960933212e-04
1.180333175099199252e+04,5.459987561659074284e-01,2.046597653679247926e-04,6.096577066319692761e-01,3.837833329570900756e-04
1.185262143091986945e+04,5.405884952381427855e-01,1.906540217385680662e-04,6.048167540241449203e-01,2.861331103510859550e-04
1.190211694023546988e+04,5.353499026449629605e-01,1.933095022748789577e-04,6.001123368874200503e-01,2.652577676886532865e-04
1.195181913846429416e+04,5.299892541701261006e-01,2.255682123882737900e-04,5.954714958829436799e-01,3.030862420552846615e-04
1.200172888872114527e+04,5.246477176964302602e-01,1.571081731638833661e-04,5.909008500471969461e-01,2.641215154798476914e-04
1.205184705772512098e+04,5.194962785809881245e-01,1.557867857811287115e-04,5.861095203428111633e-01,2.827166048580224142e-04
1.210217451581466230e+04,5.141919762679174610e-01,1.430892429645759740e-04,5.815990845125396103e-01,2.294542238678277067e-04
1.215271213696266568e+04,5.091526506256507378e-01,1.856392764042277420e-04,5.772889423067872894e-01,5.304431386545688546e-04
1.220346079879168428e+04,5.040797242878359841e-01,2.124325209044527389e-04,5.728039133183608911e-01,3.133159241866565565e-04
1.225442138258907471e+04,4.990700325608637966e-01,1.080592560310589874e-04,5.685048289208185501e-01,3.952434239213040764e-04
1.230559477332244751e+04,4.942433851684623347e-01,1.493375409008717647e-04,5.639019489894221415e-01,3.178488638112696618e-04
1.235698185965493576e+04,4.891231689109842296e-01,1.363466598235595583e-04,5.595721364582634250e-01,3.118255262841878369e-04
1.240858353396064922e+04,4.842862356781282296e-01,1.400542387197220475e-04,5.551333236385238568e-01,3.668531282924186732e-04
1.246040069234017574e+04,4.794536360939090081e-01,1.620831708713428587e-04,5.511746509460533350e-01,3.075667891366777183e-04
1.251243423463614090e+04,4.747386634579931486e-01,1.400883532531414647e-04,5.466228726301090024e-01,2.978782583538287375e-04
1.256468506444883315e+04,4.700171149875482790e-01,1.720124958980913952e-04,5.425392764401406609e-01,2.601620459612894419e-04
1.261715408915189619e+04,4.653960739050929662e-01,1.493164346687964853e-04,5.384479626735206859e-01,2.633422373057615353e-04
1.266984221990809056e+04,4.607285319374082033e-01,1.773283003409539371e-04,5.345987850831082078e-01,3.382969791263727819e-04
1.272275037168510789e+04,4.562395110383293817e-01,1.507794277452928814e-04,5.303578840108287284e-01,2.821160671140561277e-04
1.277587946327146710e+04,4.516245137069170856e-01,1.109687485817857639e-04,5.263387490674330538e-01,3.652417662835359550e-04
1.282923041729246870e+04,4.472173838380818500e-01,1.265045092092174288e-04,5.221646990817667700e-01,3.692905701550187750e-04
1.288280416022621102e+04,4.426625431820168655e-01,1.544636620208240669e-04,5.183649859621144440e-01,2.741501026455203075e-04
1.293660162241969010e+04,4.381768070520564717e-01,1.426169369844149744e-04,5.145283631481891717e-01,2.127610996735412624e-04
1.299062373810494319e+04,4.339630390508331104e-01,1.465481480862890066e-04,5.104660133860086102e-01,3.105215464894825364e-04
1.304487144541528505e+04,4.295736396406644175e-01,1.414209540332217647e-04,5.065738435103559478e-01,3.106920634845548521e-04
1.309934568640161524e+04,4.253321624385461019e-01,1.761551321264836871e-04,5.026249849316570817e-01,3.153480336429691786e-04
1.315404740704864889e+04,4.210911319579905832e-01,1.564460723675879686e-04,4.989633644774875698e-01,3.971259801075219058e-04
1.320897755729164055e+04,4.169848664261284199e-01,1.483667485423243522e-04,4.951530606727086448e-01,4.223482598085361375e-04
1.326413709103250221e+04,4.127970899482875100e-01,1.434063616522054994e-04,4.914741589563476620e-01,4.328188192062441971e-04
1.331952696615666173e+04,4.088420182770103328e-01,1.248164883611170681e-04,4.880465883818853601e-01,3.113184528902240649e-04
1.337514814454956831e+04,4.046882740975533688e-01,1.206965930563384787e-04,4.843359826531429269e-01,4.589259932918519826e-04
1.343100159211342179e+04,4.006838367750097940e-01,1.790350656664570770e-04,4.806575606802203637e-01,4.430250597850979820e-04
1.348708827878394004e+04,3.967235697012058693e-01,1.875287742575295475e-04,4.767450541640997907e-01,3.068970028455594943e-04
1.354340917854721374e+04,3.928494289425853991e-01,1.946228237904111655e-04,4.733056684333101782e-01,4.244117043341158512e-04
1.359996526945661026e+04,3.888949978190009982e-01,1.995253421142887057e-04,4.697739585493400649e-01,4.007605293370082589e-04
1.365675753364976299e+04,3.851450375555912076e-01,9.417098102473227597e-05,4.663366652972987803e-01,2.891022593575493915e-04
1.371378695736562440e+04,3.813515295449724229e-01,9.114545459838275035e-05,4.628990224751995397e-01,5.612347320780065874e-04
1.377105453096160090e+04,3.776186106524730968e-01,8.182045735856124664e-05,4.595153371801108944e-01,3.806403006000981049e-04
1.382856124893073684e+04,3.739606951090125309e-01,1.217710144251196242e-04,4.560462821479459028e-01,5.742138320777796833e-04
1.388630810991899489e+04,3.701923797413431139e-01,1.876036454077519000e-04,4.525091305579397316e-01,3.087784591234091084e-04
1.394429611674260013e+04,3.666171250439042018e-01,2.411052146334415026e-04,4.495296129546668129e-01,3.939080805812259878e-04
1.400252627640544415e+04,3.630297911238224984e-01,9.386165437119118650e-05,4.460614901689273770e-01,3.765189157279275707e-04
1.406099960011658186e+04,3.594614131582100636e-01,1.452540776106871255e-04,4.423271462491970563e-01,3.560759253410516892e-04
1.411971710330779024e+04,3.559606366349151729e-01,1.789496573326955693e-04,4.391534252731931209e-01,4.590534226971081750e-04
1.417867980565122525e+04,3.524269507377659760e-01,1.749733693725799739e-04,4.360132622991484408e-01,4.764624472908121156e-04
1.423788873107698964e+04,3.488475665430288419e-01,1.103381022589118956e-04,4.327825736921243616e-01,4.127551787049212506e-04
1.429734490779123735e+04,3.456250189912519755e-01,1.074078657341749512e-04,4.296260143880862858e-01,4.170019428665401747e-04
1.435704936829360850e+04,3.421484029365954305e-01,6.276577391644037277e-05,4.265459451022109993e-01,2.951162647711034234e-04
1.441700314939549571e+04,3.389189663278648901e-01,1.769079246632192758e-04,4.232758050767014280e-01,4.087697012948700108e-04
1.447720729223789021e+04,3.355533937956703960e-01,1.812880041810009397e-04,4.201641281444875031e-01,4.994031901259148379e-04
1.453766284230950077e+04,3.322626439291488376e-01,2.101687034716935196e-04,4.170940877920140122e-01,5.634161969321327791e-04
1.459837084946490540e+04,3.290152909861832065e-01,1.540508214141295628e-04,4.140840035718283962e-01,4.308722289532171206e-04
1.465933236794277946e+04,3.257964136186605186e-01,1.801798592583504365e-04,4.106859863102910180e-01,2.918346492303496953e-04
1.472054845638420920e+04,3.226335963209044366e-01,1.771614823821639781e-04,4.077893142503274393e-01,6.934943405706443971e-04
1.478202017785107455e+04,3.195139289288878026e-01,1.900947635269073076e-04,4.048530887353429253e-01,6.247146300962654834e-04
1.484374859984450632e+04,3.163585550986600103e-01,1.038635727259395140e-04,4.015228161975770149e-01,4.222145400792921268e-04
1.490573479432342720e+04,3.134008179819226525e-01,1.143542504575666157e-04,3.988601494656946467e-01,5.577509679076950513e-04
1.496797983772316547e+04,3.102846169405539811e-01,1.837741260732750489e-04,3.958870911034527706e-01,4.278138159696681674e-04
1.503048481097415424e+04,3.072211293902776807e-01,1.766584561721166568e-04,3.927212736115461844e-01,5.321609548730202267e-04
1.509325079952069063e+04,3.043459280462373906e-01,1.875712753876439601e-04,3.897768741930238146e-01,4.525079301260556534e-04
1.515627889333979692e+04,3.013884553284734702e-01,9.712576455211359764e-05,3.870912259447132353e-01,5.384372909010025137e-04
1.521957018696013984e+04,2.985371141145009011e-01,1.206860332494334693e-04,3.842204487831303306e-01,4.194225592537909790e-04
1.528312577948104627e+04,2.954616925990175558e-01,1.655682892194055027e-04,3.815550513373508479e-01,6.350425881242715556e-04
1.534694677459161539e+04,2.925858190404192483e-01,1.646159378310094743e-04,3.787003705952827759e-01,6.126568703078934036e-04
1.541103428058972713e+04,2.897941775043741397e-01,1.427727407330487590e-04,3.758313871133732720e-01,4.192507654784874806e-04
1.547538941040164173e+04,2.869505028207068875e-01,1.640304925272694707e-04,3.728707785411981557e-01,4.766907882742216587e-04
1.554001328160087724e+04,2.843134982835440194e-01,1.815387616887210705e-04,3.702446626156062903e-01,5.758015877539617369e-04
1.560490701642796921e+04,2.814817241590504837e-01,1.795349919845576673e-04,3.675622761394372051e-01,3.500480351268400693e-04
1.567007174180979746e+04,2.787950942070145377e-01,1.888083830302339939e-04,3.651804453956987162e-01,4.154836571245672369e-04
1.573550858937919475e+04,2.761747959290160592e-01,1.149997631899976234e-04,3.624215946592185267e-01,4.356776736043067562e-04
1.580121869549458643e+04,2.734131400395329314e-01,1.613508058265940293e-04,3.593994639103208488e-01,3.520097162873914577e-04
1.586720320125973740e+04,2.708277239206077769e-01,1.416520936463990443e-04,3.572048327824238201e-01,5.178272070838579834e-04
1.593346325254355725e+04,2.682330820294272500e-01,1.323490809910049212e-04,3.542489883284738461e-01,5.179900885504259631e-04
1.600000000000000909e+04,2.656823888098012731e-01,1.572628279828517143e-04,3.515822352936849304e-01,7.124457236919685748e-04
