# #Freq[Hz], #Gain_mean[a.u.], #Gain_std[a.u.], #Phase_mean[rad], #Phase_std[rad]
1.000000000000000000e+01,1.019757020251249600e+02,4.110791531572554475e-02,-2.053969558387436223e-03,4.347904403148596087e-04
1.020044922957914046e+01,1.020137801430875868e+02,3.701148057209107528e-02,-2.261936289596899827e-03,6.083409876262293537e-04
1.040491644852216702e+01,1.019879921679029593e+02,4.108004445297790824e-02,-1.901753050197951865e-03,4.427252206932603116e-04
1.061348219711632446e+01,1.019819013741477249e+02,6.229443158349687315e-02,-2.240305645362461549e-03,6.702047270174127250e-04
1.082622863007271441e+01,1.019700078307028406e+02,7.684414415482428151e-02,-2.555171341858564205e-03,3.202054498169196075e-04
1.104323954888728387e+01,1.019662928548002867e+02,5.263071832073765860e-02,-2.297578561555058303e-03,6.079190722690708867e-04
1.126460043485051798e+01,1.020112455246280661e+02,3.541924767573592647e-02,-2.394989828285743090e-03,3.714002151788694888e-04
1.149039848271878128e+01,1.020113028833860369e+02,4.074999165331581047e-02,-2.350880327853088932e-03,4.197864832643113898e-04
1.172072263506061063e+01,1.019774544174402848e+02,4.576445635907050447e-02,-2.271119248497521868e-03,5.168072481944379704e-04
1.195566361729147786e+01,1.019787607850883830e+02,4.664885323878756318e-02,-2.662806235239401076e-03,6.383993101601014844e-04
1.219531397341082091e+01,1.019594605211103868e+02,5.285488342157966535e-02,-2.714171162100687072e-03,7.449236895933834639e-04
1.243976810245541387e+01,1.019888768813288777e+02,2.415900560986352849e-02,-2.574394753011644173e-03,4.072113361727442522e-04
1.268912229568344685e+01,1.019953700511427854e+02,6.738139946832902294e-02,-2.759155760780984765e-03,3.601433476288738722e-04
1.294347477450397044e+01,1.019981046024920772e+02,4.575474992853985345e-02,-2.761975005758498993e-03,5.939023643512986910e-04
1.320292572916661200e+01,1.020023059844715050e+02,5.397659852601722347e-02,-2.899201932751216230e-03,2.506703155302449277e-04
1.346757735822681745e+01,1.019639438981520669e+02,4.137793605216354836e-02,-3.041937537147898409e-03,5.132118998477991009e-04
1.373753390880222014e+01,1.019897899289677525e+02,6.063753062751389006e-02,-2.604840448118039831e-03,6.181538742294267813e-04
1.401290171763589143e+01,1.019869641111085343e+02,6.531914274760269867e-02,-2.846699982446221442e-03,4.338128559799238229e-04
1.429378925298272307e+01,1.019691407828884877e+02,7.488941159371921563e-02,-3.201832304137441736e-03,4.576185644339603674e-04
1.458030715733542060e+01,1.019533192703460713e+02,4.278765735750302002e-02,-3.073313135261379614e-03,4.126728948894571830e-04
1.487256829100693167e+01,1.019853504877868744e+02,5.424686014571807047e-02,-3.186953418710958448e-03,3.783067794624747279e-04
1.517068777658647960e+01,1.020125305279225500e+02,5.133466749760501324e-02,-3.474568253808874019e-03,3.374017881542100048e-04
1.547478304428672224e+01,1.019848546767588573e+02,5.356504693315129739e-02,-3.341713301684245789e-03,4.974227455920915072e-04
1.578497387819988340e+01,1.020019647931001430e+02,2.953490151833648714e-02,-3.484407309542269984e-03,5.333617115984359836e-04
1.610138246348108382e+01,1.019739255177869524e+02,5.624073860055146118e-02,-3.426748049349681753e-03,5.655234729126627649e-04
1.642413343447747209e+01,1.019815130685707203e+02,6.581088652496011604e-02,-3.594210161209110323e-03,5.797189657006142100e-04
1.675335392382207189e+01,1.019884204727052719e+02,3.973223851283645691e-02,-3.522868736921269846e-03,4.445863810252807867e-04
1.708917361251175038e+01,1.020021295481121086e+02,5.566559909563578018e-02,-3.236244454451542470e-03,5.937341983879551024e-04
1.743172478098896505e+01,1.019911896641221603e+02,6.577475715958946978e-02,-3.817151572672949824e-03,6.882237093243442298e-04
1.778114236124744707e+01,1.019714078666907113e+02,5.225987209443944820e-02,-3.508869604910813678e-03,5.730609482690225687e-04
1.813756398998235397e+01,1.019586132857786822e+02,6.652495136812547338e-02,-3.545268942206680589e-03,5.473308067967032906e-04
1.850113006280578531e+01,1.019957950390585495e+02,4.886905801384994197e-02,-3.874934002053986772e-03,4.508674822596798137e-04
1.887198378954907341e+01,1.019441102949244424e+02,4.154249369019946680e-02,-3.808948575137227708e-03,3.860901606423501283e-04
1.925027125067358469e+01,1.019871590936222958e+02,5.722849434988375172e-02,-4.001474689648754426e-03,3.321495371392911154e-04
1.963614145481228235e+01,1.020185518715698976e+02,3.920624778751611444e-02,-4.143194664988758720e-03,6.447207877266437816e-04
2.002974639746469521e+01,1.019864864569744469e+02,3.643961460359768090e-02,-4.350919376487727246e-03,4.631595871651289519e-04
2.043124112086844235e+01,1.019860462535663714e+02,3.965275829722535172e-02,-4.595453277846406684e-03,5.069375622756327939e-04
2.084078377507081470e+01,1.019790520942650573e+02,2.716103105052452768e-02,-4.605621613309018869e-03,3.625944544801806943e-04
2.125853568022465012e+01,1.020010105831509009e+02,4.386861061386108929e-02,-4.549838805397277142e-03,5.471697024660443368e-04
2.168466139013282046e+01,1.019707623204098752e+02,5.342594597743204055e-02,-4.680590632457848344e-03,6.326090024984901443e-04
2.211932875706648360e+01,1.019842963247698293e+02,5.837072539361378570e-02,-4.528697011463700579e-03,5.861096073959101748e-04
2.256270899788265183e+01,1.019966074415657715e+02,6.765797958000425993e-02,-4.689108230086747389e-03,5.846405202263226181e-04
2.301497676146704308e+01,1.019717668848107479e+02,5.498847989616063858e-02,-4.662114124005434582e-03,3.918206284286464411e-04
2.347631019752882864e+01,1.020045599357104180e+02,6.176421671569383431e-02,-4.727451549985861243e-03,4.543086565135335338e-04
2.394689102677438441e+01,1.020181256582603169e+02,4.259166886059498336e-02,-4.889145873997513374e-03,4.925323739516690620e-04
2.442690461248763967e+01,1.019738240657390804e+02,6.437197680814793488e-02,-5.035684480672575000e-03,4.752926437208568268e-04
2.491654003354526736e+01,1.019997865666494192e+02,5.381016312925947231e-02,-5.313777720964907129e-03,5.541365969047865525e-04
2.541599015889546109e+01,1.019737313876342171e+02,5.684508359225400043e-02,-5.433527199966458818e-03,4.409578443027677413e-04
2.592545172352962268e+01,1.019674790467954466e+02,3.471510680888137412e-02,-5.588615990187895122e-03,5.290340722295338270e-04
2.644512540597689210e+01,1.019753698990379007e+02,4.624157194900311435e-02,-5.751824086676515790e-03,2.897517740170525843e-04
2.697521590735207297e+01,1.019816695290791131e+02,5.934305972457521589e-02,-5.494984899995225547e-03,3.693369330236951991e-04
2.751593203198804005e+01,1.019997746109585393e+02,3.141189376208432943e-02,-5.684642180449594670e-03,3.040677558714730932e-04
2.806748676968443590e+01,1.019882565802563335e+02,4.955286195684834721e-02,-5.834305511773418482e-03,5.860145008786494733e-04
2.863009737960502932e+01,1.020206657536976138e+02,6.548677971020437638e-02,-5.982421240141633061e-03,4.287990908898415502e-04
2.920398547585678983e+01,1.019981502693843396e+02,6.733807672743831463e-02,-6.460000137310073498e-03,5.167154374813388634e-04
2.978937711478437578e+01,1.019813525538148724e+02,3.494120411781584390e-02,-6.161417429198267834e-03,4.163083165137695658e-04
3.038650288401447597e+01,1.019910109467451775e+02,4.564212052037174006e-02,-6.260545635773962295e-03,5.718316490526398344e-04
3.099559799328497434e+01,1.019709526529233443e+02,4.726079695378457984e-02,-6.389620999550604981e-03,2.767961317720952401e-04
3.161690236709484481e+01,1.019592336737780727e+02,4.816755184147576002e-02,-6.699977633096221470e-03,3.913963733394541507e-04
3.225066073921114906e+01,1.019668800498171208e+02,7.325268046880407946e-02,-6.916061301294717731e-03,5.118332196503350877e-04
3.289712274907046208e+01,1.019869962226402151e+02,3.637978450018093668e-02,-6.667926269012980529e-03,3.673296448639707138e-04
3.355654304011261502e+01,1.019965269398944656e+02,7.319477370349811163e-02,-7.199901701655120161e-03,6.689963154801997335e-04
3.422918136008559742e+01,1.019729251913960439e+02,4.869001664841075827e-02,-6.909734712866022130e-03,3.402834971793390747e-04
3.491530266336097554e+01,1.019836603129949140e+02,7.076679729191659440e-02,-7.314044093449600936e-03,5.150099380863389434e-04
3.561517721530029945e+01,1.020119907423299139e+02,4.470693812491687014e-02,-7.506667355275720155e-03,4.077509974104670618e-04
3.632908069871344736e+01,1.019799165275205439e+02,4.906219193889943542e-02,-7.614335548201634114e-03,4.913478907066899876e-04
3.705729432245099275e+01,1.019695207155809840e+02,5.259730832824770913e-02,-7.699994760483930105e-03,4.255222441027258894e-04
3.780010493217326939e+01,1.019676569935444945e+02,5.194859113344207913e-02,-8.186035773111921196e-03,4.644447033693389557e-04
3.855780512333974741e+01,1.020067314450916314e+02,3.922327103087715899e-02,-8.043405244066548221e-03,5.735207361192270949e-04
3.933069335646334963e+01,1.020006747865404151e+02,6.970666921818249873e-02,-8.360406140865705299e-03,6.856696188269062464e-04
4.011907407467499809e+01,1.019962268166957955e+02,4.645243173905767853e-02,-8.324530350419755836e-03,3.761666413695267594e-04
4.092325782364472531e+01,1.019864474933567067e+02,4.927459028094556548e-02,-8.585925974949448758e-03,6.743014150468863797e-04
4.174356137390653032e+01,1.019851298278732799e+02,4.395888654817212832e-02,-8.506592753393072207e-03,4.257247510535677997e-04
4.258030784563544557e+01,1.019528390308187653e+02,4.277967507789651180e-02,-8.978615195815642033e-03,5.918708612895986522e-04
4.343382683592546556e+01,1.019684759111017200e+02,4.998934974941157683e-02,-9.007306649686963596e-03,3.924768551157750110e-04
4.430445454861897048e+01,1.020026355918185743e+02,2.617224789755803402e-02,-9.503379667120981020e-03,4.767815423759979698e-04
4.519253392673843450e+01,1.019819896207903156e+02,6.713291257732369177e-02,-9.129093257219356508e-03,4.862565983719680917e-04
4.609841478757282118e+01,1.019811412438041742e+02,4.460175114963672166e-02,-1.000922089276898817e-02,3.519813143950469058e-04
4.702245396047167958e+01,1.019908126134072717e+02,5.713684872743823168e-02,-9.728261937320547767e-03,2.931902541734197009e-04
4.796501542740139001e+01,1.019874537359752509e+02,4.318454384553317010e-02,-9.870814795419357440e-03,5.109366049433267977e-04
4.892647046631881125e+01,1.019996277862972107e+02,3.459495068359431935e-02,-1.015733807898753192e-02,5.464791288803909483e-04
4.990719779741882434e+01,1.019628142914699396e+02,5.556132063638496987e-02,-1.030086450748566272e-02,5.244741941174848156e-04
5.090758373231345502e+01,1.019733936365832392e+02,6.668314394770921694e-02,-1.059162931818140654e-02,5.645674179407208539e-04
5.192802232620123704e+01,1.019951278910706947e+02,5.231484182847840475e-02,-1.053351054072435532e-02,3.988584001933719123e-04
5.296891553308680045e+01,1.019820493993622392e+02,3.567810054475366310e-02,-1.094320615242918605e-02,4.683179955312188718e-04
5.403067336411177735e+01,1.019955260621622841e+02,5.268060865859360703e-02,-1.155581848190858664e-02,5.551842574526170753e-04
5.511371404905961668e+01,1.019787573217501802e+02,4.306898602243028340e-02,-1.133902763258118861e-02,4.361896135526922348e-04
5.621846420109751818e+01,1.020037263288974145e+02,4.276529281656818449e-02,-1.202247531416529222e-02,4.992547165479249184e-04
5.734535898482076277e+01,1.019989033935907230e+02,7.283787884624987052e-02,-1.171482660579843335e-02,4.736458912478940853e-04
5.849484228766541349e+01,1.019727686996652380e+02,6.837407976331903725e-02,-1.242248649461825602e-02,5.606598411977644671e-04
5.966736689475699507e+01,1.019980803788729418e+02,3.112050286983471248e-02,-1.266571035024139855e-02,3.535838871556664536e-04
6.086339466726398229e+01,1.019589543012033062e+02,3.617354581485151405e-02,-1.271280991189396338e-02,3.907640487891644279e-04
6.208339672432640555e+01,1.019602763389566462e+02,2.283926781477417511e-02,-1.290618436509411923e-02,4.975816398831701915e-04
6.332785362863113221e+01,1.019839320463578218e+02,6.418392011166047795e-02,-1.337056358665389411e-02,4.308657848977372478e-04
6.459725557570709498e+01,1.019567824561330553e+02,4.928796825088879036e-02,-1.385681373130736097e-02,5.277211830768393716e-04
6.589210258701483269e+01,1.019603203074989040e+02,5.015244868577876242e-02,-1.388336125455960114e-02,3.534468392120767200e-04
6.721290470690649954e+01,1.019504842760021290e+02,6.527733677261893241e-02,-1.392575333628438480e-02,5.758262747692392478e-04
6.856018220353405468e+01,1.019666771083773540e+02,4.910514274174151289e-02,-1.440508812197016653e-02,3.647638418504296895e-04
6.993446577378443862e+01,1.019771657053338174e+02,5.993685000055182927e-02,-1.474682315082564976e-02,5.016124910211527954e-04
7.133629675232282352e+01,1.019905543743807215e+02,3.210780657512161962e-02,-1.469277324602353760e-02,6.333691998958824532e-04
7.276622732482601918e+01,1.020035752832655760e+02,5.425052666052584266e-02,-1.518692080405772450e-02,2.037735037526288871e-04
7.422482074549022002e+01,1.019632395798967650e+02,8.031088299199240499e-02,-1.536636187287712153e-02,5.923796925427521776e-04
7.571265155889854270e+01,1.019605925341975308e+02,5.484347900266932363e-02,-1.589560098940303451e-02,4.289398835812789244e-04
7.723030582633604979e+01,1.019863528523784595e+02,3.235751909058131454e-02,-1.591915019597336250e-02,4.514417450683208587e-04
7.877838135664109132e+01,1.019789928445698024e+02,4.575135595336219524e-02,-1.655805493039306381e-02,5.759953184231293797e-04
8.035748794168412701e+01,1.019843920985973256e+02,6.709935839594725893e-02,-1.672110251100931283e-02,6.755567686451993637e-04
8.196824759656668391e+01,1.019639575131481593e+02,5.071176366902629962e-02,-1.709911962774661801e-02,2.865604411674871387e-04
8.361129480463507946e+01,1.019618365129473432e+02,4.138257709857989103e-02,-1.739454210491397923e-02,2.593092796638815645e-04
8.528727676740543018e+01,1.019830104612805570e+02,5.797841417291298149e-02,-1.767190043289521700e-02,6.788630404328614134e-04
8.699685365949835614e+01,1.019556713922481492e+02,3.516180535681833613e-02,-1.809761714496755866e-02,5.062445309455909735e-04
8.874069888868390876e+01,1.019704045987010943e+02,5.182204322819305292e-02,-1.849325172836158160e-02,5.001738597792001161e-04
9.051949936113902595e+01,1.019408551340869025e+02,4.502375816865437919e-02,-1.920483081408268580e-02,5.928894419295518536e-04
9.233395575202200689e+01,1.019391549123579495e+02,5.564292165738703166e-02,-1.930899765753983990e-02,5.104910974309120409e-04
9.418478278147071592e+01,1.019683662856409683e+02,5.303729329750363208e-02,-1.952442809656469366e-02,4.693093010298209728e-04
9.607270949613315736e+01,1.019340258569705640e+02,6.043902731585656940e-02,-2.000995268106664504e-02,5.416828962442368474e-04
9.799847955634119501e+01,1.019506000102619794e+02,6.759980059903450411e-02,-2.059041417646096869e-02,6.419706477541839039e-04
9.996285152904076199e+01,1.019752585507893343e+02,3.217499118494017429e-02,-2.093512782265784938e-02,4.498691912380341283e-04
1.019665991865938821e+02,1.019658107467793968e+02,5.646654211942930823e-02,-2.136207571376447234e-02,3.935155889144644923e-04
1.040105118115695575e+02,1.019717047243594408e+02,4.119902352743205071e-02,-2.153248910534921734e-02,4.055726218434854897e-04
1.060953945076457785e+02,1.019691343116877533e+02,3.374776318020448335e-02,-2.225778029144463016e-02,5.743133711529157083e-04
1.082220685167409044e+02,1.019703223911457286e+02,6.889224895153298056e-02,-2.263348167428120769e-02,6.154684426686261303e-04
1.103913715425051834e+02,1.019599174528956240e+02,7.098588239630611307e-02,-2.297091330016889227e-02,4.660285815615954888e-04
1.126041580802930469e+02,1.019906583868209822e+02,5.567744175867266748e-02,-2.341809627465698401e-02,3.127426975456910441e-04
1.148612997537534000e+02,1.019408295557200006e+02,6.230868283577680605e-02,-2.400912085913864402e-02,3.854698871268090704e-04
1.171636856581631321e+02,1.019735322302693419e+02,5.009978427374570803e-02,-2.468695841690165052e-02,5.279255184542104963e-04
1.195122227106463839e+02,1.019556665289623680e+02,4.151862424624706144e-02,-2.499294769764399612e-02,3.749613510849363410e-04
1.219078360074102250e+02,1.019577919747630546e+02,5.608837086020530133e-02,-2.538278086948198009e-02,5.456132181968948195e-04
1.243514691881448897e+02,1.019501106420927101e+02,5.220434761555504261e-02,-2.579252634170803304e-02,7.864437876231207547e-04
1.268440848077245420e+02,1.019295993240437070e+02,5.557017087635015423e-02,-2.644191007459899614e-02,3.600103126247153579e-04
1.293866647153626275e+02,1.019634985058446546e+02,6.386990975659655179e-02,-2.703411721406414475e-02,3.242625888938131286e-04
1.319802104413633685e+02,1.019336290946944530e+02,5.272601855125613052e-02,-2.769859691467475502e-02,5.115681504194538078e-04
1.346257435916299130e+02,1.019511669175807071e+02,4.040829575424477460e-02,-2.808214552063970082e-02,3.940320209336916268e-04
1.373243062500758924e+02,1.019635166200696546e+02,7.042316183978845900e-02,-2.872866892136358846e-02,4.689067825629803453e-04
1.400769613891077654e+02,1.019830618843854211e+02,3.638732882780520983e-02,-2.923739240872258449e-02,3.376671727904088168e-04
1.428847932883309966e+02,1.019422537136134963e+02,4.434725140204494320e-02,-2.982466849285492216e-02,5.379882044116876495e-04
1.457489079616532024e+02,1.019413900390580636e+02,3.182708501343550767e-02,-3.048425563302714636e-02,3.829679890716203489e-04
1.486704335929444767e+02,1.019331530573297471e+02,3.995643954215471333e-02,-3.079328749022396464e-02,4.941971654692813281e-04
1.516505209804348624e+02,1.019384835168024210e+02,3.697091971265421134e-02,-3.156606043105045917e-02,6.662390562750632791e-04
1.546903439900150374e+02,1.018830609362463946e+02,3.669227216091847793e-02,-3.230620696670327696e-02,3.543624964718046868e-04
1.577911000176282528e+02,1.019045731078129222e+02,4.970752054217800892e-02,-3.296625083993132144e-02,5.464378471813783125e-04
1.609540104609259572e+02,1.019077930238470060e+02,4.580296084905498971e-02,-3.357455123457797619e-02,4.452667904944184471e-04
1.641803212003826786e+02,1.018849788570218777e+02,5.118517355055472728e-02,-3.416119207707737221e-02,4.736094711976658990e-04
1.674713030900499007e+02,1.019225381549144913e+02,5.758502402390264924e-02,-3.495843282254149781e-02,3.601989620507758992e-04
1.708282524581514110e+02,1.019327059633161099e+02,4.960413571126490867e-02,-3.554102121431546024e-02,5.124834390013629235e-04
1.742524916177101488e+02,1.018873719327128242e+02,4.740807762880947657e-02,-3.638465812269831012e-02,4.756427143691803168e-04
1.777453693874116993e+02,1.019029471067382531e+02,5.049146410595398843e-02,-3.709300633473779779e-02,4.162368168467370103e-04
1.813082616229083328e+02,1.019316945088276327e+02,5.838838509161716622e-02,-3.770979565240475256e-02,3.183448583775372624e-04
1.849425717587728286e+02,1.018803766081211677e+02,6.620404882501580712e-02,-3.860639553131441776e-02,5.842070863947120213e-04
1.886497313613159008e+02,1.019230782211348014e+02,5.530294720299960831e-02,-3.910772340670654046e-02,6.050716150330570295e-04
1.924312006924846514e+02,1.019110690558143517e+02,4.882956526247313189e-02,-4.016763592607332928e-02,4.938393364388777738e-04
1.962884692850643944e+02,1.019008839328045184e+02,2.092352324369496988e-02,-4.097403669187156539e-02,4.768524029602717526e-04
2.002230565294103712e+02,1.019222561885322023e+02,5.334816363439492254e-02,-4.168635785764211732e-02,4.005771261757031291e-04
2.042365122719404553e+02,1.018796710614680876e+02,4.842927407324565392e-02,-4.236378002314382385e-02,2.846454202588196976e-04
2.083304174256245460e+02,1.018597296774406971e+02,6.446333034773268911e-02,-4.368782443826391138e-02,3.063202199181162778e-04
2.125063845927112425e+02,1.018995515156370004e+02,6.266881208832467132e-02,-4.447975907183443489e-02,5.820103894593549494e-04
2.167660586999369912e+02,1.018784368646916789e+02,4.578640811567323554e-02,-4.516375183305241375e-02,6.467591524850712335e-04
2.211111176464678749e+02,1.018765946582995952e+02,6.122992616733528848e-02,-4.608101079102393249e-02,4.861377801190036683e-04
2.255432729648295833e+02,1.018618532378996804e+02,4.541686738402304913e-02,-4.700100490311291679e-02,5.086913725478440541e-04
2.300642704950853670e+02,1.018319739873020637e+02,4.251444067764843793e-02,-4.815614914105537103e-02,4.043823234331227374e-04
2.346758910725280316e+02,1.018313127292932307e+02,4.942386495630128607e-02,-4.882762974460037875e-02,5.181674872709492174e-04
2.393799512291566600e+02,1.018392455634289746e+02,2.983082702459696062e-02,-4.983148443017326734e-02,3.736789351368803211e-04
2.441783039092143213e+02,1.018584125266862941e+02,8.677441539967969963e-02,-5.090081758882063212e-02,3.536353379604070942e-04
2.490728391990686248e+02,1.018693466484276939e+02,5.947000012730618151e-02,-5.194204658300507343e-02,3.998334790996347938e-04
2.540654850717228328e+02,1.018295804699276914e+02,5.129028086895823929e-02,-5.293515335960745360e-02,3.641322193047349920e-04
2.591582081462505585e+02,1.018105418383503604e+02,5.502315841065209823e-02,-5.410302156109372124e-02,3.991610086910784921e-04
2.643530144624531886e+02,1.018457562106155052e+02,4.479936393248450804e-02,-5.491834840240508026e-02,4.565381494939758315e-04
2.696519502710453935e+02,1.018140882704550165e+02,3.933622341608948580e-02,-5.620661388136603126e-02,4.296940376693343905e-04
2.750571028396797146e+02,1.018131597419687893e+02,4.415718527498647961e-02,-5.727314325857504190e-02,4.991249430003903264e-04
2.805706012751284106e+02,1.018097355982545480e+02,4.646228889397491929e-02,-5.851412446876214091e-02,2.888328469595017613e-04
2.861946173619436991e+02,1.018140785065711214e+02,6.342562234861388870e-02,-5.977343699568220259e-02,3.228117727889023652e-04
2.919313664179338161e+02,1.018027499895631394e+02,4.470624026078275776e-02,-6.088681034116531776e-02,4.457039580289621898e-04
2.977831081667795274e+02,1.017790262616418886e+02,4.568788715636218356e-02,-6.215431228514702727e-02,4.292685596072190815e-04
3.037521476281511355e+02,1.017633252999676188e+02,4.894143470557974634e-02,-6.340457388242456971e-02,3.616790903788326232e-04
3.098408360256580067e+02,1.017621468103871791e+02,3.446225552153042021e-02,-6.451251463687963927e-02,4.123088128478172233e-04
3.160515717130082862e+02,1.017685121914462627e+02,5.057843891829495037e-02,-6.575755687336348743e-02,4.220140184425180360e-04
3.223868011187228717e+02,1.017407266432703210e+02,3.872051436243586359e-02,-6.727396338500235551e-02,3.061114398791724448e-04
3.288490197097963232e+02,1.017370414948574364e+02,6.454889907810203165e-02,-6.847608129307354574e-02,2.812541884600319644e-04
3.354407729746643554e+02,1.017382201308048337e+02,4.765155433368709059e-02,-6.964777284700973681e-02,4.981475967167197641e-04
3.421646574258849682e+02,1.017330012729002249e+02,7.888399590164217601e-02,-7.134373022339932091e-02,4.697887277985259361e-04
3.490233216229075310e+02,1.017182914262312750e+02,5.925402743109727671e-02,-7.248734052381289317e-02,3.220428776355464080e-04
3.560194672153542683e+02,1.016708009764036262e+02,7.569159956491267049e-02,-7.411686357858279783e-02,3.649188411609235127e-04
3.631558500072032984e+02,1.016918499585758013e+02,4.514057792105724554e-02,-7.563701762164312670e-02,3.741326161089017998e-04
3.704352810423138180e+02,1.016235167235921324e+02,4.474208399698337280e-02,-7.702271918011298346e-02,3.467702239986515385e-04
3.778606277116998058e+02,1.016694506769336215e+02,5.159542573532480136e-02,-7.882631297415923499e-02,6.131623411875890273e-04
3.854348148830102332e+02,1.016252448225765477e+02,6.445301408743502047e-02,-7.988058465651333429e-02,5.203184732823551211e-04
3.931608260526376171e+02,1.016191430454806834e+02,4.890392541054303793e-02,-8.172827782153953280e-02,4.832231096433139777e-04
4.010417045209329672e+02,1.016294234998759265e+02,5.283752169916423186e-02,-8.342353893942892895e-02,5.186441400295847869e-04
4.090805545909651642e+02,1.015841205812600236e+02,6.111656799419446645e-02,-8.534676305926085227e-02,4.656560327886455526e-04
4.172805427913222047e+02,1.015931528264614201e+02,4.491444803537441438e-02,-8.702187580742774820e-02,2.629702339344877323e-04
4.256448991234103119e+02,1.015899084030605479e+02,5.064547960438908064e-02,-8.858132662987747152e-02,5.302725271104822505e-04
4.341769183337685831e+02,1.015685892581009142e+02,3.711822468064323449e-02,-9.042221904302230606e-02,4.523166446846924819e-04
4.428799612118730238e+02,1.015517940841289288e+02,5.761626409780314095e-02,-9.185715943900948921e-02,4.014515940896015581e-04
4.517574559139694657e+02,1.015003001202096442e+02,7.107905429288113863e-02,-9.368936929782108181e-02,5.367625349786991256e-04
4.608128993134281473e+02,1.015001879542326009e+02,3.806512217203488618e-02,-9.570947544831280573e-02,5.024803204719554238e-04
4.700498583781788398e+02,1.014487587586272639e+02,3.971499730864909428e-02,-9.782544655798086630e-02,4.022226890484696888e-04
4.794719715757477729e+02,1.014644692234914487e+02,3.685807497498474333e-02,-9.980340344185352486e-02,4.219356446800311654e-04
4.890829503064627488e+02,1.014237239306877711e+02,5.356903749207630322e-02,-1.016129458406528074e-01,5.863653223677130774e-04
4.988865803653851003e+02,1.014183253668623621e+02,7.177380376087293123e-02,-1.037018140122030613e-01,2.987570893325665984e-04
5.088867234335463650e+02,1.014101819350674845e+02,2.308956340948492905e-02,-1.058692664831518415e-01,4.173685845949657441e-04
5.190873185990770935e+02,1.013722662645556483e+02,6.641703681847939411e-02,-1.080849858880713887e-01,2.944120209285307991e-04
5.294923839088257864e+02,1.013447853147405908e+02,4.637173679653382868e-02,-1.100347726142139881e-01,6.246671807073559540e-04
5.401060179510803891e+02,1.013608805164932818e+02,4.574663912318722298e-02,-1.122074703061570339e-01,6.368334313636328081e-04
5.509324014700155203e+02,1.012887761483732731e+02,4.948843389750866989e-02,-1.146679008159031399e-01,6.635004647566467148e-04
5.619757990125004881e+02,1.012547940116360650e+02,2.787757629481063884e-02,-1.169011603474909428e-01,5.448753338290470913e-04
5.732405606079181553e+02,1.012788918423689637e+02,3.921279505352415901e-02,-1.194240856234052295e-01,3.780405635847510848e-04
5.847311234816553451e+02,1.012215623454430897e+02,4.860045550536683245e-02,-1.217698617662382049e-01,5.117606107066338022e-04
5.964520138029396321e+02,1.011833679275893303e+02,2.534336760242699577e-02,-1.242615991872014491e-01,5.590570078241271536e-04
6.084078484677121423e+02,1.011543368751954404e+02,6.330036903852895303e-02,-1.262312283824228998e-01,4.483304697460919986e-04
6.206033369172375842e+02,1.011277456511970456e+02,5.004893627990795318e-02,-1.287364984992939720e-01,4.380391147927153572e-04
6.330432829931679635e+02,1.010613761726907569e+02,7.385585896112675797e-02,-1.315993154418320099e-01,5.038900304916842663e-04
6.457325868297909892e+02,1.010385542489300406e+02,5.927309623171102271e-02,-1.343154217571768672e-01,4.546390098868269346e-04
6.586762467842086153e+02,1.010319469417389371e+02,3.062656174944274404e-02,-1.369294907240896086e-01,4.631553559819282678e-04
6.718793614052060548e+02,1.009769491649413453e+02,2.328855493109001362e-02,-1.392821963633475435e-01,4.495634581744715531e-04
6.853471314415858160e+02,1.009094625203830589e+02,4.163871750850619419e-02,-1.423013068368446654e-01,3.774119228399015779e-04
6.990848618907597256e+02,1.009046287596679150e+02,4.659762905319252135e-02,-1.450017742781208319e-01,6.818554776556228283e-04
7.130979640884039554e+02,1.008204267635840949e+02,4.285012780083480993e-02,-1.479683652430766050e-01,4.140091521552470739e-04
7.273919578400012824e+02,1.007736797856158120e+02,2.544442040079531592e-02,-1.507064402438428041e-01,5.995196782673860129e-04
7.419724735951103867e+02,1.007699590775486485e+02,3.299448339948081454e-02,-1.538436250203915334e-01,4.591145485882226415e-04
7.568452546652172259e+02,1.007242591338528541e+02,6.461969102558873246e-02,-1.569254283179392639e-01,3.487567204859974481e-04
7.720161594860450123e+02,1.006292986360277411e+02,6.349853373124821065e-02,-1.603262701642378940e-01,4.329349069926664633e-04
7.874911639252067062e+02,1.006166991911057096e+02,5.500149614067247755e-02,-1.632669966914214454e-01,3.684201377167826389e-04
8.032763636361262343e+02,1.005329499575838241e+02,5.917727829222785285e-02,-1.667004219845514557e-01,5.694853800868539175e-04
8.193779764591248522e+02,1.004870208877743920e+02,6.377244569777448802e-02,-1.697696507312985992e-01,6.031165639299019112e-04
8.358023448706603631e+02,1.004372684733977508e+02,3.854262070569591109e-02,-1.729721217588982562e-01,6.779320968361655106e-04
8.525559384816356214e+02,1.003604189877690942e+02,5.253323566433786701e-02,-1.765609280155925054e-01,6.144435601978015570e-04
8.696453565858130332e+02,1.003237628642290105e+02,6.863500278696114953e-02,-1.801792253427436652e-01,6.461795920457381534e-04
8.870773307592822903e+02,1.002125939810208735e+02,5.321856210782256041e-02,-1.838621742450669283e-01,6.672105319377996929e-04
9.048587275120650020e+02,1.001809089623484681e+02,5.062400513714792466e-02,-1.872629465919032066e-01,2.329977573155055050e-04
9.229965509928395022e+02,1.000831902357588206e+02,5.867760850130167988e-02,-1.910207051585116333e-01,5.814224341143823041e-04
9.414979457479122402e+02,1.000447350949108483e+02,7.317780290758547912e-02,-1.947264296876159428e-01,6.252706577396353622e-04
9.603701995354624614e+02,9.994916964523325476e+01,7.729741564769139484e-02,-1.986854806403184903e-01,5.400092650763247543e-04
9.796207461962283105e+02,9.986209790148065224e+01,3.685454584239950676e-02,-2.027255730764317698e-01,4.984333108182747128e-04
9.992571685817048319e+02,9.977502094774270347e+01,7.024421294320604137e-02,-2.064619787618832414e-01,5.213771571583081287e-04
1.019287201541069408e+03,9.970750050273261422e+01,6.351039700763516649e-02,-2.105972336229893216e-01,5.815413994827196712e-04
1.039718734967947967e+03,9.958951006143287543e+01,6.076824136899629247e-02,-2.151982236295127693e-01,4.551615085317657844e-04
1.060559816908280254e+03,9.951267880398874865e+01,4.696474146503892139e-02,-2.190844628901534585e-01,5.370535237753558877e-04
1.081818656730466046e+03,9.939959208540332725e+01,6.960884320292978766e-02,-2.233128252365397248e-01,4.574536144736258167e-04
1.103503628359062077e+03,9.931478031502879844e+01,6.739291093821254963e-02,-2.277261114856387325e-01,5.805099033362834827e-04
1.125623273573298093e+03,9.916913764548152699e+01,6.228988205472905243e-02,-2.321978966134305433e-01,4.514334770214755419e-04
1.148186305371709750e+03,9.907184112373141716e+01,5.868137489934789619e-02,-2.364532750472019274e-01,5.734712940132745407e-04
1.171201611404217601e+03,9.898352642444019978e+01,4.249236205416218742e-02,-2.413156978434624622e-01,6.420845583357521038e-04
1.194678257472999803e+03,9.885822792010684168e+01,5.343998301363202946e-02,-2.461607514950034936e-01,3.021980807414867886e-04
1.218625491103540980e+03,9.872258677203558364e+01,3.511798718116235229e-02,-2.509688951253379319e-01,8.142573302546987852e-04
1.243052745187261507e+03,9.859519225741192372e+01,3.693573796491186889e-02,-2.556202613077798169e-01,3.784210612643973512e-04
1.267969641697163752e+03,9.848528880556720821e+01,4.438296532907592962e-02,-2.609444039033348428e-01,6.677260728762225228e-04
1.293385995477957067e+03,9.833336906098625718e+01,5.647910104056257097e-02,-2.662340481140832438e-01,4.836731189397374558e-04
1.319311818112157653e+03,9.819349829767064364e+01,5.443671746107987125e-02,-2.709551665497269557e-01,4.598903064266741448e-04
1.345757321863681227e+03,9.803198993092250646e+01,6.376981666195728760e-02,-2.766970086745084711e-01,4.059223939882676503e-04
1.372732923700487390e+03,9.786634591530170724e+01,7.865547632497153774e-02,-2.818753278039721755e-01,5.226591164520133677e-04
1.400249249397855692e+03,9.773532084386161500e+01,3.526299548082319907e-02,-2.872527311027191499e-01,4.159445555688726049e-04
1.428317137723912538e+03,9.755259507742340475e+01,6.253648167638485578e-02,-2.928564577039035610e-01,5.191265843061430374e-04
1.456947644709056704e+03,9.735771249828604823e+01,4.107257464914299688e-02,-2.983707523264406136e-01,5.759579008194086382e-04
1.486152048000963987e+03,9.718518264508496429e+01,3.948594108838537203e-02,-3.041553832057739548e-01,3.671260827772584176e-04
1.515941851306889248e+03,9.700497089531779693e+01,4.155986784893764968e-02,-3.100260649087828724e-01,3.934977060289334815e-04
1.546328788925013441e+03,9.680930555867109888e+01,4.287988447935242586e-02,-3.159733589477868310e-01,5.675892185249446298e-04
1.577324830366619608e+03,9.662572678288610462e+01,6.046604981223418357e-02,-3.220203072605141714e-01,4.565435584032264999e-04
1.608942185070923188e+03,9.640659276278910284e+01,4.857241218202418970e-02,-3.282673561501073811e-01,9.263271206532954155e-04
1.641193307214407696e+03,9.619258898759588305e+01,5.693043883467803490e-02,-3.342010111707324760e-01,5.676110572183369314e-04
1.674090900616564568e+03,9.595786654889765543e+01,4.171229998898610958e-02,-3.407625579068619404e-01,4.429531100771453146e-04
1.707647923743968477e+03,9.573659463993260488e+01,6.029627770162023642e-02,-3.468354268975100685e-01,5.712208708293699819e-04
1.741877594814658096e+03,9.547772811045015828e+01,4.401712006998821647e-02,-3.536328892486083619e-01,5.390983999195961447e-04
1.776793397004834333e+03,9.526144328021230478e+01,5.812265162439955724e-02,-3.604589168856066062e-01,3.666509701886327684e-04
1.812409083759926489e+03,9.502683075405639102e+01,5.956219910998372669e-02,-3.673074307175038800e-01,5.647397995578356047e-04
1.848738684212117732e+03,9.473443518625397530e+01,4.714650926725550556e-02,-3.744515021708228475e-01,6.204934482909793807e-04
1.885796508706464920e+03,9.449350180269482280e+01,3.995617800945883147e-02,-3.809099590496538013e-01,6.767758613208066810e-04
1.923597154437788959e+03,9.422085416817022008e+01,3.180841262236948352e-02,-3.886263833723149208e-01,3.482213585832915443e-04
1.962155511200557157e+03,9.393306038395348878e+01,5.651714489124670671e-02,-3.959197264252581339e-01,4.414656064083039857e-04
2.001486767254018559e+03,9.364300905757360738e+01,5.263234475711121158e-02,-4.031135712878898270e-01,7.254082212570623451e-04
2.041606415304909660e+03,9.333031585292923182e+01,6.481190536344456909e-02,-4.106722687785094306e-01,6.489285373841895610e-04
2.082530258610079272e+03,9.301123466173353904e+01,5.878797776425175731e-02,-4.181563924188951842e-01,6.335104584062526247e-04
2.124274417201443157e+03,9.266251502429739162e+01,4.004630441919958955e-02,-4.259146863237083247e-01,5.013225673100913824e-04
2.166855334235713599e+03,9.236028643375423997e+01,7.636031257535949579e-02,-4.335877737705403634e-01,7.109913532219578778e-04
2.210289782471413673e+03,9.202717669062511163e+01,4.975217068195164627e-02,-4.415331676157373542e-01,6.235360228421330800e-04
2.254594870875717334e+03,9.165683293012060062e+01,7.958344694165597755e-02,-4.496397330246407198e-01,5.345160276768085071e-04
2.299788051363729210e+03,9.126738340631951019e+01,5.345911929923134742e-02,-4.578096454121123315e-01,6.731225200192721744e-04
2.345887125672846196e+03,9.085871487796460144e+01,5.406584440326185625e-02,-4.664079390499347721e-01,8.669422944475613799e-04
2.392910252374920674e+03,9.050315371392404984e+01,4.894243208479306245e-02,-4.746311972644078336e-01,4.848315479682693591e-04
2.440875954028978413e+03,9.008992953247367552e+01,9.294025700861630046e-02,-4.831959783259084373e-01,3.914500769695084047e-04
2.489803124477314213e+03,8.964838954923419578e+01,6.050786516698825751e-02,-4.912612849671201820e-01,7.258322090339894847e-04
2.539711036287835213e+03,8.922688038595046578e+01,4.273820204682186180e-02,-5.002250151799023659e-01,3.986135083939512593e-04
2.590619348345589060e+03,8.875361348547052387e+01,8.539327938793571382e-02,-5.089708589213979284e-01,5.916862757497036831e-04
2.642548113596457370e+03,8.831932801045665826e+01,6.110924894243960348e-02,-5.176406005057122561e-01,8.476432248373012585e-04
2.695517786946082197e+03,8.788591046990778466e+01,5.383099638662106057e-02,-5.272419809271339242e-01,6.530447511963923934e-04
2.749549233317103244e+03,8.735412101208873992e+01,2.429049787144656539e-02,-5.361889420609191603e-01,6.395128316813590477e-04
2.804663735867935884e+03,8.686799997698389575e+01,4.609543798450364133e-02,-5.454780322060734932e-01,4.183898465740192420e-04
2.860883004376264125e+03,8.636693465497280897e+01,3.330979204642698505e-02,-5.546178593564782267e-01,8.881340709541991722e-04
2.918229183790591833e+03,8.588970574249466949e+01,6.117758859170621677e-02,-5.639780280632373799e-01,7.883631139185995297e-04
2.976724862953210049e+03,8.529969465836259701e+01,8.567843195075221241e-02,-5.731388405068809089e-01,8.972546986635668862e-04
3.036393083498014221e+03,8.475857286097587462e+01,5.365428941860476281e-02,-5.831892309641557581e-01,6.026486825992774564e-04
3.097257348926674695e+03,8.421927735196510412e+01,6.522837228511539631e-02,-5.928263286971756640e-01,6.261950459482962380e-04
3.159341633866742995e+03,8.363199789321700450e+01,7.955375218826696293e-02,-6.023183746436561181e-01,7.524090266253952467e-04
3.222670393515331853e+03,8.305874409593727137e+01,3.938615650288874309e-02,-6.125334434322167176e-01,7.142558728946602105e-04
3.287268573272097001e+03,8.248008772817217960e+01,5.290434288739075119e-02,-6.222168280073450131e-01,4.383979878446055784e-04
3.353161618565307890e+03,8.181496549338481827e+01,7.347648242064153123e-02,-6.317961007455293876e-01,6.367147527664869782e-04
3.420375484874883568e+03,8.125024245295114156e+01,4.085900763599039504e-02,-6.419937223451452901e-01,8.154818466026160896e-04
3.488936647956338220e+03,8.058968964661588075e+01,5.302867696964073257e-02,-6.523285652499868359e-01,6.533121865572595176e-04
3.558872114269665872e+03,7.993051129432168977e+01,5.278893066251862803e-02,-6.625200176624604920e-01,7.892056857382570480e-04
3.630209431617269729e+03,7.929176469623318724e+01,7.719552778417144989e-02,-6.727296120004204738e-01,8.543430167493770884e-04
3.702976699995130730e+03,7.863423634429399556e+01,6.818984234215690055e-02,-6.829816897358060857e-01,8.575671661501997698e-04
3.777202582661483575e+03,7.794825443504483076e+01,6.303870321609396365e-02,-6.934638739389834550e-01,6.549230434138566745e-04
3.852916317427366721e+03,7.724579766222805688e+01,5.261925254825335768e-02,-7.034909386630289196e-01,6.815099627321226025e-04
3.930147728173487849e+03,7.653414598336850361e+01,4.741979703618702524e-02,-7.139142500896291654e-01,6.824216687077652721e-04
4.008927236597945921e+03,7.586167622408834177e+01,6.741375622720346961e-02,-7.244194195036011141e-01,6.688129046759927216e-04
4.089285874199434602e+03,7.509683910731106948e+01,6.489959812894498248e-02,-7.347893708226669318e-01,9.413052492876025244e-04
4.171255294500648233e+03,7.436463921215221262e+01,7.924038471587306620e-02,-7.455478485904333263e-01,8.578444407929349978e-04
4.254867785516704316e+03,7.362591516327981367e+01,5.312755650112379463e-02,-7.554059054564394859e-01,5.498179472825773283e-04
4.340156282473497413e+03,7.289370449546792941e+01,3.615431216257052049e-02,-7.657513793716870243e-01,7.865969748755871323e-04
4.427154380780984866e+03,7.212865972744071996e+01,6.767431268556658996e-02,-7.762950713792190482e-01,5.765256728493611208e-04
4.515896349266530706e+03,7.132343667731554149e+01,5.375382678900977179e-02,-7.868287487723821805e-01,3.197736383732900233e-04
4.606417143673503233e+03,7.055804776497042496e+01,5.164684408883991884e-02,-7.972464952811951777e-01,7.035051060353792558e-04
4.698752420430452730e+03,6.980600299302516021e+01,5.719055093516071941e-02,-8.078229810597129523e-01,5.316305228424472382e-04
4.792938550696293532e+03,6.900952532661214889e+01,3.415734607297624820e-02,-8.182458564188458405e-01,4.839199876978841192e-04
4.889012634687016543e+03,6.822788804861110634e+01,7.907399866890121864e-02,-8.287118340569596953e-01,8.742670061314629284e-04
4.987012516289585619e+03,6.742373242257450272e+01,4.666238409754783906e-02,-8.389198261945161050e-01,7.435151168017045242e-04
5.086976797968763094e+03,6.662084199758385239e+01,4.327456641970256479e-02,-8.490002597405730267e-01,6.476141267842897963e-04
5.188944855972742516e+03,6.581446743616773176e+01,6.341798084469556229e-02,-8.596447350570912693e-01,6.113015789474611191e-04
5.292956855843580342e+03,6.501198341432686334e+01,6.944851012593254713e-02,-8.693080205608032518e-01,8.724109561535168264e-04
5.399053768238527482e+03,6.417930777315231694e+01,7.001358360417429816e-02,-8.800533204979910096e-01,8.289397161122976070e-04
5.507277385068503463e+03,6.337471413317778257e+01,5.677501046673386759e-02,-8.901377248234449979e-01,7.741510346739976633e-04
5.617670335960064222e+03,6.256254670303276555e+01,5.991180694900549025e-02,-9.002697318902084245e-01,1.029205383875208581e-03
5.730276105047341844e+03,6.170981539804805749e+01,4.552365166451980555e-02,-9.105026182078544972e-01,6.616575003571794743e-04
5.845139048100591026e+03,6.094141948182643631e+01,4.144030137320704743e-02,-9.203473009185616505e-01,8.342174214557309363e-04
5.962304409998062511e+03,6.007772024535810118e+01,6.677391496548105987e-02,-9.302672806381210302e-01,5.850739394833870009e-04
6.081818342548104738e+03,5.925845697858710537e+01,5.853624317853062253e-02,-9.400273656717020865e-01,8.650657989247138597e-04
6.203727922668509564e+03,5.839409600300841419e+01,3.713043159803562643e-02,-9.496499240403200037e-01,1.071316977369618289e-03
6.328081170930258850e+03,5.760894465617938209e+01,4.403028858365363313e-02,-9.590446191357326899e-01,6.978658830008978645e-04
6.454927070472982450e+03,5.679992081845837504e+01,6.472586495165039144e-02,-9.684484398039667763e-01,6.030347922029746744e-04
6.584315586299566348e+03,5.595852615444827904e+01,5.157888789065669805e-02,-9.782613049288091389e-01,7.275858092618719183e-04
6.716297684957533420e+03,5.514683830701532941e+01,4.681634847609537908e-02,-9.877010884452415151e-01,8.236335848775396765e-04
6.850925354614922981e+03,5.433199113196523911e+01,4.433326531568257400e-02,-9.967507270962743249e-01,7.436290752328624659e-04
6.988251625538599001e+03,5.353635280788677164e+01,4.070023186340333832e-02,-1.006112540019585166e+00,9.913958558487848041e-04
7.128330590983036927e+03,5.274045487819986278e+01,5.513885439145770756e-02,-1.014871454935678319e+00,7.001204725849351999e-04
7.271217428497833680e+03,5.193967337973792553e+01,3.792190026269803838e-02,-1.023861368053116339e+00,4.958292259795634436e-04
7.416968421662321816e+03,5.115064770678471007e+01,3.303023953324032980e-02,-1.032936534580106924e+00,8.903590522726962265e-04
7.565640982255823474e+03,5.034022862213624450e+01,2.117717807493830692e-02,-1.041451703997442690e+00,1.040293402757694894e-03
7.717293672872378011e+03,4.955832269329934547e+01,3.656653305221908151e-02,-1.050310831143805634e+00,8.620290625950299043e-04
7.871986229988701780e+03,4.877671411057444573e+01,4.230629140355889745e-02,-1.059151284907903889e+00,7.134078918863880894e-04
8.029779587494585030e+03,4.799221322641544418e+01,4.127436566764697279e-02,-1.067246840987638556e+00,7.872326328325209921e-04
8.190735900694944576e+03,4.720694230022216686e+01,3.390062823458739327e-02,-1.074910413880397986e+00,1.009058687129594937e-03
8.354918570792993705e+03,4.645396223182837048e+01,5.137871804054790215e-02,-1.084364450478988218e+00,6.052300114453344846e-04
8.522392269864185437e+03,4.571521523425683142e+01,3.763956635431683906e-02,-1.092127144444257292e+00,5.333368815533338350e-04
8.693222966330733470e+03,4.496366378697955923e+01,3.122733649700569838e-02,-1.100097694141697557e+00,1.076012484936402988e-03
8.867477950946802594e+03,4.423997314620268639e+01,4.126958142509057348e-02,-1.107838824106935238e+00,7.809002939876205510e-04
9.045225863304531231e+03,4.348366843391459469e+01,5.411171561479553166e-02,-1.114867795033699149e+00,9.614264079093004468e-04
9.226536718871402627e+03,4.276272707265910356e+01,3.271755339774329308e-02,-1.122716883417440359e+00,8.002941393375252472e-04
9.411481936569543905e+03,4.205916817316524714e+01,3.528606121524476696e-02,-1.130469866650072541e+00,8.630649908093908883e-04
9.600134366907879667e+03,4.135006276525520263e+01,4.646846877526765451e-02,-1.137824374207379252e+00,5.059109352304079141e-04
9.792568320678170494e+03,4.067542100160153495e+01,3.253149771999447326e-02,-1.145137063598729910e+00,5.971680770384921481e-04
9.988859598226272283e+03,3.997314613482784296e+01,3.801521953080563149e-02,-1.152383288675429718e+00,1.274647823899978036e-03
1.018908551931013790e+04,3.930445516706119236e+01,2.980126648590006658e-02,-1.159192201004474843e+00,9.090120157000434282e-04
1.039332495355629544e+04,3.858937088938820636e+01,3.103755621601411718e-02,-1.165684052652717684e+00,8.921124425136670120e-04
1.060165835152690670e+04,3.794523361850868071e+01,2.494359613050006058e-02,-1.172256279102129817e+00,1.115903877092595288e-03
1.081416777640940018e+04,3.730098396129723426e+01,3.777112697902011706e-02,-1.178976862892518351e+00,9.273877304749548328e-04
1.103093693634147166e+04,3.662409298183519724e+01,2.574628628713886494e-02,-1.185966965308037357e+00,6.356878228077746194e-04
1.125205121738403250e+04,3.598914733194286697e+01,2.171968598237138462e-02,-1.192375962368460662e+00,7.488306875186814425e-04
1.147759771715500938e+04,3.538961070282682897e+01,3.397207599943383172e-02,-1.198561673681722173e+00,6.300010444557468513e-04
1.170766527913732352e+04,3.473527755793359262e+01,2.997059521874296736e-02,-1.204312458910609784e+00,1.053715060526797540e-03
1.194234452767466246e+04,3.414951331787450783e+01,3.994877021316817906e-02,-1.210835163236521961e+00,9.829772415395679735e-04
1.218172790366875415e+04,3.353219541020332883e+01,2.812110750819036414e-02,-1.215948931141083378e+00,8.688511355165645699e-04
1.242590970099207880e+04,3.294684029862024488e+01,4.202459327973233350e-02,-1.222957256578772300e+00,1.119537475794744408e-03
1.267498610363047374e+04,3.236839669755342186e+01,4.553679757864616262e-02,-1.228639230782985869e+00,9.661639220212562456e-04
1.292905522357036352e+04,3.179226515606988102e+01,2.760452991328506134e-02,-1.233941387808140444e+00,1.167679173969584207e-03
1.318821713944543262e+04,3.121004536442852739e+01,3.376768220801831810e-02,-1.240400925665488652e+00,1.374726271002862238e-03
1.345257393595787107e+04,3.067854223968789640e+01,2.816968279047231405e-02,-1.245910100460687620e+00,1.247493057427944470e-03
1.372222974408980190e+04,3.011537992818622911e+01,4.134572898307884575e-02,-1.250616971873054428e+00,1.448776030882352375e-03
1.399729078212086279e+04,2.960011832642758378e+01,2.891796749146216539e-02,-1.255618363381079794e+00,8.712367721494568458e-04
1.427786539746798007e+04,2.905805262309382186e+01,2.164485235197488588e-02,-1.261163352475168420e+00,1.137870756922153672e-03
1.456406410936370776e+04,2.853148922383712005e+01,3.676032420820164043e-02,-1.266126260924411273e+00,8.852952596973079563e-04
1.485599965239003723e+04,2.803072300662623917e+01,2.096679371057105085e-02,-1.271485768685990392e+00,1.226188706606934440e-03
1.515378702088497630e+04,2.750925059120952909e+01,3.528478564890787095e-02,-1.275832339589451969e+00,1.560425082570940153e-03
1.545754351423923799e+04,2.701895451304777040e+01,4.189710453892741410e-02,-1.280648667084010706e+00,1.132682112608843781e-03
1.576738878310078144e+04,2.653858383306894808e+01,3.012839069898362934e-02,-1.284946182931466341e+00,1.109609777736137977e-03
1.608344487650553128e+04,2.605300249180238481e+01,2.884910750975446664e-02,-1.289961692874340038e+00,8.828785288189139237e-04
1.640583628995292383e+04,2.558204127032510655e+01,2.113091019771002124e-02,-1.294501231303017530e+00,1.530510029816061846e-03
1.673469001444516107e+04,2.510206532140070479e+01,3.748477898035546679e-02,-1.298180556017514142e+00,1.168027337703892062e-03
1.707013558650930645e+04,2.468075358172285050e+01,2.653941770011381679e-02,-1.302391193193517926e+00,1.497035052799484478e-03
1.741230513922204773e+04,2.423476313145386385e+01,2.197283115960302693e-02,-1.307380639496360519e+00,1.306921707608238014e-03
1.776133345425742300e+04,2.378957392491783551e+01,2.710668968371100426e-02,-1.312034841784214478e+00,1.294275817424308259e-03
1.811735801497781722e+04,2.334785541799754327e+01,3.732257760842753319e-02,-1.315882111019718526e+00,1.067068393969269110e-03
1.848051906058900931e+04,2.291969384078281990e+01,2.418375275083481379e-02,-1.319856358955932452e+00,8.996841177287983769e-04
1.885095964138079580e+04,2.252805332711805164e+01,2.074482821569471891e-02,-1.323671466475468961e+00,9.614418338422727351e-04
1.922882567507500062e+04,2.211945062412104335e+01,4.381164668898654413e-02,-1.327006406389428239e+00,1.182223064166508519e-03
1.961426600430301914e+04,2.169407051007594944e+01,3.047394401290889551e-02,-1.331697856019131931e+00,1.690437818922343278e-03
2.000743245523532460e+04,2.131692407779319609e+01,2.757717395045181097e-02,-1.335146625934931830e+00,1.375910514863430689e-03
2.040847989738620527e+04,2.094731871218738561e+01,2.950462371848618093e-02,-1.339492304913154186e+00,1.710367771820369732e-03
2.081756630461742679e+04,2.054367278372863126e+01,2.406506418213590071e-02,-1.342959287499764232e+00,1.890182398060233880e-03
2.123485281736476827e+04,2.018550609134085150e+01,3.329630041154313380e-02,-1.346592007110886779e+00,1.168325394739302232e-03
2.166050380611151195e+04,1.981320611978743074e+01,2.455068268911168167e-02,-1.350229559912824895e+00,1.375704629364497096e-03
2.209468693613459618e+04,1.947633544669198002e+01,2.789012131939138522e-02,-1.355632540958783050e+00,1.281390703149166586e-03
2.253757323354861728e+04,1.910495058072996599e+01,2.267234062965371028e-02,-1.356927337322393790e+00,1.193504752695607194e-03
2.298933715267346997e+04,1.875114203520498180e+01,2.910777827059653905e-02,-1.361255193052676393e+00,2.008305779318940269e-03
2.345015664475234007e+04,1.843399908712978075e+01,3.656837754147767433e-02,-1.363829010837846800e+00,1.689219173625203674e-03
2.392021322804739248e+04,1.809320950166911501e+01,3.501003253426161060e-02,-1.368022389302717468e+00,2.278435211809924296e-03
2.439969205934045385e+04,1.777556913958061102e+01,3.476203569048007258e-02,-1.372113670416131637e+00,1.527852534495525430e-03
2.488878200686678247e+04,1.745054724236565491e+01,2.817774973243448305e-02,-1.375283309405340715e+00,1.191694041505628014e-03
2.538767572471076710e+04,1.715071992248885024e+01,2.600365511006990857e-02,-1.378175155429806509e+00,2.118414473974585596e-03
2.589656972869307356e+04,1.682421885074435153e+01,2.240151954486831881e-02,-1.382394091603763586e+00,1.859784899911999046e-03
2.641566447377894656e+04,1.653903600522874484e+01,3.360718397987713657e-02,-1.386164299241998688e+00,1.507678488239047859e-03
2.694516443303797496e+04,1.624945340970089092e+01,2.700399397967028631e-02,-1.387933718072800859e+00,1.736504078985529964e-03
2.748527817818657422e+04,1.593384763570243834e+01,2.183261915799616926e-02,-1.393141776489329242e+00,1.474273521977379408e-03
2.803621846174513121e+04,1.566370612549927799e+01,2.866335912018244322e-02,-1.395985443857517883e+00,1.587004882119317194e-03
2.859820230084202922e+04,1.539299683985163014e+01,3.918625333427066398e-02,-1.398813737343414632e+00,1.386066721115359734e-03
2.917145106269727330e+04,1.509562192097343925e+01,2.791582118287956951e-02,-1.402722574906724251e+00,1.533887384704435679e-03
2.975619055181962904e+04,1.481839486076734680e+01,3.189221243139830908e-02,-1.405409269913805215e+00,1.844744199246166165e-03
3.035265109895182832e+04,1.453848716261004981e+01,3.155859390531699782e-02,-1.408984853700801843e+00,2.496340643806922374e-03
3.096106765179873037e+04,1.428157334766918929e+01,2.997222386326535079e-02,-1.411769908753596203e+00,2.523063730693306944e-03
3.158167986757383187e+04,1.402446644372195728e+01,2.470696284226380282e-02,-1.414181065238299784e+00,2.194254362890472529e-03
3.221473220740088436e+04,1.377228127392212187e+01,4.348118630109531341e-02,-1.418642963253503586e+00,1.794536158357178720e-03
3.286047403260802821e+04,1.353033070398964455e+01,3.617407699739459692e-02,-1.422059498773353248e+00,1.624042956233059552e-03
3.351915970295215811e+04,1.327569384750599646e+01,2.322907215009388515e-02,-1.426339265347504881e+00,2.503850194492718544e-03
3.419104867681188625e+04,1.306244116926107779e+01,3.747739739933247244e-02,-1.427962281796966604e+00,3.595621062245005824e-03
3.487640561338890257e+04,1.281408985361770547e+01,2.558454592707288394e-02,-1.432129999057664582e+00,1.950373655393385433e-03
3.557550047695820103e+04,1.258821132516005825e+01,1.904167431578248498e-02,-1.435797616864895598e+00,2.325255637051243385e-03
3.628860864320802648e+04,1.235439997134223589e+01,3.123713581062595099e-02,-1.438544164751990762e+00,2.348576721666993748e-03
3.701601100771105848e+04,1.212864819296051699e+01,3.073880605675042080e-02,-1.442279274953348178e+00,2.510002873345316965e-03
3.775799409656995704e+04,1.190763672527980788e+01,3.799547312356621465e-02,-1.445712041345560417e+00,3.350692188321352603e-03
3.851485017928103480e+04,1.169684033662435851e+01,2.969391804499421639e-02,-1.450057201419061137e+00,3.606769517844846118e-03
3.928687738386028650e+04,1.147419309519588992e+01,2.597613967047584724e-02,-1.454136680705576889e+00,3.038538551676084505e-03
4.007437981427681370e+04,1.127581936273373842e+01,3.335122307764192690e-02,-1.453543009303656319e+00,3.672138284560495097e-03
4.087766767024021829e+04,1.106751856821162860e+01,1.891562611225362095e-02,-1.458760683440052386e+00,3.636693800785786509e-03
4.169705736938935297e+04,1.087036439661039644e+01,2.335959438497012958e-02,-1.462340713702555250e+00,3.130322907040116245e-03
4.253287167193044297e+04,1.070583880501228080e+01,2.666658897764397421e-02,-1.464535673981920194e+00,3.691941150853977980e-03
4.338543980777316756e+04,1.047706693297917013e+01,2.633040501574001463e-02,-1.468913734390598247e+00,2.762396805276948284e-03
4.425509760621524038e+04,1.029533024517673745e+01,2.824221140618825981e-02,-1.470921046372821284e+00,2.649449876390601050e-03
4.514218762822674762e+04,1.008300270027565304e+01,3.598227472236514846e-02,-1.477860388074910158e+00,2.930129641056309665e-03
4.604705930138620170e+04,9.902500940748407032e+00,4.211903781932144208e-02,-1.479756351083172161e+00,3.190070885515127515e-03
4.697006905752103194e+04,9.748332762217554404e+00,3.763710602704063019e-02,-1.482815793523369674e+00,3.559550094774834982e-03
4.791158047310698748e+04,9.563195582570161335e+00,3.123911067129158531e-02,-1.485880393250423648e+00,3.195595242286346227e-03
4.887196441248226620e+04,9.400452985583189758e+00,5.279864439374686719e-02,-1.489713046260193741e+00,3.688009701486154659e-03
4.985159917393233627e+04,9.219766991880510076e+00,3.754135229703191995e-02,-1.493905387967682241e+00,3.965028310402746690e-03
5.085087063870266866e+04,9.055384466414592382e+00,1.626962968067502402e-02,-1.495699409038533600e+00,2.573537085311359846e-03
5.187017242299836653e+04,8.884680568262528055e+00,2.782551219859683359e-02,-1.502492865520528520e+00,4.963178797401238303e-03
5.290990603303102398e+04,8.723443869190523614e+00,3.113765844246060843e-02,-1.504133074272264725e+00,4.789043299102496015e-03
5.397048102317354642e+04,8.543159036728194877e+00,4.895118383445394572e-02,-1.507548171356316136e+00,5.297517522629197582e-03
5.505231515728467639e+04,8.402435075458111413e+00,4.419780643662525599e-02,-1.511128560852817770e+00,3.863547299958412003e-03
5.615583457326730422e+04,8.258071514883990716e+00,3.996960058189432535e-02,-1.514998911346844723e+00,3.238510065214779323e-03
5.728147395092574880e+04,8.093581083620783545e+00,4.698012337884328177e-02,-1.516951434405119370e+00,3.841763818458973981e-03
5.842967668318787037e+04,7.903424854854610437e+00,5.305524733606419019e-02,-1.522867275308346091e+00,5.277279416179780046e-03
5.960089505075825582e+04,7.794932844109216497e+00,4.586985409358339261e-02,-1.525287388119975773e+00,3.083735492741298493e-03
6.079559040027335868e+04,7.648520764936341365e+00,5.215080871762365483e-02,-1.530759821672145193e+00,4.536902461670740475e-03
6.201423332602767186e+04,7.496422934508233382e+00,6.194698697741023163e-02,-1.535960173095827441e+00,3.284201220542007447e-03
6.325730385534206289e+04,7.363110121440541889e+00,2.120654428299368829e-02,-1.537389522557485844e+00,4.869951765188516683e-03
6.452529163764780969e+04,7.242292894697293093e+00,3.914013806847226051e-02,-1.544427738446883414e+00,6.200309705426058048e-03
6.581869613736133033e+04,7.082339385962510114e+00,5.271428709810352387e-02,-1.543988198844379323e+00,6.236016080297739420e-03
6.713802683062502183e+04,6.962877576911284727e+00,4.333493217287451987e-02,-1.553209428702469808e+00,4.018169462411408030e-03
6.848380340599131887e+04,6.820816992226076181e+00,4.500663178383356583e-02,-1.556199968705839209e+00,5.741966176836761637e-03
6.985655596912941837e+04,6.706138859489077397e+00,3.678561170557748811e-02,-1.561081206039629299e+00,5.750880517580505245e-03
7.125682525163574610e+04,6.570691138384733954e+00,4.015336907764623098e-02,-1.562267099025702377e+00,6.450877496144020659e-03
7.268516282403025252e+04,6.446193118202183214e+00,5.037058208783617291e-02,-1.569940323220346823e+00,1.063414570314026933e-02
7.414213131302145484e+04,6.325999647903065792e+00,3.099020157880932186e-02,-1.568063432026039594e+00,6.524725477465338416e-03
7.562830462312657619e+04,6.222647598941132507e+00,4.355349989594214238e-02,-1.577456176435033885e+00,5.831638397949752244e-03
7.714426816273471923e+04,6.094272249148829701e+00,5.059930765297708521e-02,-1.579343997352323115e+00,1.031379502846701060e-02
7.869061907470131700e+04,5.969659720386334634e+00,3.846938060977090484e-02,-1.586521541567159632e+00,6.442270852351548657e-03
8.026796647156434483e+04,5.886491559875492108e+00,5.240890735532138800e-02,-1.587351921927309562e+00,8.709500006711036468e-03
8.187693167547535268e+04,5.767192877088400671e+00,4.079382041328682290e-02,-1.592312041669766254e+00,6.486204730602735183e-03
8.351814846294056042e+04,5.653875167086312992e+00,6.481007911094822938e-02,-1.595427834365128916e+00,9.774735636339123429e-03
8.519226331446773838e+04,5.583594541430384695e+00,5.919147529970191640e-02,-1.602052910486592152e+00,8.675433805214724514e-03
8.689993566921666206e+04,5.458348352721428931e+00,3.867741995422602913e-02,-1.605573898796163856e+00,6.343576190659714654e-03
8.864183818475386943e+04,5.328516458562874369e+00,3.674839926266350310e-02,-1.608449803001376299e+00,9.115801494603007621e-03
9.041865700201505388e+04,5.247383603498177784e+00,5.128215070463745112e-02,-1.615718724911042070e+00,1.010994938338367378e-02
9.223109201557839697e+04,5.141287717678452829e+00,5.247636771262488564e-02,-1.628295672158270646e+00,1.180014659784165386e-02
9.407985714935504075e+04,5.063325218561394614e+00,6.212836231690817279e-02,-1.628726732411850175e+00,1.135525696341085217e-02
9.596568063780550438e+04,4.966097115224920699e+00,7.305557826949668487e-02,-1.628995085820576394e+00,9.047383934929421195e-03
9.788930531279399293e+04,4.850043010743473992e+00,3.531642037062513589e-02,-1.631330662665078091e+00,1.425342734278737394e-02
9.985148889619257534e+04,4.768251188775977312e+00,5.621304496709633725e-02,-1.642826194969864373e+00,9.842388946165953403e-03
1.018530042983498570e+05,4.668355611242724024e+00,6.520405903311767004e-02,-1.639975959817331796e+00,9.185252544598487487e-03
1.038946399225424684e+05,4.552446651422680013e+00,8.587054177095218566e-02,-1.655320767680568350e+00,1.433514055840870785e-02
1.059771999755299330e+05,4.504151013837821793e+00,5.229217352902897076e-02,-1.650890954924731258e+00,7.639555310546145353e-03
1.081015047843349894e+05,4.402676177229664312e+00,5.946055796811856170e-02,-1.655133238575969390e+00,1.427792915766834363e-02
1.102683911193714302e+05,4.309621306056635071e+00,5.656339585564686828e-02,-1.663244228149761028e+00,1.301189962581945740e-02
1.124787125240524765e+05,4.232529668051208560e+00,5.240369717278014344e-02,-1.677698921763086215e+00,7.149336841589025091e-03
1.147333396510023449e+05,4.168440400616861830e+00,3.869625037241373328e-02,-1.672214082995636897e+00,1.617399574270577192e-02
1.170331606050109840e+05,4.071966822520762364e+00,3.832077534959664467e-02,-1.670238015431259271e+00,1.698362491606158695e-02
1.193790812928594823e+05,3.945673696547855602e+00,6.304857393272815524e-02,-1.685657129648596708e+00,1.399313029491613784e-02
1.217720257801615226e+05,3.911903985850017307e+00,5.692543500239798104e-02,-1.690602784017389837e+00,1.199522403150686534e-02
1.242129366553538421e+05,3.790982426448024079e+00,6.042447970081486763e-02,-1.696498205076518717e+00,1.919772415870963853e-02
1.267027754009867931e+05,3.761460687898741551e+00,5.188639300372013818e-02,-1.699690496020208386e+00,1.057137840776708679e-02
1.292425227724533179e+05,3.634269674553283203e+00,4.894549529054913195e-02,-1.697764667310692754e+00,1.390230308468932627e-02
1.318331791843137180e+05,3.577418603581498324e+00,5.032141933994630639e-02,-1.703609454856837901e+00,1.274913393842101207e-02
1.344757651043600345e+05,3.520026593996591568e+00,4.313835960534657260e-02,-1.723183025049463080e+00,1.267939327133729525e-02
1.371713214555835875e+05,3.438299986046621903e+00,6.267913636185214188e-02,-1.727495230544392912e+00,1.293781191502351921e-02
1.399209100261958665e+05,3.398652209815356429e+00,4.800733711814698934e-02,-1.734897646231943202e+00,1.838775828947906976e-02
1.427256138878723432e+05,3.316211700660765871e+00,5.014052417224817287e-02,-1.725103690690820812e+00,1.815757250904318290e-02
1.455865378223755688e+05,3.268372115827327118e+00,4.997106309460754708e-02,-1.735505927488296463e+00,1.577004564963113697e-02
1.485048087567346520e+05,3.174514463413676602e+00,5.388378165565874123e-02,-1.733461610653718399e+00,1.480128753266406888e-02
1.514815762071429926e+05,3.137706575051401270e+00,4.577475081175764321e-02,-1.747867743644751615e+00,2.391261442928385023e-02
1.545180127317587030e+05,3.089003906470526584e+00,3.933573971464605912e-02,-1.765833158358180111e+00,1.599893846851269813e-02
1.576153143925766344e+05,3.002038818579993329e+00,5.970954689445147345e-02,-1.762170788260614795e+00,1.919987727074012537e-02
1.607747012265633675e+05,2.939204404663884329e+00,5.424108649768426271e-02,-1.765390296542540982e+00,2.340710175859565464e-02
1.639974177262313024e+05,2.864199536748457398e+00,4.305275760968756832e-02,-1.771615743345650085e+00,1.963117909658043322e-02
1.672847333298506273e+05,2.813730943960874864e+00,3.644962593661308509e-02,-1.774690194475206706e+00,1.716528835174140760e-02
1.706379429214824922e+05,2.787385997902892765e+00,1.991800962262330749e-02,-1.780198387652095704e+00,1.632542359906801605e-02
1.740583673410406918e+05,2.712547776924197684e+00,3.834444341288668207e-02,-1.783128524272493021e+00,1.501680356472919614e-02
1.775473539045719663e+05,2.677133062436755306e+00,6.824826626595124901e-02,-1.791844788211453210e+00,1.231059194445299244e-02
1.811062769349707814e+05,2.592478596700160232e+00,4.506082638021197823e-02,-1.800250592072795808e+00,2.184621659979668271e-02
1.847365383033267281e+05,2.526576596425690546e+00,5.542041292580700274e-02,-1.817189251417920648e+00,1.728673813438849627e-02
1.884395679811288137e+05,2.497563527118413340e+00,5.348336903335119269e-02,-1.807119518753496079e+00,1.292092269586212448e-02
1.922168246035329648e+05,2.465793881031598467e+00,6.758254356771549454e-02,-1.807873695000338232e+00,2.053761564407782444e-02
1.960697960439258313e+05,2.397696979857292021e+00,3.995264552406871394e-02,-1.823663121689639954e+00,9.878039208561808365e-03
2.000000000000000291e+05,2.363102592556165504e+00,6.391988182688107534e-02,-1.844570652748940720e+00,2.404977373832990761e-02
