# #Freq[Hz], #Gain_mean[a.u.], #Gain_std[a.u.], #Phase_mean[rad], #Phase_std[rad]
1.000000000000000000e+01,3.306560745155674113e+02,7.144634533149586408e-01,-6.273311539068559921e-03,2.194721271037807387e-03
1.020044922957914046e+01,3.303086142365356750e+02,5.019919516439054208e-01,-6.859751490799937020e-03,2.186291945736826021e-03
1.040491644852216702e+01,3.304215125823140511e+02,8.980136773991498345e-01,-8.124580896383104198e-03,1.976472688881858626e-03
1.061348219711632446e+01,3.304409344145475416e+02,6.879417933108746830e-01,-6.752111085969847437e-03,2.010731815692253302e-03
1.082622863007271441e+01,3.305354381875670811e+02,5.934694582029942378e-01,-7.814498747480325483e-03,1.301249623812112625e-03
1.104323954888728387e+01,3.301713919985040206e+02,6.318343871108996757e-01,-7.452304313906310540e-03,2.092078627933360076e-03
1.126460043485051798e+01,3.304046803806672870e+02,7.776503606640897681e-01,-7.735140519136063722e-03,1.787496635145578673e-03
1.149039848271878128e+01,3.300750862587460119e+02,4.702792888540153204e-01,-7.194800001103151751e-03,1.556295458885991563e-03
1.172072263506061063e+01,3.300702917865075392e+02,5.312034224500397084e-01,-7.593822190915089365e-03,2.400016551512700567e-03
1.195566361729147786e+01,3.303355913966644266e+02,7.305111187554986785e-01,-8.239456010198953698e-03,1.855303029980965180e-03
1.219531397341082091e+01,3.304190568621794455e+02,5.257859139340560484e-01,-8.699839404083009251e-03,1.932647108073053989e-03
1.243976810245541387e+01,3.300731065551912025e+02,6.372929974578560586e-01,-8.504514400696905688e-03,1.837469580703457320e-03
1.268912229568344685e+01,3.305840175115616830e+02,5.932167373596748394e-01,-8.175687004167908264e-03,2.326335170004155406e-03
1.294347477450397044e+01,3.303792092194880183e+02,5.408880211776169178e-01,-8.200252765058157339e-03,1.184062256690761794e-03
1.320292572916661200e+01,3.305172964889414970e+02,7.067866164180357513e-01,-1.027946553131746724e-02,1.899409003619573081e-03
1.346757735822681745e+01,3.302023225983468251e+02,3.821743167608410707e-01,-9.537701650983044371e-03,1.765856185306185220e-03
1.373753390880222014e+01,3.307088237691256154e+02,5.812748266946704545e-01,-9.338339656668059527e-03,1.745006992852690588e-03
1.401290171763589143e+01,3.304396301630703761e+02,6.266365211061033502e-01,-9.866272887498394803e-03,1.246818568769802972e-03
1.429378925298272307e+01,3.302727719856969770e+02,8.872684469300566867e-01,-1.079430894439536992e-02,2.137451360321317769e-03
1.458030715733542060e+01,3.304487628707115050e+02,7.171016470753466265e-01,-1.051544636216803462e-02,1.800575993376464425e-03
1.487256829100693167e+01,3.300156910126074195e+02,6.235742853077752557e-01,-1.042059603556486601e-02,1.451359261992131704e-03
1.517068777658647960e+01,3.303201422003232324e+02,3.705286539570206150e-01,-1.069592177382330291e-02,1.673458488714953118e-03
1.547478304428672224e+01,3.307011529934863461e+02,6.030355952489705462e-01,-1.081572355456397218e-02,2.051557019116856395e-03
1.578497387819988340e+01,3.309320884104398033e+02,5.869305243310772857e-01,-1.104800886342855934e-02,1.365117561572637460e-03
1.610138246348108382e+01,3.303934894345327962e+02,5.657560315622821578e-01,-1.123353051536950600e-02,1.844166419802503905e-03
1.642413343447747209e+01,3.299858365149804627e+02,7.072875585285461897e-01,-1.159462781577733602e-02,1.445283156871812746e-03
1.675335392382207189e+01,3.299896673860310443e+02,4.309337897693799047e-01,-1.148658178983210688e-02,1.894193621221805079e-03
1.708917361251175038e+01,3.303547989615173037e+02,6.964264721299089356e-01,-1.131115655943499762e-02,2.501623813476144213e-03
1.743172478098896505e+01,3.306663204550564501e+02,6.982479877754749209e-01,-1.277273934225906481e-02,2.380083954450024943e-03
1.778114236124744707e+01,3.305785034141499636e+02,6.422153100185754582e-01,-1.201638637137252344e-02,2.113644769289386126e-03
1.813756398998235397e+01,3.301995264455778170e+02,5.197288564045094983e-01,-1.305018231543111397e-02,1.374414178559018717e-03
1.850113006280578531e+01,3.304780904487446378e+02,9.697921230328432340e-01,-1.353331901275129853e-02,2.394017425582285578e-03
1.887198378954907341e+01,3.301073538430549661e+02,9.728346974590905694e-01,-1.178979545304503773e-02,2.160966564842855490e-03
1.925027125067358469e+01,3.303660706463666656e+02,5.753727978851161939e-01,-1.367559347620086498e-02,2.050274146554296843e-03
1.963614145481228235e+01,3.304517867687787884e+02,5.471908969869795358e-01,-1.381500102391237592e-02,2.038806014858400312e-03
2.002974639746469521e+01,3.306642665339283553e+02,5.781865194868118785e-01,-1.386073906059381855e-02,1.847320721207595983e-03
2.043124112086844235e+01,3.301178202301637725e+02,7.774403541843499799e-01,-1.473858519504727196e-02,2.969027313696406909e-03
2.084078377507081470e+01,3.299998496063182074e+02,6.441830120233063006e-01,-1.425629308584981311e-02,1.289239741524734811e-03
2.125853568022465012e+01,3.302199819887752028e+02,5.837291660787482517e-01,-1.461888829876096738e-02,2.497468696279583986e-03
2.168466139013282046e+01,3.304236917201357642e+02,4.124932480280057434e-01,-1.567359064879569885e-02,1.194331149448349394e-03
2.211932875706648360e+01,3.303165825344546533e+02,6.080185123313559536e-01,-1.537155546800383910e-02,2.419587712447178462e-03
2.256270899788265183e+01,3.303383870195821146e+02,7.105445827309907481e-01,-1.655180172368653224e-02,2.294164617267349660e-03
2.301497676146704308e+01,3.305655947923572171e+02,3.236296825884683592e-01,-1.586178109286415921e-02,1.898019548742700506e-03
2.347631019752882864e+01,3.302413057076081486e+02,5.351974050346057776e-01,-1.719071464170585095e-02,1.402608361452739334e-03
2.394689102677438441e+01,3.302906323739298386e+02,6.192222781296379264e-01,-1.613398336817137985e-02,1.404815499339495113e-03
2.442690461248763967e+01,3.305091023499285257e+02,4.598501765231049476e-01,-1.640818412783486696e-02,2.175842757168828818e-03
2.491654003354526736e+01,3.301057281333269202e+02,7.082275832490405598e-01,-1.741066262952108840e-02,1.204220704760294814e-03
2.541599015889546109e+01,3.303681454466990317e+02,8.583020945339215890e-01,-1.750545003885606299e-02,1.628408201959291764e-03
2.592545172352962268e+01,3.305275240989159897e+02,5.908828796975983400e-01,-1.839321927272790161e-02,1.886177053563983059e-03
2.644512540597689210e+01,3.303773449503407278e+02,6.227374987214485680e-01,-1.778772022742214354e-02,2.209790887691999439e-03
2.697521590735207297e+01,3.305794234402532084e+02,4.292666274128271731e-01,-1.906853403709343059e-02,2.490306611973092284e-03
2.751593203198804005e+01,3.306833860866497048e+02,4.432007454492566390e-01,-1.890466880838714836e-02,1.594791745012465265e-03
2.806748676968443590e+01,3.306856810302352869e+02,7.631837042032542096e-01,-1.868131491032802918e-02,1.631669198689807967e-03
2.863009737960502932e+01,3.302437434835644012e+02,7.207693562767305551e-01,-1.867077641625907239e-02,2.014012877067791578e-03
2.920398547585678983e+01,3.308328106266013720e+02,8.149247438074118666e-01,-1.978706133272516501e-02,1.735509189820377178e-03
2.978937711478437578e+01,3.304251285307948933e+02,5.902953123376434297e-01,-2.042035299171462981e-02,2.756532879552479800e-03
3.038650288401447597e+01,3.303717074978493997e+02,6.096260891781757341e-01,-2.170238498869072469e-02,1.711499514055031404e-03
3.099559799328497434e+01,3.302417504897404115e+02,5.603686250786402701e-01,-2.083950417664857252e-02,1.824793052863298492e-03
3.161690236709484481e+01,3.305777860772931831e+02,6.181948789381930265e-01,-2.214454682755508802e-02,1.465556305885694832e-03
3.225066073921114906e+01,3.299813468353955841e+02,7.533902769282624368e-01,-2.084947619663570645e-02,1.697050918785668718e-03
3.289712274907046208e+01,3.301187320821897515e+02,5.985286924299323408e-01,-2.296507516397459231e-02,1.962213920100177884e-03
3.355654304011261502e+01,3.303477848501314043e+02,5.803867909456429386e-01,-2.331419845940958455e-02,7.880782341867681754e-04
3.422918136008559742e+01,3.302766153434162106e+02,5.096152219913371306e-01,-2.387128597110765860e-02,1.959751234049080925e-03
3.491530266336097554e+01,3.304001753421190415e+02,5.874867232974800846e-01,-2.363262198141233977e-02,2.467601861512855235e-03
3.561517721530029945e+01,3.306833628829174927e+02,4.225002732827884411e-01,-2.423667046524120502e-02,1.827355029373695441e-03
3.632908069871344736e+01,3.303509159472301917e+02,6.729497805945187094e-01,-2.474209645030889249e-02,1.273566518920106385e-03
3.705729432245099275e+01,3.302189443814432934e+02,6.795519066133255404e-01,-2.491528536431357813e-02,1.012589320641514579e-03
3.780010493217326939e+01,3.302322999484943580e+02,6.885129745421076919e-01,-2.625397848433590545e-02,1.852247186564314136e-03
3.855780512333974741e+01,3.298358824077521376e+02,6.112680765433787800e-01,-2.638576492648154678e-02,2.091566593826672295e-03
3.933069335646334963e+01,3.301492065121145174e+02,5.490178094097211137e-01,-2.729490345714702393e-02,1.989668352956772308e-03
4.011907407467499809e+01,3.297646357590589332e+02,5.839913075526597108e-01,-2.618847312571093155e-02,1.440677022659178587e-03
4.092325782364472531e+01,3.303425236239814922e+02,5.285334271318659072e-01,-2.774902525651117349e-02,2.441741111611926175e-03
4.174356137390653032e+01,3.302826751082108672e+02,5.773391550969882990e-01,-2.861466705519335324e-02,1.316841939110653626e-03
4.258030784563544557e+01,3.304351521030869208e+02,5.182935970408354409e-01,-2.897449830795895132e-02,1.857789242647278887e-03
4.343382683592546556e+01,3.304894246881425488e+02,6.208211723840814100e-01,-3.042423377541392249e-02,1.301117206812222151e-03
4.430445454861897048e+01,3.299979476750104368e+02,3.908671032544946411e-01,-2.904705542421912728e-02,1.451783876181129062e-03
4.519253392673843450e+01,3.301752483931937832e+02,8.077773548485360777e-01,-3.074569128908044569e-02,2.158608330042170471e-03
4.609841478757282118e+01,3.299057464181507271e+02,6.537836886405766768e-01,-3.164098895409361845e-02,1.989432749610079050e-03
4.702245396047167958e+01,3.303036032919471268e+02,6.008034652522938890e-01,-3.262447176517513370e-02,1.282060802734305040e-03
4.796501542740139001e+01,3.301832525615878353e+02,6.180729257505105378e-01,-3.347547065666826860e-02,1.890686019246994335e-03
4.892647046631881125e+01,3.301375723875760286e+02,6.067856100964732491e-01,-3.265747142525454727e-02,1.640012952297265720e-03
4.990719779741882434e+01,3.300585074965808303e+02,8.496068770630057498e-01,-3.408738168746409947e-02,2.621822723393606516e-03
5.090758373231345502e+01,3.303540370338415073e+02,5.993968130619762302e-01,-3.497242485947795604e-02,1.621994270793940306e-03
5.192802232620123704e+01,3.303625674434574648e+02,8.421353272027796155e-01,-3.526596017819336876e-02,2.197068182498100337e-03
5.296891553308680045e+01,3.303767460347497149e+02,4.622400263154204936e-01,-3.627989156560249701e-02,2.184791832695874656e-03
5.403067336411177735e+01,3.299089437501943394e+02,4.416368764064000918e-01,-3.699803513367756758e-02,3.458386504763857373e-03
5.511371404905961668e+01,3.299077047489953429e+02,5.737510080138213953e-01,-3.732376782252377900e-02,1.932409964792130685e-03
5.621846420109751818e+01,3.301456572016531368e+02,7.017802052471642238e-01,-3.787963555575694918e-02,2.369982753684549744e-03
5.734535898482076277e+01,3.300740416422830776e+02,7.034604311368065632e-01,-3.888387294807094108e-02,1.252852839063002934e-03
5.849484228766541349e+01,3.302122974889751390e+02,5.722553437296477030e-01,-4.002644647072641643e-02,1.152677919365245130e-03
5.966736689475699507e+01,3.298007454159185841e+02,7.432069188529163428e-01,-3.990466468635513880e-02,2.627578877223390487e-03
6.086339466726398229e+01,3.300487559923208778e+02,6.109271154774938983e-01,-4.160033758001691062e-02,3.049520194437651752e-03
6.208339672432640555e+01,3.301522705369496862e+02,9.609290041915315994e-01,-4.262888269930553697e-02,1.685214433923355563e-03
6.332785362863113221e+01,3.300035446730533977e+02,1.011403258842545894e+00,-4.350779867313016996e-02,2.092830220146288736e-03
6.459725557570709498e+01,3.302620536132735083e+02,7.808218916934446252e-01,-4.331046437746426114e-02,1.807285702535090487e-03
6.589210258701483269e+01,3.301064496805391286e+02,7.499020208228628359e-01,-4.615927739298526788e-02,1.659313198467358367e-03
6.721290470690649954e+01,3.297863635676141598e+02,4.497297828953332188e-01,-4.744163242321661894e-02,1.203546986592533797e-03
6.856018220353405468e+01,3.300197042058890702e+02,5.546118981144556592e-01,-4.679819919682759455e-02,2.111892164371147965e-03
6.993446577378443862e+01,3.304786745017854059e+02,6.741123282354001267e-01,-4.745376982196040927e-02,8.996466349755073266e-04
7.133629675232282352e+01,3.301690500473511634e+02,6.207602669090478420e-01,-4.885414379129149332e-02,1.325085530413675590e-03
7.276622732482601918e+01,3.301766918381257483e+02,7.369687274253765574e-01,-4.974047374836643165e-02,1.766578828031957005e-03
7.422482074549022002e+01,3.299963762319184752e+02,6.004156585396861479e-01,-5.173324255424875673e-02,1.904288150799638259e-03
7.571265155889854270e+01,3.300515697348881758e+02,2.507076984381231832e-01,-5.074993159982747748e-02,1.049299209081864083e-03
7.723030582633604979e+01,3.297261423325220449e+02,4.763748247169566352e-01,-5.122624743856647733e-02,1.766367745591407214e-03
7.877838135664109132e+01,3.298020460187200342e+02,6.318039200237469677e-01,-5.404164643098403886e-02,2.109655251939626490e-03
8.035748794168412701e+01,3.301675449118540655e+02,6.659890261448558890e-01,-5.433942977421372944e-02,1.795447730286593713e-03
8.196824759656668391e+01,3.299773554951040069e+02,8.049378079255177232e-01,-5.545290099128759309e-02,1.532472025046287311e-03
8.361129480463507946e+01,3.299204721042409005e+02,6.274526755969823677e-01,-5.778989725733709587e-02,1.752681973475234741e-03
8.528727676740543018e+01,3.298213873445212130e+02,3.869495631199568741e-01,-5.809116737230368699e-02,2.536899288190411217e-03
8.699685365949835614e+01,3.296995251555669597e+02,6.316962801148677809e-01,-5.972872770070787596e-02,1.356984199606407889e-03
8.874069888868390876e+01,3.299949490192915391e+02,8.627290935586059417e-01,-6.083819592641881435e-02,2.229529016851341562e-03
9.051949936113902595e+01,3.297615178030668517e+02,8.147468024649384688e-01,-6.199425496983757000e-02,2.667624216132099581e-03
9.233395575202200689e+01,3.299322189729658135e+02,8.860781789594999180e-01,-6.267334516664387067e-02,2.064485751773695831e-03
9.418478278147071592e+01,3.296652910351821220e+02,8.174824003466192313e-01,-6.411152366459763052e-02,1.153067166738018815e-03
9.607270949613315736e+01,3.296624723121757370e+02,4.773652659414612809e-01,-6.634535140033608058e-02,1.999596853914046863e-03
9.799847955634119501e+01,3.296185849031033968e+02,6.458995894907675339e-01,-6.764362013130109652e-02,1.894773905961581349e-03
9.996285152904076199e+01,3.299421514296087707e+02,6.124970865216116112e-01,-6.773545768068975348e-02,1.170555211540116793e-03
1.019665991865938821e+02,3.296015436181810401e+02,4.653649853718589413e-01,-7.051679868682106389e-02,1.367637549411528965e-03
1.040105118115695575e+02,3.294787111004854410e+02,6.649560911707957933e-01,-7.235227772491814591e-02,1.990303679201709322e-03
1.060953945076457785e+02,3.293915780652458807e+02,4.534367721363308235e-01,-7.327258640797765232e-02,2.505952254063944021e-03
1.082220685167409044e+02,3.295027288551195852e+02,7.662890069247439984e-01,-7.451165961671893379e-02,2.203973974065441283e-03
1.103913715425051834e+02,3.292456009744328753e+02,4.755356541112173985e-01,-7.554937006939126121e-02,1.826766641038059941e-03
1.126041580802930469e+02,3.295305593848262333e+02,7.344760343524581181e-01,-7.746712004239389437e-02,1.720189114904486973e-03
1.148612997537534000e+02,3.291187817154620348e+02,7.471922883494943601e-01,-7.784535531269191899e-02,1.504215054900557994e-03
1.171636856581631321e+02,3.291894497484212252e+02,9.077148961026575424e-01,-8.002719093674107165e-02,1.283531323034666372e-03
1.195122227106463839e+02,3.297688298428312237e+02,7.390604378067027191e-01,-8.099649630145880352e-02,1.777972905610400748e-03
1.219078360074102250e+02,3.291775242123706562e+02,4.795162865679432618e-01,-8.369205505526897126e-02,1.606053553641908225e-03
1.243514691881448897e+02,3.290846548418232942e+02,7.124061570102991903e-01,-8.503487153245230246e-02,2.053585068345170368e-03
1.268440848077245420e+02,3.293986036812625571e+02,6.031896434976389276e-01,-8.669606632654844325e-02,1.738020908648181279e-03
1.293866647153626275e+02,3.294838654456999620e+02,5.122551397120995720e-01,-8.840588054877721036e-02,2.730445519645532081e-03
1.319802104413633685e+02,3.290368685346983284e+02,5.046644171978453830e-01,-9.032790568653630003e-02,2.195345326476614862e-03
1.346257435916299130e+02,3.290497663543627027e+02,4.156846337246307699e-01,-9.302343029929920071e-02,1.464464935070157112e-03
1.373243062500758924e+02,3.288914339580661022e+02,4.995808353043607597e-01,-9.320909773386225339e-02,2.238720725685413269e-03
1.400769613891077654e+02,3.289797210903251425e+02,6.150637097042479517e-01,-9.608355054339696999e-02,1.895754283121409709e-03
1.428847932883309966e+02,3.283230255371159956e+02,7.387865873225569757e-01,-9.675817126218130837e-02,1.018596381569817928e-03
1.457489079616532024e+02,3.287555582816173114e+02,6.593618976873896198e-01,-9.936529478989797326e-02,2.452331581083994159e-03
1.486704335929444767e+02,3.287814808327015044e+02,7.000696559845088762e-01,-1.009430461266141305e-01,2.073989247330066191e-03
1.516505209804348624e+02,3.285030211750547551e+02,4.640709927889281050e-01,-1.036298398649710129e-01,1.721196731780228351e-03
1.546903439900150374e+02,3.285958094252691239e+02,6.961423824507972924e-01,-1.058092218288264191e-01,2.666413276866107587e-03
1.577911000176282528e+02,3.286089461955009483e+02,4.943203565878152017e-01,-1.077942234886761358e-01,1.719056157170588232e-03
1.609540104609259572e+02,3.281254615666410928e+02,4.883858642212231538e-01,-1.089895979818809452e-01,2.029612311813580247e-03
1.641803212003826786e+02,3.286412202006302437e+02,7.401754974018928124e-01,-1.116331690365800766e-01,1.932159260562682892e-03
1.674713030900499007e+02,3.284401635549232878e+02,7.774166279867645857e-01,-1.138227511495204514e-01,1.445167391492614608e-03
1.708282524581514110e+02,3.281386979742886751e+02,6.202286408831415576e-01,-1.160360524572664753e-01,1.632529535920091259e-03
1.742524916177101488e+02,3.283593227910008636e+02,5.673315578720021790e-01,-1.187296452860866075e-01,2.158499976835385505e-03
1.777453693874116993e+02,3.280743821479800886e+02,4.579427696572981876e-01,-1.202394792273739910e-01,1.541271506469536973e-03
1.813082616229083328e+02,3.281732203740704676e+02,8.027939288585049793e-01,-1.234485143391274298e-01,1.733879071314801739e-03
1.849425717587728286e+02,3.277601893793528234e+02,5.016975015756739431e-01,-1.263784588133644582e-01,1.877122681779518857e-03
1.886497313613159008e+02,3.277637514540948587e+02,6.526374788941788907e-01,-1.278435047666444113e-01,2.254290574751133345e-03
1.924312006924846514e+02,3.278757085542185337e+02,6.984288895869881220e-01,-1.312429180447946542e-01,1.992513420261226870e-03
1.962884692850643944e+02,3.277641244457061021e+02,3.424987302580445592e-01,-1.328529607458781014e-01,1.661872795829854492e-03
2.002230565294103712e+02,3.274810867795782769e+02,6.323781607103750035e-01,-1.361511682068175522e-01,1.967286969643139601e-03
2.042365122719404553e+02,3.271606031657234439e+02,4.806983654837030939e-01,-1.389692046232689771e-01,1.446358835271273173e-03
2.083304174256245460e+02,3.271213551767035028e+02,8.152081282507400717e-01,-1.426556698240110388e-01,1.304460040495032365e-03
2.125063845927112425e+02,3.267533838183970261e+02,5.985807874485699065e-01,-1.456804265677615340e-01,1.601373921764492328e-03
2.167660586999369912e+02,3.273479308120320752e+02,7.970482606337024878e-01,-1.471226700220722439e-01,1.588166434722935614e-03
2.211111176464678749e+02,3.265740586119974296e+02,6.867071917999980624e-01,-1.511544501919905026e-01,2.516689101839357599e-03
2.255432729648295833e+02,3.265485684802130777e+02,1.000037995577770289e+00,-1.528084699677857150e-01,2.430178898674258126e-03
2.300642704950853670e+02,3.263637767019999387e+02,6.378415178212413217e-01,-1.581919484914374174e-01,2.569030044674862259e-03
2.346758910725280316e+02,3.266826601298345167e+02,5.355227096182137991e-01,-1.594083082579162425e-01,2.245916868634045913e-03
2.393799512291566600e+02,3.260325114341577546e+02,5.921087026850476720e-01,-1.624653856361393256e-01,1.747753341915646297e-03
2.441783039092143213e+02,3.258495528004357880e+02,7.681068783865481198e-01,-1.670091193106627292e-01,3.057623178287713350e-03
2.490728391990686248e+02,3.255609593028183895e+02,7.146138345679544646e-01,-1.683277640096224881e-01,1.998660692266571951e-03
2.540654850717228328e+02,3.255534584322580827e+02,5.561220068853527376e-01,-1.716579929509358116e-01,1.870660637960626068e-03
2.591582081462505585e+02,3.253939495877966124e+02,4.475084956480023246e-01,-1.761505254813729715e-01,2.870569801693307558e-03
2.643530144624531886e+02,3.249784343875406876e+02,6.181737372657689633e-01,-1.784915269246689640e-01,1.284862836880962429e-03
2.696519502710453935e+02,3.244311731750196373e+02,4.474589573165772549e-01,-1.824552046188564203e-01,1.840373586796751780e-03
2.750571028396797146e+02,3.245230868390326577e+02,4.561077955412378149e-01,-1.865370620002936852e-01,1.893282661964392844e-03
2.805706012751284106e+02,3.245358225945670938e+02,5.500536943674830814e-01,-1.890996654524300935e-01,2.073707661746906992e-03
2.861946173619436991e+02,3.240854816722832652e+02,5.353202694942792439e-01,-1.950401951081559004e-01,1.955578257440189743e-03
2.919313664179338161e+02,3.241054229555929851e+02,6.077953749906940262e-01,-1.972343337171863775e-01,1.630715198699700819e-03
2.977831081667795274e+02,3.238271014003022401e+02,5.477772911377587484e-01,-2.019837436318934198e-01,2.571233943642081167e-03
3.037521476281511355e+02,3.235883662908354381e+02,7.145096058423721086e-01,-2.045977062345673281e-01,2.679035976889503068e-03
3.098408360256580067e+02,3.227874973901933799e+02,5.165894248707599834e-01,-2.076778339731776557e-01,1.518552288368134979e-03
3.160515717130082862e+02,3.226302450560655188e+02,5.712918651402961734e-01,-2.120249273246289368e-01,2.077683599725274957e-03
3.223868011187228717e+02,3.223772428488235846e+02,4.968175842814089305e-01,-2.172986364039956597e-01,1.716321458516729829e-03
3.288490197097963232e+02,3.225053688865356207e+02,6.396889061833183066e-01,-2.213978828822925349e-01,2.308356039595380917e-03
3.354407729746643554e+02,3.219043308960622767e+02,6.817204460250362308e-01,-2.261688138749923804e-01,2.878840572529853085e-03
3.421646574258849682e+02,3.218481042947303763e+02,3.327914039587562822e-01,-2.299349078738642249e-01,1.739559750840371979e-03
3.490233216229075310e+02,3.214217228232267871e+02,5.819716675430560704e-01,-2.345674712447748111e-01,2.202685687353765718e-03
3.560194672153542683e+02,3.213057638689865030e+02,4.472661224301162086e-01,-2.394868468434251940e-01,2.541115409295506382e-03
3.631558500072032984e+02,3.206426111343033654e+02,7.035570098572947462e-01,-2.443540519603769334e-01,1.981879289965945111e-03
3.704352810423138180e+02,3.198529384895899739e+02,5.604379072890630642e-01,-2.496591593569025824e-01,1.649136924139606468e-03
3.778606277116998058e+02,3.201390142513906767e+02,7.574087904212377653e-01,-2.520425593136512710e-01,2.216237340361140121e-03
3.854348148830102332e+02,3.195105684659272356e+02,5.231030566748171573e-01,-2.581800328540752032e-01,2.033278347831863481e-03
3.931608260526376171e+02,3.189965518351008313e+02,5.017311492259998174e-01,-2.627690675575476420e-01,2.198240777460959503e-03
4.010417045209329672e+02,3.186611513184345768e+02,8.374417880419979809e-01,-2.671050701566354824e-01,1.478385967519888237e-03
4.090805545909651642e+02,3.183364492274877762e+02,5.082267800602774388e-01,-2.734166573200952355e-01,1.613699084907785353e-03
4.172805427913222047e+02,3.178011827147056465e+02,8.958439978216153898e-01,-2.798016176065186711e-01,1.474516356449298181e-03
4.256448991234103119e+02,3.172222810835951350e+02,5.815184130904673676e-01,-2.830477427450514005e-01,1.098418514935818038e-03
4.341769183337685831e+02,3.167567993005232552e+02,4.736637283468909665e-01,-2.887055781758491313e-01,2.820654622745403552e-03
4.428799612118730238e+02,3.160232830350022368e+02,6.717123909242781465e-01,-2.953967182125673552e-01,2.455454278891991242e-03
4.517574559139694657e+02,3.155179087815828893e+02,8.678242406115731500e-01,-3.011051314206112939e-01,2.173378310914038554e-03
4.608128993134281473e+02,3.148866464159534644e+02,7.403458979345398649e-01,-3.055778672229887416e-01,1.805694654283288621e-03
4.700498583781788398e+02,3.142440031071686235e+02,6.819500659828049427e-01,-3.110587169119323203e-01,2.376043182903586799e-03
4.794719715757477729e+02,3.133963781305032512e+02,7.670202775512728888e-01,-3.164429020531700498e-01,1.413335440614320575e-03
4.890829503064627488e+02,3.131040851367869209e+02,7.362218679847879477e-01,-3.221573444667675257e-01,2.068358724770706300e-03
4.988865803653851003e+02,3.126517143698492873e+02,6.260346850683085052e-01,-3.288873098675016982e-01,2.039319152489252069e-03
5.088867234335463650e+02,3.119494743607013447e+02,4.353435175526254031e-01,-3.356932790097957309e-01,1.672259912675877090e-03
5.190873185990770935e+02,3.110765632559020446e+02,7.051391574405752039e-01,-3.409709415362222051e-01,1.439253774374009290e-03
5.294923839088257864e+02,3.099530559427094545e+02,2.653689702602276546e-01,-3.474663409173918693e-01,1.650722371948483381e-03
5.401060179510803891e+02,3.096721198047270036e+02,7.101183042339072049e-01,-3.534229341738854835e-01,2.334246036394174890e-03
5.509324014700155203e+02,3.088269635277803786e+02,5.611368879122662356e-01,-3.616759039931735087e-01,1.173123203955279189e-03
5.619757990125004881e+02,3.079256368891521447e+02,7.245980472984444587e-01,-3.679788497513160062e-01,1.567058778813597677e-03
5.732405606079181553e+02,3.069963400984138389e+02,3.928551456003617770e-01,-3.735629581017131939e-01,1.554643569013333063e-03
5.847311234816553451e+02,3.062853184490172680e+02,4.475299573009520748e-01,-3.794210047410692122e-01,2.822589569591263392e-03
5.964520138029396321e+02,3.056542934088094512e+02,6.210789741850516466e-01,-3.871468810556740192e-01,1.918101045936664376e-03
6.084078484677121423e+02,3.045362447371318240e+02,7.931173446138103378e-01,-3.945267271309186308e-01,1.610286186471622267e-03
6.206033369172375842e+02,3.037452869554411450e+02,5.860561782310012013e-01,-4.012806246688013223e-01,3.041259995937206119e-03
6.330432829931679635e+02,3.025308967832237386e+02,6.502210598133144615e-01,-4.079203281452127294e-01,3.332220867874227666e-03
6.457325868297909892e+02,3.015542004241336826e+02,7.132490208380335428e-01,-4.173732427379620025e-01,1.851491165020294118e-03
6.586762467842086153e+02,3.008692919597200444e+02,6.273963415849997949e-01,-4.220147434661958852e-01,1.140230238570118411e-03
6.718793614052060548e+02,2.997912957766826594e+02,6.458911501230047980e-01,-4.300780295281022569e-01,1.654926389034922472e-03
6.853471314415858160e+02,2.984535018146556240e+02,4.731934543457748665e-01,-4.379855647595353174e-01,1.713854675939398969e-03
6.990848618907597256e+02,2.974893766285292713e+02,6.325621124910928428e-01,-4.463053101294430780e-01,1.710965731638841147e-03
7.130979640884039554e+02,2.964885947927001553e+02,5.727461800759248156e-01,-4.541174817315504209e-01,2.329504184609441919e-03
7.273919578400012824e+02,2.951734586206637800e+02,8.185899457252303613e-01,-4.625900523400200970e-01,1.716102551807639678e-03
7.419724735951103867e+02,2.939094165382845176e+02,5.475057042063330437e-01,-4.700148618174088133e-01,3.000172105406234257e-03
7.568452546652172259e+02,2.930856381224560891e+02,5.689841052195825366e-01,-4.769509623764639494e-01,2.179768330776099983e-03
7.720161594860450123e+02,2.915766539388715159e+02,5.923315657610197515e-01,-4.861622568146265477e-01,2.752013582719823551e-03
7.874911639252067062e+02,2.900936810375413870e+02,4.831669867017413522e-01,-4.923945616241922063e-01,1.479774040124654140e-03
8.032763636361262343e+02,2.888122995716249761e+02,7.906613811295989391e-01,-5.019683962959440304e-01,1.933821926202681021e-03
8.193779764591248522e+02,2.873729091461258349e+02,7.386701790233600740e-01,-5.097668806279440634e-01,3.442070709725533317e-03
8.358023448706603631e+02,2.858861963200324681e+02,3.610161206230636521e-01,-5.170559376179466593e-01,2.043058995995002125e-03
8.525559384816356214e+02,2.843206636596704016e+02,5.055322452815695922e-01,-5.263566408492943438e-01,1.391086428346209342e-03
8.696453565858130332e+02,2.829171074584993448e+02,7.329548715491776001e-01,-5.349271000025883627e-01,1.769339086031523033e-03
8.870773307592822903e+02,2.816220803202918432e+02,6.060008343381025897e-01,-5.452748371860146603e-01,1.656646267463184313e-03
9.048587275120650020e+02,2.799262951017124692e+02,4.066116834769481492e-01,-5.538856948347561371e-01,1.883348739241473991e-03
9.229965509928395022e+02,2.783570717648454433e+02,7.116357382669844522e-01,-5.630720215312334798e-01,1.921561763535673288e-03
9.414979457479122402e+02,2.767614308266132639e+02,5.490937017438691781e-01,-5.714185996696755643e-01,1.568726784722957292e-03
9.603701995354624614e+02,2.751860162879991094e+02,6.959904332953382733e-01,-5.782584794344511891e-01,1.832873048522646675e-03
9.796207461962283105e+02,2.732244503888128975e+02,4.775341253507844330e-01,-5.886237151827190539e-01,1.612017038652601830e-03
9.992571685817048319e+02,2.715875342643007571e+02,5.980042782903233212e-01,-5.990684070982672527e-01,1.736666097839452676e-03
1.019287201541069408e+03,2.701644707670116077e+02,4.225784040483414050e-01,-6.079885449058520797e-01,2.971993098754839840e-03
1.039718734967947967e+03,2.683647587688851104e+02,7.366691849765004685e-01,-6.163863811340434262e-01,2.174350022680789779e-03
1.060559816908280254e+03,2.662731909889585609e+02,7.520944988277904475e-01,-6.261945465610299077e-01,2.990719946786559499e-03
1.081818656730466046e+03,2.640587417027397237e+02,5.593035151096483748e-01,-6.357540786028723634e-01,1.958574275286012554e-03
1.103503628359062077e+03,2.624721625865228134e+02,6.445755133308708196e-01,-6.453860782447284894e-01,1.723632033653061573e-03
1.125623273573298093e+03,2.606839556928104003e+02,4.296809610161869686e-01,-6.542988959516407022e-01,1.922076128771934081e-03
1.148186305371709750e+03,2.583245393998440704e+02,5.498364039054867147e-01,-6.640398807188934160e-01,2.932765473330133706e-03
1.171201611404217601e+03,2.567578428850061982e+02,7.910201251294324276e-01,-6.721017152251909099e-01,1.298547933119481579e-03
1.194678257472999803e+03,2.545474879995188644e+02,2.227793107514511872e-01,-6.832340851730422937e-01,1.556525770933593665e-03
1.218625491103540980e+03,2.525088293419531453e+02,5.770249317395521604e-01,-6.924602750182289324e-01,2.337634486154623829e-03
1.243052745187261507e+03,2.506286789981286915e+02,6.318974612345988895e-01,-7.038892970601723365e-01,2.268796388748933225e-03
1.267969641697163752e+03,2.479793251576751629e+02,5.441255579639527884e-01,-7.115894586367853547e-01,1.087293788962458759e-03
1.293385995477957067e+03,2.460561548410629200e+02,5.120874231248504493e-01,-7.214060656532562676e-01,1.403475350700206670e-03
1.319311818112157653e+03,2.440037997005527473e+02,4.091249575806295558e-01,-7.324733838975958644e-01,2.194753895256827247e-03
1.345757321863681227e+03,2.416773060676449916e+02,4.255928593262295889e-01,-7.416918431937317147e-01,1.999179058143645080e-03
1.372732923700487390e+03,2.393815644016390820e+02,4.984003628136728370e-01,-7.518819947029415918e-01,1.241309325247827271e-03
1.400249249397855692e+03,2.370736865706904268e+02,7.325975284825445577e-01,-7.580743221031670531e-01,2.157453801607675786e-03
1.428317137723912538e+03,2.352100347792595585e+02,3.436692933097477143e-01,-7.714206794696413239e-01,2.118664703418801643e-03
1.456947644709056704e+03,2.326098603655122474e+02,5.017311947211204881e-01,-7.805474005147419181e-01,3.401429509577893855e-03
1.486152048000963987e+03,2.304748944603150562e+02,5.851909594477464616e-01,-7.908555917320823081e-01,2.428837843960166172e-03
1.515941851306889248e+03,2.279249224859355820e+02,3.750751836851166643e-01,-7.992120747108513168e-01,2.320975793898916954e-03
1.546328788925013441e+03,2.253153735072615405e+02,3.658010053865496936e-01,-8.092202778350735537e-01,1.997158650200074517e-03
1.577324830366619608e+03,2.228211598409685053e+02,3.613405999659414780e-01,-8.182303350621922267e-01,1.173337706483504501e-03
1.608942185070923188e+03,2.208558366790140894e+02,4.475722973404354099e-01,-8.299671090105341653e-01,1.515334250018929730e-03
1.641193307214407696e+03,2.184503596511592605e+02,6.951183409821880543e-01,-8.380752288342294687e-01,1.587723305099577199e-03
1.674090900616564568e+03,2.158554846878231785e+02,3.757946669626087699e-01,-8.491575302148792748e-01,2.251443954787239830e-03
1.707647923743968477e+03,2.130415722420759721e+02,5.493718159495480924e-01,-8.558645086798076784e-01,2.330231321525873082e-03
1.741877594814658096e+03,2.108258849042168492e+02,4.786579321818009713e-01,-8.667227697619604987e-01,1.312873738461999657e-03
1.776793397004834333e+03,2.085885758026560666e+02,4.586268474954270924e-01,-8.762493480098173526e-01,1.792146088759344162e-03
1.812409083759926489e+03,2.060328540272822408e+02,4.926224211489813598e-01,-8.866198452271856212e-01,3.104837372181042977e-03
1.848738684212117732e+03,2.036433690464152164e+02,5.149538472769775721e-01,-8.956771314970122244e-01,3.361879104661914027e-03
1.885796508706464920e+03,2.009087073499827341e+02,4.679947379477638059e-01,-9.051473103546543442e-01,3.427256226404741361e-03
1.923597154437788959e+03,1.983265024094052364e+02,4.184098700464570220e-01,-9.138997799502881492e-01,2.768505277080556080e-03
1.962155511200557157e+03,1.960102913066216672e+02,3.056262115648458733e-01,-9.226856759562929167e-01,3.306095132052845869e-03
2.001486767254018559e+03,1.934097123890573187e+02,5.451794784527964621e-01,-9.321266035078442647e-01,1.582125817390519400e-03
2.041606415304909660e+03,1.907482553188639827e+02,4.432750354549050420e-01,-9.415948249346189902e-01,2.751710225142124655e-03
2.082530258610079272e+03,1.883747562737059980e+02,6.001762975920540422e-01,-9.499644457041679368e-01,3.677714741340711805e-03
2.124274417201443157e+03,1.858066979710351347e+02,5.470838122364491962e-01,-9.584891019324703887e-01,2.705487305735099039e-03
2.166855334235713599e+03,1.831347678035934905e+02,5.011310468921570394e-01,-9.693493806713100458e-01,1.594334392121062385e-03
2.210289782471413673e+03,1.805398286901252902e+02,3.883851669195540479e-01,-9.763679707451590195e-01,2.325441875067911501e-03
2.254594870875717334e+03,1.783678683661082118e+02,4.679594807228871223e-01,-9.864712618475008910e-01,2.762973837754659212e-03
2.299788051363729210e+03,1.758578625973170233e+02,3.783923502759786728e-01,-9.944384731493108864e-01,1.715862618127424752e-03
2.345887125672846196e+03,1.734914894023909255e+02,3.049529308888216383e-01,-1.003044083740710857e+00,2.722686209999688849e-03
2.392910252374920674e+03,1.707480404336747881e+02,4.486061888018922916e-01,-1.012146278290785961e+00,2.374440367910315292e-03
2.440875954028978413e+03,1.683867865454019466e+02,3.500814922843909494e-01,-1.020063349748053572e+00,2.355122668415235779e-03
2.489803124477314213e+03,1.660839347393420837e+02,3.618212241768593018e-01,-1.028738055955640274e+00,1.718225923927818024e-03
2.539711036287835213e+03,1.636889645727657694e+02,5.016735384756394467e-01,-1.036775658060800520e+00,2.737516644143709026e-03
2.590619348345589060e+03,1.609688020379660429e+02,5.735187852650870388e-01,-1.046310613288083724e+00,1.461142221005524771e-03
2.642548113596457370e+03,1.590653259381861915e+02,3.485028099108907762e-01,-1.054418756538495261e+00,3.160513277123783334e-03
2.695517786946082197e+03,1.562700822670762761e+02,5.869509813290795242e-01,-1.060707819483625913e+00,2.398828374780625355e-03
2.749549233317103244e+03,1.539064324183064514e+02,4.267796972030147851e-01,-1.070775173843993233e+00,2.748239109419931426e-03
2.804663735867935884e+03,1.516662614173804968e+02,3.268456030895057762e-01,-1.077739541126715439e+00,1.562759313490961425e-03
2.860883004376264125e+03,1.492154715081288145e+02,5.500233170555476336e-01,-1.084161164877315064e+00,2.664201099794454106e-03
2.918229183790591833e+03,1.467681636872320325e+02,3.054977706855364072e-01,-1.093270485276832682e+00,2.562532722776065305e-03
2.976724862953210049e+03,1.447017423868420281e+02,3.414026098274207111e-01,-1.101587319090425732e+00,2.709743636342675302e-03
3.036393083498014221e+03,1.421709383580966062e+02,4.928483920434296728e-01,-1.107676797432308069e+00,2.416355642825065552e-03
3.097257348926674695e+03,1.402093099349740442e+02,5.482946289980540344e-01,-1.115620270357436494e+00,1.473333679095791384e-03
3.159341633866742995e+03,1.376973288183120587e+02,3.227178086478048602e-01,-1.120920654630031876e+00,2.601134049028249514e-03
3.222670393515331853e+03,1.354979583260643778e+02,3.159185977923582023e-01,-1.130560804916475037e+00,1.945144715236679341e-03
3.287268573272097001e+03,1.333698593934414589e+02,2.991794454984199603e-01,-1.136538350512458440e+00,2.872893890819412221e-03
3.353161618565307890e+03,1.314242124763242714e+02,4.808378209034456785e-01,-1.145555123651648355e+00,1.973511580138981834e-03
3.420375484874883568e+03,1.292207678451682682e+02,3.376748109050368152e-01,-1.151443790676853762e+00,3.214452803758253985e-03
3.488936647956338220e+03,1.272371787100708644e+02,3.967424236831424977e-01,-1.158216436657166559e+00,2.798841885617640683e-03
3.558872114269665872e+03,1.248733317023066292e+02,3.435161705589658276e-01,-1.164418274384630969e+00,1.604239862509711798e-03
3.630209431617269729e+03,1.226848357358416877e+02,3.373079060014253505e-01,-1.171699674971479643e+00,2.889509821110880419e-03
3.702976699995130730e+03,1.207439201437602208e+02,4.626940215652319277e-01,-1.178626247080824863e+00,2.987648031879323266e-03
3.777202582661483575e+03,1.185749903181011575e+02,3.188768989394764608e-01,-1.183777392847104037e+00,1.586709876944259563e-03
3.852916317427366721e+03,1.166475095912287259e+02,3.152713599121833021e-01,-1.191373523520300015e+00,2.138918648790811509e-03
3.930147728173487849e+03,1.148929139333539808e+02,2.802590140947374686e-01,-1.196164462693382058e+00,2.367051053935876823e-03
4.008927236597945921e+03,1.126887633658879651e+02,2.650433716880594703e-01,-1.203806128906572681e+00,1.744165798326578884e-03
4.089285874199434602e+03,1.109373287323946471e+02,4.694759172639219047e-01,-1.208850697856319822e+00,2.270573636536676355e-03
4.171255294500648233e+03,1.089723836953387917e+02,2.726589407499641071e-01,-1.215652672784254262e+00,2.500059667198140274e-03
4.254867785516704316e+03,1.072195951306107844e+02,2.320603644015440670e-01,-1.219700394216320927e+00,2.955125522584638609e-03
4.340156282473497413e+03,1.052485142078267017e+02,1.794722065477613038e-01,-1.228362890324614654e+00,3.345965890192268213e-03
4.427154380780984866e+03,1.034603394359665600e+02,2.773421794945990504e-01,-1.231652630301856899e+00,3.350129962102250600e-03
4.515896349266530706e+03,1.014859493425557986e+02,3.199835202322738881e-01,-1.238153615045232803e+00,2.811029751739924695e-03
4.606417143673503233e+03,9.995120076546621135e+01,1.987139974653654162e-01,-1.244272947575881805e+00,2.707426298286086126e-03
4.698752420430452730e+03,9.817385907612238327e+01,3.753120012572599418e-01,-1.248587564152497942e+00,2.486975534770206626e-03
4.792938550696293532e+03,9.645889049380824076e+01,2.045715580023604874e-01,-1.252948913122034602e+00,2.036298684607314169e-03
4.889012634687016543e+03,9.479628780446412861e+01,3.063250485333426920e-01,-1.257670772840103313e+00,2.918411526324463275e-03
4.987012516289585619e+03,9.280409924139674160e+01,3.934319326274083872e-01,-1.262561481456453638e+00,2.875822929306831675e-03
5.086976797968763094e+03,9.121473583594682566e+01,3.412667431758575343e-01,-1.270844996871925536e+00,2.586204911357080881e-03
5.188944855972742516e+03,8.961322733098778315e+01,3.182787631621069036e-01,-1.274607316270252033e+00,3.048510388442472133e-03
5.292956855843580342e+03,8.795084842918319623e+01,4.331841181030628429e-01,-1.279678009636165736e+00,1.681005281851928471e-03
5.399053768238527482e+03,8.643416914977925103e+01,3.488950022736449497e-01,-1.284606341917543970e+00,3.218603696645762780e-03
5.507277385068503463e+03,8.496400332944600109e+01,2.005049606571730203e-01,-1.287567994347764033e+00,3.451022180840266143e-03
5.617670335960064222e+03,8.331592319833515603e+01,1.942976979469859533e-01,-1.294907704879599830e+00,3.771429583683421228e-03
5.730276105047341844e+03,8.178248765603136405e+01,2.937705583974332679e-01,-1.300109853467020349e+00,3.364196772506735083e-03
5.845139048100591026e+03,8.043645698109412479e+01,2.223895917012725376e-01,-1.301461160655745797e+00,4.016556113584961001e-03
5.962304409998062511e+03,7.889015242223580060e+01,1.978041665831621887e-01,-1.307307689150188468e+00,2.953868232462708489e-03
6.081818342548104738e+03,7.746276872351344878e+01,1.570081997765976067e-01,-1.313056509480890810e+00,2.672773818861235145e-03
6.203727922668509564e+03,7.604039018595383936e+01,2.740169091883553065e-01,-1.317176575158486296e+00,2.687124050127227392e-03
6.328081170930258850e+03,7.467119712050028113e+01,2.076337854479213818e-01,-1.321307205925790873e+00,4.257403628696567778e-03
6.454927070472982450e+03,7.338709346858207994e+01,1.658919001749605826e-01,-1.324388922171627403e+00,4.214941055414288436e-03
6.584315586299566348e+03,7.199172592498834433e+01,1.817823061974398191e-01,-1.328338466612737134e+00,3.406002457455553894e-03
6.716297684957533420e+03,7.072489197100523484e+01,3.405254789476070409e-01,-1.332641356326756288e+00,2.988068006000660012e-03
6.850925354614922981e+03,6.940465310592442449e+01,3.169523764869316973e-01,-1.339177586850071044e+00,2.558618142445925631e-03
6.988251625538599001e+03,6.819542411803345772e+01,1.665546913846105703e-01,-1.340196963291097498e+00,2.402345345295840272e-03
7.128330590983036927e+03,6.677903584166304540e+01,1.608899862970227801e-01,-1.345991853144437922e+00,2.940022883873431945e-03
7.271217428497833680e+03,6.570250382448152493e+01,1.558986895698560304e-01,-1.349977670204230318e+00,2.638962272675230824e-03
7.416968421662321816e+03,6.444462387281446070e+01,1.256590039138787973e-01,-1.355393655714667300e+00,3.513750003644427588e-03
7.565640982255823474e+03,6.323959956604583965e+01,2.149266654277421640e-01,-1.357151009566834432e+00,3.983704014049073774e-03
7.717293672872378011e+03,6.208920119952779260e+01,2.547062642341791916e-01,-1.361578340888172756e+00,2.413230626506499173e-03
7.871986229988701780e+03,6.087727956767698601e+01,1.428374777614252467e-01,-1.364536756382105365e+00,3.414700838107740007e-03
8.029779587494585030e+03,5.967159142407880523e+01,2.223121535706420737e-01,-1.367531504588679114e+00,3.925137549723380949e-03
8.190735900694944576e+03,5.860247151409606658e+01,1.653815956372912399e-01,-1.372477036572317344e+00,2.855873110356064656e-03
8.354918570792993705e+03,5.747747081026054872e+01,2.152908832631016123e-01,-1.372379560252009245e+00,4.156329719059820640e-03
8.522392269864185437e+03,5.637205401454375675e+01,1.355241264057649164e-01,-1.376012249066123960e+00,2.670181990456019054e-03
8.693222966330733470e+03,5.534622956503604740e+01,2.125694981193236577e-01,-1.382212328161126047e+00,3.926091557884879395e-03
8.867477950946802594e+03,5.440518469734398366e+01,1.958751524585089776e-01,-1.382889655475917134e+00,4.153884727770139340e-03
9.045225863304531231e+03,5.333927890479958478e+01,1.671993971702750437e-01,-1.388067412360811437e+00,3.125948702399683910e-03
9.226536718871402627e+03,5.243883522088925986e+01,2.503551489812196884e-01,-1.389329014932118467e+00,3.243064703662124158e-03
9.411481936569543905e+03,5.124985860586743058e+01,2.294642950104711920e-01,-1.391139358637601298e+00,2.626559776416794237e-03
9.600134366907879667e+03,5.021853769223056929e+01,2.479744169366435158e-01,-1.394819303537126576e+00,2.562227795416676789e-03
9.792568320678170494e+03,4.937935842646827211e+01,1.507485149512350908e-01,-1.398905788013011353e+00,2.504729078333444575e-03
9.988859598226272283e+03,4.850643614782735824e+01,2.012292876764458227e-01,-1.401328516506000987e+00,3.681506621473012997e-03
1.018908551931013790e+04,4.754933080666587841e+01,2.413417701820697592e-01,-1.403374018669302892e+00,5.244229453056416593e-03
1.039332495355629544e+04,4.662775178099261808e+01,1.848503083269378566e-01,-1.406529946092873740e+00,2.839612416316509950e-03
1.060165835152690670e+04,4.571755600693747112e+01,1.412148105301694045e-01,-1.408886079010313486e+00,3.625511360997758260e-03
1.081416777640940018e+04,4.476842011631973861e+01,1.809681658128907689e-01,-1.411053689350996621e+00,2.725901085190043580e-03
1.103093693634147166e+04,4.395675185519815642e+01,1.349092347175965267e-01,-1.413052161235802906e+00,2.758520955199285103e-03
1.125205121738403250e+04,4.313072574911917911e+01,1.455259292243360758e-01,-1.415811862697882173e+00,2.722637487973164020e-03
1.147759771715500938e+04,4.239388865653752703e+01,1.134130679258785745e-01,-1.417766247780156252e+00,3.726771732873335619e-03
1.170766527913732352e+04,4.152068720480258435e+01,1.819588969689218683e-01,-1.423034921506749928e+00,6.141280318818520892e-03
1.194234452767466246e+04,4.083783971001650315e+01,2.064498985745073512e-01,-1.423852808098876377e+00,3.620479624866293055e-03
1.218172790366875415e+04,3.992954527490178407e+01,8.735475240724034640e-02,-1.426492144151880082e+00,5.719480259774863823e-03
1.242590970099207880e+04,3.939817872633538798e+01,2.394678822913021976e-01,-1.428754108628393027e+00,4.242989101968366004e-03
1.267498610363047374e+04,3.842322149883781179e+01,1.610593991206939468e-01,-1.429166310716069699e+00,4.212254814719309723e-03
1.292905522357036352e+04,3.766443806788328175e+01,1.251092936855333071e-01,-1.432910074156445557e+00,3.881536577079000572e-03
1.318821713944543262e+04,3.707601510619531382e+01,1.629207648834236077e-01,-1.432721733333455871e+00,3.205590721148874039e-03
1.345257393595787107e+04,3.626790328350389103e+01,1.243696170635435194e-01,-1.435706838748083580e+00,3.001146120566921573e-03
1.372222974408980190e+04,3.561968662815570497e+01,1.192358929036282655e-01,-1.434721479550526757e+00,3.665521818750291233e-03
1.399729078212086279e+04,3.499332315013177208e+01,1.172993716814068194e-01,-1.440376508863077776e+00,4.772095927581992622e-03
1.427786539746798007e+04,3.424973723352560739e+01,1.563267176430762906e-01,-1.441141788359508569e+00,3.873677171178912040e-03
1.456406410936370776e+04,3.373459121748120282e+01,1.048726137219692517e-01,-1.441472577018895418e+00,4.214318443552251235e-03
1.485599965239003723e+04,3.297376039792942493e+01,1.962159843629424361e-01,-1.444945542954605644e+00,5.736355272140361734e-03
1.515378702088497630e+04,3.236901700612764898e+01,1.610262500799801433e-01,-1.447277699388644701e+00,3.393555822414395188e-03
1.545754351423923799e+04,3.170845309872837703e+01,1.533814730898716006e-01,-1.446439501461903365e+00,3.432136467752070277e-03
1.576738878310078144e+04,3.125354518237785939e+01,1.564598677197905074e-01,-1.448998330145824465e+00,5.563578853969316715e-03
1.608344487650553128e+04,3.061528504535980844e+01,1.411737745388789711e-01,-1.452705568989287821e+00,4.978448520941031533e-03
1.640583628995292383e+04,2.999050196680108726e+01,7.541043615355490226e-02,-1.454472665050579483e+00,4.140746641007651309e-03
1.673469001444516107e+04,2.948470776399877380e+01,1.142951967056776152e-01,-1.453580916950298008e+00,4.285629788952785048e-03
1.707013558650930645e+04,2.879433747224711482e+01,1.711626599189225995e-01,-1.456063596570891239e+00,4.283052304094903638e-03
1.741230513922204773e+04,2.826015240081205349e+01,1.301294935412123377e-01,-1.457732003861691883e+00,2.217260367807164477e-03
1.776133345425742300e+04,2.783019119806310115e+01,1.440772267682880192e-01,-1.457976504449457922e+00,3.877434569814477636e-03
1.811735801497781722e+04,2.730612293803056900e+01,1.006285615444431625e-01,-1.459039893597795068e+00,3.815914070283643166e-03
1.848051906058900931e+04,2.682393683119008188e+01,1.302620297929039106e-01,-1.460731309062040406e+00,4.034289024117385970e-03
1.885095964138079580e+04,2.637897877936358526e+01,1.226586416987158756e-01,-1.464132472186036482e+00,4.844819501751532892e-03
1.922882567507500062e+04,2.582780878984221928e+01,1.188842206449317318e-01,-1.465134163065717976e+00,7.631284343698265492e-03
1.961426600430301914e+04,2.528269051165386472e+01,1.089465865165597236e-01,-1.464399692512659445e+00,5.531307943712195259e-03
2.000743245523532460e+04,2.483635129813674780e+01,7.834072893564758555e-02,-1.466725895242569022e+00,4.101875109017059755e-03
2.040847989738620527e+04,2.446214011466128824e+01,1.187780631752483468e-01,-1.464286204103541600e+00,4.522219164706495903e-03
2.081756630461742679e+04,2.398798913736703042e+01,1.071903636137609139e-01,-1.471691078950527309e+00,5.375017549387506137e-03
2.123485281736476827e+04,2.360518087988190672e+01,7.680509974192682721e-02,-1.469796709421006486e+00,3.884672647526069261e-03
2.166050380611151195e+04,2.311683908064527060e+01,1.477078589199808667e-01,-1.471939656130703211e+00,3.737780901875810153e-03
2.209468693613459618e+04,2.264681057437187306e+01,2.060676441221648281e-01,-1.472156575654155919e+00,7.703438495152765964e-03
2.253757323354861728e+04,2.226264255188026553e+01,1.915708656197319115e-01,-1.473951424545256073e+00,6.037726127574217887e-03
2.298933715267346997e+04,2.190342291687026233e+01,1.271742847276583765e-01,-1.479356465036908208e+00,5.237422657902929442e-03
2.345015664475234007e+04,2.149611018494794834e+01,8.451521944360027017e-02,-1.479382821146925764e+00,5.206908212634824354e-03
2.392021322804739248e+04,2.114278459883321304e+01,1.703904899220210767e-01,-1.477955395848933762e+00,6.749896943781205118e-03
2.439969205934045385e+04,2.070473961375378025e+01,1.120697450778519871e-01,-1.482417026068835852e+00,5.524265959197909026e-03
2.488878200686678247e+04,2.025909768678810252e+01,1.132585981533175135e-01,-1.482972676414291202e+00,6.225547816640353976e-03
2.538767572471076710e+04,1.992821101287916719e+01,1.203956985399336349e-01,-1.485231604799158944e+00,7.341461405091713292e-03
2.589656972869307356e+04,1.961735615554447065e+01,6.717653525013290994e-02,-1.480958642570553208e+00,6.278562592839821190e-03
2.641566447377894656e+04,1.934290408463525779e+01,1.132666786439595202e-01,-1.487730979516304508e+00,7.647784954370169183e-03
2.694516443303797496e+04,1.886418504866072610e+01,9.212178032920259607e-02,-1.488632065484885469e+00,6.608561834144128545e-03
2.748527817818657422e+04,1.862407391566325288e+01,1.210767733425783810e-01,-1.490291558671893002e+00,6.278778867087895024e-03
2.803621846174513121e+04,1.828590056357139559e+01,1.305707571976351955e-01,-1.494557028030052193e+00,5.244033076169108722e-03
2.859820230084202922e+04,1.790066770251927153e+01,8.454498238426150225e-02,-1.499638332001577146e+00,7.294162360410519873e-03
2.917145106269727330e+04,1.750801666456914418e+01,1.069046389159933053e-01,-1.495663995459224127e+00,7.520574105659319324e-03
2.975619055181962904e+04,1.724491005669410271e+01,8.784147797724538298e-02,-1.495666569572223326e+00,8.358277687353820457e-03
3.035265109895182832e+04,1.695668323483070949e+01,1.408787908018472590e-01,-1.497026535801465608e+00,8.805571390724636557e-03
3.096106765179873037e+04,1.662099046965407467e+01,9.463927606207911403e-02,-1.502953181228363633e+00,8.218941801521554430e-03
3.158167986757383187e+04,1.629289375461977940e+01,1.556276361354116400e-01,-1.502079849015888424e+00,7.011732789633916101e-03
3.221473220740088436e+04,1.607607079108572989e+01,8.980746734272927745e-02,-1.506060621533338972e+00,1.204588579576592808e-02
3.286047403260802821e+04,1.569610467247833796e+01,1.615764078753281208e-01,-1.508715365482786508e+00,9.789669598450578131e-03
3.351915970295215811e+04,1.544474924286236828e+01,1.553846945020263270e-01,-1.502483671147555766e+00,8.913596600511797599e-03
3.419104867681188625e+04,1.512547310676334789e+01,1.041382423238179089e-01,-1.507914251571085940e+00,6.872039927423827764e-03
3.487640561338890257e+04,1.487112064231535768e+01,1.502186847528998725e-01,-1.507398024220296229e+00,7.145474640054276690e-03
3.557550047695820103e+04,1.454959865756605630e+01,9.710427576637060965e-02,-1.513650568526023754e+00,9.312299202058874417e-03
3.628860864320802648e+04,1.439329341958255348e+01,1.665086592714166980e-01,-1.511292863294611877e+00,8.965810720431528075e-03
3.701601100771105848e+04,1.411295133389974765e+01,1.177584889982115635e-01,-1.516576165913985808e+00,1.254934033148148199e-02
3.775799409656995704e+04,1.382146128220177062e+01,1.447014913695737204e-01,-1.516052764288903898e+00,8.272489991393686820e-03
3.851485017928103480e+04,1.359962413633273570e+01,7.612614733989726823e-02,-1.522853968918895351e+00,9.055836149971654286e-03
3.928687738386028650e+04,1.327437717611563883e+01,1.940037110251073005e-01,-1.528562041475145294e+00,1.294970377328278147e-02
4.007437981427681370e+04,1.302292588832034781e+01,1.876281814062555064e-01,-1.525391098294739178e+00,7.683024505934415993e-03
4.087766767024021829e+04,1.279238559040129708e+01,1.112817591083589547e-01,-1.530916448445835076e+00,1.348815193150544947e-02
4.169705736938935297e+04,1.267408566790212632e+01,1.137792300515806099e-01,-1.526435086637642158e+00,6.577646390012768969e-03
4.253287167193044297e+04,1.246632650511851814e+01,9.925522664246469451e-02,-1.532363513851831671e+00,1.108080576899176523e-02
4.338543980777316756e+04,1.210541255051724008e+01,1.426823000457127510e-01,-1.528781471470896269e+00,1.292562096152829326e-02
4.425509760621524038e+04,1.189719313804858203e+01,1.465228835322855139e-01,-1.532643105228967517e+00,1.372319614915473891e-02
4.514218762822674762e+04,1.173988148821318589e+01,1.663136076132933072e-01,-1.540065604104301045e+00,1.439132790605006547e-02
4.604705930138620170e+04,1.149939391109501585e+01,1.800841606586664478e-01,-1.534592198634490590e+00,1.142023622278363383e-02
4.697006905752103194e+04,1.136789964375476281e+01,1.586208802686376873e-01,-1.549424487990755939e+00,9.895923089966993103e-03
4.791158047310698748e+04,1.112064128823543108e+01,1.594615159425234185e-01,-1.538320707640781659e+00,1.207082620674637848e-02
4.887196441248226620e+04,1.088268069776098557e+01,1.234407459959793313e-01,-1.537532653501899826e+00,1.037213810542081394e-02
4.985159917393233627e+04,1.071447617690166787e+01,1.707530145294502144e-01,-1.551353869749825920e+00,1.801129542093166461e-02
5.085087063870266866e+04,1.046750127338733094e+01,1.945826491491286503e-01,-1.552941455768552137e+00,2.120350697864062384e-02
5.187017242299836653e+04,1.032748999300144455e+01,1.753548173126512622e-01,-1.556554102761808833e+00,1.443537593746930560e-02
5.290990603303102398e+04,1.010779797604173069e+01,1.441206795444093802e-01,-1.560264618954681826e+00,9.535687908411681971e-03
5.397048102317354642e+04,9.826491262040205399e+00,1.401499908118257198e-01,-1.565035234838908718e+00,1.473626477773256997e-02
5.505231515728467639e+04,9.720115758866706202e+00,1.282101466412636503e-01,-1.552784891684394264e+00,1.840399366440483714e-02
5.615583457326730422e+04,9.543797104660024289e+00,1.372742609447856477e-01,-1.558093505090122344e+00,1.443621358861912375e-02
5.728147395092574880e+04,9.371382748009054353e+00,1.806475712224288599e-01,-1.564041375784761545e+00,1.791382154333680254e-02
5.842967668318787037e+04,9.160729938614940338e+00,1.595147558224874473e-01,-1.570120258330149898e+00,1.303695396422660004e-02
5.960089505075825582e+04,9.023140477927363179e+00,2.033403648781448303e-01,-1.573494250834421404e+00,1.473326387654664248e-02
6.079559040027335868e+04,8.812775759117688068e+00,1.075419094233313749e-01,-1.572711025339720736e+00,1.216731449254721681e-02
6.201423332602767186e+04,8.590994845466394025e+00,1.843758566976414770e-01,-1.586868172233291796e+00,1.630724740108182441e-02
6.325730385534206289e+04,8.453214906839246368e+00,1.486364927415158854e-01,-1.589262924015500955e+00,2.495357802038576656e-02
6.452529163764780969e+04,8.376975279449512257e+00,1.248598587196305260e-01,-1.586531815742027840e+00,2.240726457330347726e-02
6.581869613736133033e+04,8.163455910824442441e+00,1.501185640800767052e-01,-1.597862169628482487e+00,2.126054691319812645e-02
6.713802683062502183e+04,8.082095035861934562e+00,2.172368869518445100e-01,-1.603042959480296847e+00,2.421394272548510473e-02
6.848380340599131887e+04,7.845699742009079714e+00,2.301568271808571708e-01,-1.602895476357668159e+00,2.900730411237529074e-02
6.985655596912941837e+04,7.803793622433379262e+00,1.734349587044720920e-01,-1.602680968595233013e+00,2.401150736174540931e-02
7.125682525163574610e+04,7.591125143485598414e+00,1.974586050880253463e-01,-1.623310771901153471e+00,2.362787808681071980e-02
7.268516282403025252e+04,7.435995933365420640e+00,1.761679721309735436e-01,-1.607103829421746566e+00,3.040105846730023140e-02
7.414213131302145484e+04,7.327829257325623402e+00,2.017680484491363724e-01,-1.614353528899214796e+00,1.937766720723054989e-02
7.562830462312657619e+04,7.229388973816324615e+00,2.874998616608381297e-01,-1.614451743999248290e+00,1.895022688974874400e-02
7.714426816273471923e+04,7.115901528373591134e+00,2.050091995851639204e-01,-1.609541995172477202e+00,3.488852736848786079e-02
7.869061907470131700e+04,6.902547654681224110e+00,1.582122303637373828e-01,-1.600965765964834420e+00,2.956851184381448922e-02
8.026796647156434483e+04,6.767839314087194857e+00,1.446415903044705464e-01,-1.625291372654990685e+00,2.925094686166816033e-02
8.187693167547535268e+04,6.663466205876692250e+00,2.095912712626928076e-01,-1.618558969126382863e+00,3.345931996394026220e-02
8.351814846294056042e+04,6.489867714465660242e+00,2.621978916905781665e-01,-1.626855599518169271e+00,2.929699374052373642e-02
8.519226331446773838e+04,6.359418324366010289e+00,2.156897353688402297e-01,-1.634875583031752955e+00,2.378108553847124718e-02
8.689993566921666206e+04,6.234951868615489445e+00,1.439566476732000999e-01,-1.629824464054485889e+00,3.683048430328211137e-02
8.864183818475386943e+04,6.080941438422192924e+00,2.406943995377029688e-01,-1.626039544060441155e+00,3.706261925577012534e-02
9.041865700201505388e+04,5.960980756846457673e+00,2.433997268819847182e-01,-1.641879636988166968e+00,3.915501552519295991e-02
9.223109201557839697e+04,6.019312743060824644e+00,1.806767453820281588e-01,-1.658307327759604322e+00,3.126559959218896262e-02
9.407985714935504075e+04,5.773348726481442483e+00,2.444753995467794649e-01,-1.650498492791618643e+00,3.520510209457958228e-02
9.596568063780550438e+04,5.674634086939279953e+00,2.045762627371921216e-01,-1.679493048786064424e+00,3.853250283271621168e-02
9.788930531279399293e+04,5.599585863385110329e+00,1.595627978765826460e-01,-1.663458034091911397e+00,3.128656341209038599e-02
9.985148889619257534e+04,5.430414332988091175e+00,1.849933752159593769e-01,-1.656596768097871486e+00,3.398080754764981615e-02
1.018530042983498570e+05,5.356031067319416472e+00,3.031807593721440042e-01,-1.677423894054312026e+00,3.765195779763918366e-02
1.038946399225424684e+05,5.272537664443580852e+00,2.613917274572133964e-01,-1.669788325577632460e+00,4.235750351213152243e-02
1.059771999755299330e+05,5.232826154376236438e+00,2.681774289133990741e-01,-1.686380023831179020e+00,5.280139021076901001e-02
1.081015047843349894e+05,5.042801495880458340e+00,2.134804701583113140e-01,-1.670635700237027566e+00,5.198795447458491592e-02
1.102683911193714302e+05,4.958423718647503975e+00,1.539924313908267728e-01,-1.693785454713679473e+00,4.252018060214574763e-02
1.124787125240524765e+05,4.842872696769065399e+00,1.521523221110958612e-01,-1.690502029006610396e+00,4.930103124983011009e-02
1.147333396510023449e+05,5.032644602590597316e+00,2.704214894280579928e-01,-1.680965177039919878e+00,5.301136088877755198e-02
1.170331606050109840e+05,4.507029930489186320e+00,2.138807359448606504e-01,-1.696481492711487293e+00,6.150320276019329013e-02
1.193790812928594823e+05,4.659479530167251582e+00,2.439259473988239779e-01,-1.715115126544019875e+00,6.008918929201347015e-02
1.217720257801615226e+05,4.515350810442653184e+00,3.026480416391872930e-01,-1.740790632451273634e+00,4.880423000079238405e-02
1.242129366553538421e+05,4.475112192080929141e+00,1.588773078124953164e-01,-1.724807714414716475e+00,3.961013177566020255e-02
1.267027754009867931e+05,4.404827660880168416e+00,2.459314888459576132e-01,-1.770120174704965965e+00,4.253970426551089562e-02
1.292425227724533179e+05,4.157152837106822929e+00,2.495623794853069066e-01,-1.753508332881307918e+00,3.130318024624163809e-02
1.318331791843137180e+05,4.179033885098155210e+00,1.365245690158151115e-01,-1.710165598243321039e+00,4.535560497760220133e-02
1.344757651043600345e+05,4.108791827896104643e+00,2.316046053669916227e-01,-1.735019677230709378e+00,3.495950786995375564e-02
1.371713214555835875e+05,4.040287483974751126e+00,2.412442534278950168e-01,-1.733073957088949069e+00,4.095795547206017989e-02
1.399209100261958665e+05,3.746638417277059041e+00,1.970726061011162933e-01,-1.744891320081579211e+00,5.610395408186536620e-02
1.427256138878723432e+05,3.834984801330608040e+00,1.437670403576497002e-01,-1.723333014489425441e+00,4.735548950624757919e-02
1.455865378223755688e+05,3.788975660558304703e+00,2.295921433696450631e-01,-1.772301436974656141e+00,5.572103012780523640e-02
1.485048087567346520e+05,3.636592809527216641e+00,1.980662880235978252e-01,-1.752188174708776192e+00,5.925427614943434840e-02
1.514815762071429926e+05,3.646614063313622811e+00,8.762124005994158249e-02,-1.761333546723658827e+00,5.029543210214010296e-02
1.545180127317587030e+05,3.596116178128822671e+00,8.437994985088594080e-02,-1.724198240904519563e+00,9.214292610383427451e-02
1.576153143925766344e+05,3.452335476432097927e+00,2.203687923853767383e-01,-1.788314127122565322e+00,5.797875379716329464e-02
1.607747012265633675e+05,3.357690743008843182e+00,1.944609140001914704e-01,-1.798639298533176056e+00,4.623888143208745860e-02
1.639974177262313024e+05,3.290992409107533323e+00,1.738418637833943903e-01,-1.803829383846547341e+00,4.733256000983245698e-02
1.672847333298506273e+05,3.231066884640121373e+00,1.895417759674341840e-01,-1.797517034837037286e+00,5.924150311162607735e-02
1.706379429214824922e+05,3.156180610423530375e+00,2.038715105790031568e-01,-1.745750264854838418e+00,6.745407155932287013e-02
1.740583673410406918e+05,3.156494656451898528e+00,3.125315158300175922e-01,-1.810233635228548632e+00,1.051826805658853947e-01
1.775473539045719663e+05,3.019016697621756951e+00,2.195429075802370622e-01,-1.770659077858657726e+00,7.521270368709098708e-02
1.811062769349707814e+05,3.070468623197287972e+00,2.371679540640236339e-01,-1.813356186957646887e+00,8.151333916158397253e-02
1.847365383033267281e+05,2.888271607195115553e+00,2.285637533627494777e-01,-1.786445045022356570e+00,9.155802788641025092e-02
1.884395679811288137e+05,2.896034882866904692e+00,2.987624059481053251e-01,-1.816949057953360036e+00,6.633147143263458390e-02
1.922168246035329648e+05,2.687628895834409004e+00,3.016312083480141015e-01,-1.792352620993840961e+00,9.012268922876466581e-02
1.960697960439258313e+05,2.776436313963581259e+00,2.134998284978612548e-01,-1.805058359621391162e+00,7.577938817780582870e-02
2.000000000000000291e+05,2.613841361228197879e+00,2.444703513038382070e-01,-1.837487609997257465e+00,6.822770181066385720e-02
