1.000000000000000000e+01 3.305244178851829133e+02 nan -7.903577183905774461e-03 nan
1.020044922957914046e+01 3.297815090989675468e+02 nan -9.063313656829663501e-03 nan
1.040491644852216702e+01 3.295771883133905362e+02 nan -5.463735639085864904e-03 nan
1.061348219711632446e+01 3.291210780871018642e+02 nan -8.618817474927986666e-03 nan
1.082622863007271441e+01 3.300408549205398572e+02 nan -6.573504104311567176e-03 nan
1.104323954888728387e+01 3.292421421376049011e+02 nan -3.878513406393668816e-03 nan
1.126460043485051798e+01 3.302096704403057856e+02 nan -1.184388239286082722e-02 nan
1.149039848271878128e+01 3.289067512542930558e+02 nan -8.139191814445556616e-03 nan
1.172072263506061063e+01 3.308466911779065640e+02 nan -7.791796202739398325e-03 nan
1.195566361729147786e+01 3.293030751969270682e+02 nan -8.167787867732201335e-03 nan
1.219531397341082091e+01 3.297827276868880517e+02 nan -1.179436938072253582e-02 nan
1.243976810245541387e+01 3.298138650469799131e+02 nan -6.268003224370488624e-03 nan
1.268912229568344685e+01 3.295245708288593391e+02 nan -1.056031645379862383e-02 nan
1.294347477450397044e+01 3.288037560198993106e+02 nan -6.777122765882381827e-03 nan
1.320292572916661200e+01 3.292171245126884855e+02 nan -8.146615123998834918e-03 nan
1.346757735822681745e+01 3.291350963760305035e+02 nan -8.101264374129613088e-03 nan
1.373753390880222014e+01 3.287631219338322239e+02 nan -9.072952067776363094e-03 nan
1.401290171763589143e+01 3.291551746773052969e+02 nan -1.309694170946862357e-02 nan
1.429378925298272307e+01 3.310948597687764732e+02 nan -5.550570136089838513e-03 nan
1.458030715733542060e+01 3.296286537090477964e+02 nan -1.109106258024894487e-02 nan
1.487256829100693167e+01 3.304338912721034376e+02 nan -1.285599313322993709e-02 nan
1.517068777658647960e+01 3.304704426015551917e+02 nan -1.378335735663505091e-02 nan
1.547478304428672224e+01 3.294575137208663023e+02 nan -1.017717984969079836e-02 nan
1.578497387819988340e+01 3.299248894611984042e+02 nan -1.409424731038466660e-02 nan
1.610138246348108382e+01 3.299200443575222153e+02 nan -1.365948913940329135e-02 nan
1.642413343447747209e+01 3.302887672901028395e+02 nan -9.456193029243831205e-03 nan
1.675335392382207189e+01 3.297266746202898844e+02 nan -1.037546836054170640e-02 nan
1.708917361251175038e+01 3.296260051873271664e+02 nan -1.135946515257035827e-02 nan
1.743172478098896505e+01 3.293282752561451616e+02 nan -1.148942895188298507e-02 nan
1.778114236124744707e+01 3.303317109964838210e+02 nan -1.196158298855909408e-02 nan
1.813756398998235397e+01 3.290209259587606994e+02 nan -1.361486983566084774e-02 nan
1.850113006280578531e+01 3.302841043306739266e+02 nan -1.163116373847250529e-02 nan
1.887198378954907341e+01 3.294871763938697313e+02 nan -1.170064132464698758e-02 nan
1.925027125067358469e+01 3.297720822141869235e+02 nan -1.486613407447201496e-02 nan
1.963614145481228235e+01 3.300829344093817781e+02 nan -1.178259260215863691e-02 nan
2.002974639746469521e+01 3.286524693360671563e+02 nan -1.363012794224260915e-02 nan
2.043124112086844235e+01 3.295395175755897981e+02 nan -1.304481911618182721e-02 nan
2.084078377507081470e+01 3.290795741838781510e+02 nan -1.654098166444706308e-02 nan
2.125853568022465012e+01 3.300754443641220064e+02 nan -1.530162387983580174e-02 nan
2.168466139013282046e+01 3.303640783842558335e+02 nan -1.292654182444596955e-02 nan
2.211932875706648360e+01 3.294241633953553219e+02 nan -1.519527090383032686e-02 nan
2.256270899788265183e+01 3.292424750832461768e+02 nan -1.544522232804990125e-02 nan
2.301497676146704308e+01 3.303454590974138227e+02 nan -1.207299558362873171e-02 nan
2.347631019752882864e+01 3.295166156608206052e+02 nan -1.392381446945023526e-02 nan
2.394689102677438441e+01 3.302069519095184091e+02 nan -1.766238007452525238e-02 nan
2.442690461248763967e+01 3.298953166706223783e+02 nan -1.544027864630592717e-02 nan
2.491654003354526736e+01 3.291752041632361738e+02 nan -1.861711428820989056e-02 nan
2.541599015889546109e+01 3.291756942086283289e+02 nan -1.304865066782756600e-02 nan
2.592545172352962268e+01 3.282808973492584528e+02 nan -1.889409098889327510e-02 nan
2.644512540597689210e+01 3.298702263238903925e+02 nan -1.662481647692271025e-02 nan
2.697521590735207297e+01 3.288747826671614689e+02 nan -1.828360157553454712e-02 nan
2.751593203198804005e+01 3.303774820567167012e+02 nan -1.635268542029333361e-02 nan
2.806748676968443590e+01 3.302375701480596035e+02 nan -1.773616977138825490e-02 nan
2.863009737960502932e+01 3.291506160399794680e+02 nan -1.823909491804620586e-02 nan
2.920398547585678983e+01 3.291975554106599020e+02 nan -2.148181184174902114e-02 nan
2.978937711478437578e+01 3.290639033808302543e+02 nan -1.916487638887209854e-02 nan
3.038650288401447597e+01 3.285667312094151384e+02 nan -2.457637430887160690e-02 nan
3.099559799328497434e+01 3.289721708850078130e+02 nan -2.354014481179511620e-02 nan
3.161690236709484481e+01 3.300033981802110361e+02 nan -2.235451712253944123e-02 nan
3.225066073921114906e+01 3.293657647501888732e+02 nan -2.204541361785494757e-02 nan
3.289712274907046208e+01 3.289720674155570919e+02 nan -2.274095293481614988e-02 nan
3.355654304011261502e+01 3.297102195922828400e+02 nan -2.272591901687581739e-02 nan
3.422918136008559742e+01 3.303114086054906693e+02 nan -2.320209938509876224e-02 nan
3.491530266336097554e+01 3.291497578734534954e+02 nan -2.307386869326588652e-02 nan
3.561517721530029945e+01 3.291038488119655199e+02 nan -2.228530875663814470e-02 nan
3.632908069871344736e+01 3.308852067035370510e+02 nan -2.260059418407323051e-02 nan
3.705729432245099275e+01 3.288961892661986326e+02 nan -2.162555664437926239e-02 nan
3.780010493217326939e+01 3.287299498503014661e+02 nan -2.481060643993426851e-02 nan
3.855780512333974741e+01 3.297425217900744769e+02 nan -2.428642718617091134e-02 nan
3.933069335646334963e+01 3.299000631223503319e+02 nan -3.019709628253153255e-02 nan
4.011907407467499809e+01 3.287763987712335165e+02 nan -2.889625282249541627e-02 nan
4.092325782364472531e+01 3.298975266900899328e+02 nan -2.740286726885754476e-02 nan
4.174356137390653032e+01 3.285230297500752954e+02 nan -2.658728605926397037e-02 nan
4.258030784563544557e+01 3.284183854768170363e+02 nan -2.899452928762347170e-02 nan
4.343382683592546556e+01 3.309273602339742979e+02 nan -2.913565803755657768e-02 nan
4.430445454861897048e+01 3.290522512488127518e+02 nan -3.186491819491799049e-02 nan
4.519253392673843450e+01 3.287177479324556657e+02 nan -3.214143863171425863e-02 nan
4.609841478757282118e+01 3.302074352934150738e+02 nan -2.858138176815883114e-02 nan
4.702245396047167958e+01 3.299997925716917848e+02 nan -3.301088280939268316e-02 nan
4.796501542740139001e+01 3.287791066003600804e+02 nan -3.153168424001862036e-02 nan
4.892647046631881125e+01 3.299744484308252481e+02 nan -3.410636193291161078e-02 nan
4.990719779741882434e+01 3.289733407107580661e+02 nan -3.558746314847427428e-02 nan
5.090758373231345502e+01 3.288473087432108741e+02 nan -3.651775021592307269e-02 nan
5.192802232620123704e+01 3.285780386102665602e+02 nan -3.854548472873098319e-02 nan
5.296891553308680045e+01 3.294180773011580072e+02 nan -3.318897828838807129e-02 nan
5.403067336411177735e+01 3.287458712794767166e+02 nan -3.464475676089051603e-02 nan
5.511371404905961668e+01 3.287696326372050066e+02 nan -3.428961195417645769e-02 nan
5.621846420109751818e+01 3.301276274597671545e+02 nan -3.896725778749843272e-02 nan
5.734535898482076277e+01 3.295695023124548015e+02 nan -4.033621642402751561e-02 nan
5.849484228766541349e+01 3.295448513306075711e+02 nan -4.206864612775884638e-02 nan
5.966736689475699507e+01 3.290287699143297573e+02 nan -4.387095300822130284e-02 nan
6.086339466726398229e+01 3.303217985148737625e+02 nan -4.195547904072238765e-02 nan
6.208339672432640555e+01 3.289723660274130452e+02 nan -4.212487276894760768e-02 nan
6.332785362863113221e+01 3.288991902539850116e+02 nan -4.120910413019807095e-02 nan
6.459725557570709498e+01 3.293911230349638686e+02 nan -3.804422596157452929e-02 nan
6.589210258701483269e+01 3.289461814684430010e+02 nan -4.162618963041619935e-02 nan
6.721290470690649954e+01 3.296121841247513089e+02 nan -4.303496995837008399e-02 nan
6.856018220353405468e+01 3.294869874630394975e+02 nan -4.535302610077884822e-02 nan
6.993446577378443862e+01 3.291543907129976105e+02 nan -4.647532058380043907e-02 nan
7.133629675232282352e+01 3.296340512812631687e+02 nan -4.869874686261255192e-02 nan
7.276622732482601918e+01 3.298506425609921848e+02 nan -4.817949121366460474e-02 nan
7.422482074549022002e+01 3.296015329072495206e+02 nan -4.981729446037252984e-02 nan
7.571265155889854270e+01 3.298183829415439732e+02 nan -5.466911152441289445e-02 nan
7.723030582633604979e+01 3.279925425440705453e+02 nan -5.348342767411651266e-02 nan
7.877838135664109132e+01 3.288955555296901707e+02 nan -5.150667387466434377e-02 nan
8.035748794168412701e+01 3.286122798180187488e+02 nan -5.706149769379020853e-02 nan
8.196824759656668391e+01 3.276289187028376091e+02 nan -5.716171599640418322e-02 nan
8.361129480463507946e+01 3.297050996234474383e+02 nan -5.604289471517187593e-02 nan
8.528727676740543018e+01 3.297735525610588070e+02 nan -5.817817087640886342e-02 nan
8.699685365949835614e+01 3.280162585483594171e+02 nan -5.897773655446947316e-02 nan
8.874069888868390876e+01 3.281317754471952526e+02 nan -6.080217007780719385e-02 nan
9.051949936113902595e+01 3.303222928706244943e+02 nan -6.006158625942203955e-02 nan
9.233395575202200689e+01 3.275095772600180908e+02 nan -6.258064745671454432e-02 nan
9.418478278147071592e+01 3.295860563795399685e+02 nan -6.377385277620817305e-02 nan
9.607270949613315736e+01 3.284190877163641176e+02 nan -6.237279796725880843e-02 nan
9.799847955634119501e+01 3.284485586098157341e+02 nan -6.556227211501264307e-02 nan
9.996285152904076199e+01 3.288512961750559498e+02 nan -6.856957579621258958e-02 nan
1.019665991865938821e+02 3.284358719620022953e+02 nan -6.668285609899982092e-02 nan
1.040105118115695575e+02 3.283028377047609183e+02 nan -6.923555973140826936e-02 nan
1.060953945076457785e+02 3.273687838009478810e+02 nan -7.171308654401986615e-02 nan
1.082220685167409044e+02 3.296101957817485868e+02 nan -7.382034157872219282e-02 nan
1.103913715425051834e+02 3.272009777650841329e+02 nan -7.591402985618778132e-02 nan
1.126041580802930469e+02 3.281632778384963558e+02 nan -7.517566574906719978e-02 nan
1.148612997537534000e+02 3.281988312125160405e+02 nan -7.764282080954565401e-02 nan
1.171636856581631321e+02 3.277473888528469388e+02 nan -8.200059075511578754e-02 nan
1.195122227106463839e+02 3.261689261547908245e+02 nan -8.024150207726643558e-02 nan
1.219078360074102250e+02 3.273707940204417355e+02 nan -8.025645619282961718e-02 nan
1.243514691881448897e+02 3.270856568975256664e+02 nan -8.393329749058597855e-02 nan
1.268440848077245420e+02 3.291157636336531027e+02 nan -8.467142214885470253e-02 nan
1.293866647153626275e+02 3.285624852507677360e+02 nan -8.776923910462741674e-02 nan
1.319802104413633685e+02 3.285109903866787704e+02 nan -8.754284772028864126e-02 nan
1.346257435916299130e+02 3.293551551780082036e+02 nan -8.944312022047817834e-02 nan
1.373243062500758924e+02 3.288022855088929646e+02 nan -8.961700904877645257e-02 nan
1.400769613891077654e+02 3.283393694360387940e+02 nan -9.631917831582459399e-02 nan
1.428847932883309966e+02 3.277627111918707783e+02 nan -9.786241003964590845e-02 nan
1.457489079616532024e+02 3.281716776659919788e+02 nan -9.869441596088446289e-02 nan
1.486704335929444767e+02 3.278309183215172879e+02 nan -1.009928004832580939e-01 nan
1.516505209804348624e+02 3.275875971284684169e+02 nan -1.044746025642799836e-01 nan
1.546903439900150374e+02 3.276312346603711489e+02 nan -1.049798046637122617e-01 nan
1.577911000176282528e+02 3.290748153302488959e+02 nan -1.068727528610020627e-01 nan
1.609540104609259572e+02 3.282197026345975814e+02 nan -1.101462694125281416e-01 nan
1.641803212003826786e+02 3.271568490978170871e+02 nan -1.092205409200062149e-01 nan
1.674713030900499007e+02 3.283044965361518166e+02 nan -1.104787077369326909e-01 nan
1.708282524581514110e+02 3.264145580816428946e+02 nan -1.166467623976652490e-01 nan
1.742524916177101488e+02 3.283571161887104495e+02 nan -1.199380414933211014e-01 nan
1.777453693874116993e+02 3.274618010251072633e+02 nan -1.231018515510102773e-01 nan
1.813082616229083328e+02 3.279619317948112780e+02 nan -1.199073337286225005e-01 nan
1.849425717587728286e+02 3.269596104468624276e+02 nan -1.267145573960011262e-01 nan
1.886497313613159008e+02 3.278759492747117292e+02 nan -1.285716712435771569e-01 nan
1.924312006924846514e+02 3.264330365358886183e+02 nan -1.328544576102062003e-01 nan
1.962884692850643944e+02 3.262012900220398706e+02 nan -1.321062859181894034e-01 nan
2.002230565294103712e+02 3.268954911214529488e+02 nan -1.358001181468067031e-01 nan
2.042365122719404553e+02 3.259596049015524954e+02 nan -1.375389177481007863e-01 nan
2.083304174256245460e+02 3.251941688720845605e+02 nan -1.423412772883545507e-01 nan
2.125063845927112425e+02 3.261861314641101899e+02 nan -1.444680654347072490e-01 nan
2.167660586999369912e+02 3.270208867414086171e+02 nan -1.457811498625023461e-01 nan
2.211111176464678749e+02 3.255101803749570308e+02 nan -1.521797710070362797e-01 nan
2.255432729648295833e+02 3.257466971969125780e+02 nan -1.532951052151574345e-01 nan
2.300642704950853670e+02 3.236415179595872473e+02 nan -1.567385164301828837e-01 nan
2.346758910725280316e+02 3.262451565541329046e+02 nan -1.574771169548467853e-01 nan
2.393799512291566600e+02 3.259253843657635912e+02 nan -1.634120575662407759e-01 nan
2.441783039092143213e+02 3.261365269881659970e+02 nan -1.635235891094652949e-01 nan
2.490728391990686248e+02 3.258656206679318643e+02 nan -1.675597371665866753e-01 nan
2.540654850717228328e+02 3.251699754566221827e+02 nan -1.721126119576839031e-01 nan
2.591582081462505585e+02 3.248444210661289731e+02 nan -1.730952388547271070e-01 nan
2.643530144624531886e+02 3.228920204890075070e+02 nan -1.778121341309577552e-01 nan
2.696519502710453935e+02 3.253262253642210453e+02 nan -1.839278873366687606e-01 nan
2.750571028396797146e+02 3.225314900886440910e+02 nan -1.873050166701748509e-01 nan
2.805706012751284106e+02 3.240707664321496964e+02 nan -1.886970871888138390e-01 nan
2.861946173619436991e+02 3.236256611751694550e+02 nan -1.891050094797166459e-01 nan
2.919313664179338161e+02 3.218905553146590250e+02 nan -1.962606060484928250e-01 nan
2.977831081667795274e+02 3.228206588499212444e+02 nan -1.981292725849277403e-01 nan
3.037521476281511355e+02 3.229518060316706851e+02 nan -2.049551961777020814e-01 nan
3.098408360256580067e+02 3.230217222446780738e+02 nan -2.088736006040834425e-01 nan
3.160515717130082862e+02 3.226408604672282081e+02 nan -2.097203812782892918e-01 nan
3.223868011187228717e+02 3.221112283744627689e+02 nan -2.152697216489585230e-01 nan
3.288490197097963232e+02 3.213816517156309374e+02 nan -2.177871371286634883e-01 nan
3.354407729746643554e+02 3.224564738681238509e+02 nan -2.241560303244107821e-01 nan
3.421646574258849682e+02 3.219511725140120575e+02 nan -2.327878326357191163e-01 nan
3.490233216229075310e+02 3.211731790080329461e+02 nan -2.284185443137092264e-01 nan
3.560194672153542683e+02 3.199408473127044772e+02 nan -2.369047312215437628e-01 nan
3.631558500072032984e+02 3.206746691462754484e+02 nan -2.405762610640342913e-01 nan
3.704352810423138180e+02 3.198600578849064959e+02 nan -2.508230039684802293e-01 nan
3.778606277116998058e+02 3.186775890715376249e+02 nan -2.493968484140753894e-01 nan
3.854348148830102332e+02 3.188766005754184221e+02 nan -2.576242473894012619e-01 nan
3.931608260526376171e+02 3.183603016702168702e+02 nan -2.593885926500614225e-01 nan
4.010417045209329672e+02 3.180618460834855341e+02 nan -2.696408171633173367e-01 nan
4.090805545909651642e+02 3.163425924580308788e+02 nan -2.725194503470071972e-01 nan
4.172805427913222047e+02 3.179579579791749211e+02 nan -2.763267063830974202e-01 nan
4.256448991234103119e+02 3.157131704515825277e+02 nan -2.812090065923307236e-01 nan
4.341769183337685831e+02 3.167972764859781591e+02 nan -2.871217749943575370e-01 nan
4.428799612118730238e+02 3.151331443913451835e+02 nan -2.950016904564880527e-01 nan
4.517574559139694657e+02 3.162506060312338150e+02 nan -2.996125027769291904e-01 nan
4.608128993134281473e+02 3.158964474653592447e+02 nan -3.032678151406029698e-01 nan
4.700498583781788398e+02 3.127940360787951590e+02 nan -3.110199665431196969e-01 nan
4.794719715757477729e+02 3.130326126005451783e+02 nan -3.174429973497243651e-01 nan
4.890829503064627488e+02 3.131417109783144497e+02 nan -3.190494129826939584e-01 nan
4.988865803653851003e+02 3.109826495413066709e+02 nan -3.266698383846522447e-01 nan
5.088867234335463650e+02 3.112488344913716105e+02 nan -3.328313850229909221e-01 nan
5.190873185990770935e+02 3.107789994354556029e+02 nan -3.434991490106731327e-01 nan
5.294923839088257864e+02 3.100245852001667117e+02 nan -3.458486353754017806e-01 nan
5.401060179510803891e+02 3.091129007625798408e+02 nan -3.522304431307130557e-01 nan
5.509324014700155203e+02 3.081147528318255695e+02 nan -3.651303056213195397e-01 nan
5.619757990125004881e+02 3.081249074465574722e+02 nan -3.651938022904008818e-01 nan
5.732405606079181553e+02 3.071330213710378985e+02 nan -3.709052163278263592e-01 nan
5.847311234816553451e+02 3.063149906495710866e+02 nan -3.803116443626164411e-01 nan
5.964520138029396321e+02 3.045840319730362467e+02 nan -3.877035544999891670e-01 nan
6.084078484677121423e+02 3.047479468123867150e+02 nan -3.944722654725163480e-01 nan
6.206033369172375842e+02 3.027176285828026039e+02 nan -3.983177301791940295e-01 nan
6.330432829931679635e+02 3.016255773518411161e+02 nan -4.069092106099976291e-01 nan
6.457325868297909892e+02 3.010273538133555462e+02 nan -4.138332853701003344e-01 nan
6.586762467842086153e+02 3.003565889655075125e+02 nan -4.258046663043417723e-01 nan
6.718793614052060548e+02 2.994041957780664234e+02 nan -4.285327397396203608e-01 nan
6.853471314415858160e+02 2.986755181229429468e+02 nan -4.331905038731900248e-01 nan
6.990848618907597256e+02 2.980163724280599240e+02 nan -4.442561151326689384e-01 nan
7.130979640884039554e+02 2.949843553019427418e+02 nan -4.518259033599436592e-01 nan
7.273919578400012824e+02 2.954463051770542847e+02 nan -4.640151242320191827e-01 nan
7.419724735951103867e+02 2.937634312207474636e+02 nan -4.683315172233686319e-01 nan
7.568452546652172259e+02 2.933443834536453210e+02 nan -4.802336885401659039e-01 nan
7.720161594860450123e+02 2.908974207700864554e+02 nan -4.881465074289721429e-01 nan
7.874911639252067062e+02 2.893097280229825401e+02 nan -4.927216352795960042e-01 nan
8.032763636361262343e+02 2.887347425937400089e+02 nan -5.013674777987824349e-01 nan
8.193779764591248522e+02 2.858860459014087496e+02 nan -5.134520770580190963e-01 nan
8.358023448706603631e+02 2.852510439830744531e+02 nan -5.134798591614000429e-01 nan
8.525559384816356214e+02 2.838704547422693736e+02 nan -5.231593906815747985e-01 nan
8.696453565858130332e+02 2.830536796510350541e+02 nan -5.339324903132283140e-01 nan
8.870773307592822903e+02 2.805210315896601401e+02 nan -5.465836355830830939e-01 nan
9.048587275120650020e+02 2.805016735340967102e+02 nan -5.529258083406811686e-01 nan
9.229965509928395022e+02 2.777766704359137862e+02 nan -5.595147895664736026e-01 nan
9.414979457479122402e+02 2.760044211515902930e+02 nan -5.676171437203239023e-01 nan
9.603701995354624614e+02 2.747313661450402265e+02 nan -5.785075232621044172e-01 nan
9.796207461962283105e+02 2.730832520547098170e+02 nan -5.891585050905452370e-01 nan
9.992571685817048319e+02 2.730938750788653238e+02 nan -5.933273522589317395e-01 nan
1.019287201541069408e+03 2.699163018465071673e+02 nan -6.043222110764565613e-01 nan
1.039718734967947967e+03 2.674807624749794854e+02 nan -6.187351279364259327e-01 nan
1.060559816908280254e+03 2.644900122407862000e+02 nan -6.253088910665516309e-01 nan
1.081818656730466046e+03 2.649968628984152588e+02 nan -6.348266528599921799e-01 nan
1.103503628359062077e+03 2.621731298093191640e+02 nan -6.398344663725956671e-01 nan
1.125623273573298093e+03 2.607954066269339819e+02 nan -6.510368333329399348e-01 nan
1.148186305371709750e+03 2.586762848939081891e+02 nan -6.644292259815838264e-01 nan
1.171201611404217601e+03 2.568155823421402033e+02 nan -6.721699384007457923e-01 nan
1.194678257472999803e+03 2.545807355669979302e+02 nan -6.792518037751595905e-01 nan
1.218625491103540980e+03 2.526278166693448952e+02 nan -6.929445141782579753e-01 nan
1.243052745187261507e+03 2.499640112498600502e+02 nan -7.020397922451593331e-01 nan
1.267969641697163752e+03 2.488525903536020962e+02 nan -7.154607979031188947e-01 nan
1.293385995477957067e+03 2.455446259588461260e+02 nan -7.196286740820543315e-01 nan
1.319311818112157653e+03 2.433083671606672453e+02 nan -7.328658253177469106e-01 nan
1.345757321863681227e+03 2.413071594123676107e+02 nan -7.386436452904430183e-01 nan
1.372732923700487390e+03 2.394707045120471207e+02 nan -7.517960220950676842e-01 nan
1.400249249397855692e+03 2.372986377222451040e+02 nan -7.585108011863122002e-01 nan
1.428317137723912538e+03 2.338902178787057267e+02 nan -7.678472159849949463e-01 nan
1.456947644709056704e+03 2.327779555734475707e+02 nan -7.816134465355064620e-01 nan
1.486152048000963987e+03 2.302896887858680373e+02 nan -7.934298972644211467e-01 nan
1.515941851306889248e+03 2.272287216545774413e+02 nan -7.981858892492734725e-01 nan
1.546328788925013441e+03 2.256556408373677129e+02 nan -8.060597746611439796e-01 nan
1.577324830366619608e+03 2.232086019302486761e+02 nan -8.237026729806062875e-01 nan
1.608942185070923188e+03 2.201859563706074709e+02 nan -8.267742961799351420e-01 nan
1.641193307214407696e+03 2.178906552378394395e+02 nan -8.360131016151264305e-01 nan
1.674090900616564568e+03 2.156016857522149337e+02 nan -8.474974670906565422e-01 nan
1.707647923743968477e+03 2.128537860641606585e+02 nan -8.521925977365376603e-01 nan
1.741877594814658096e+03 2.107850259946240215e+02 nan -8.679379817644612416e-01 nan
1.776793397004834333e+03 2.075125726771278494e+02 nan -8.757526783175810792e-01 nan
1.812409083759926489e+03 2.057287555208632170e+02 nan -8.839137143698385657e-01 nan
1.848738684212117732e+03 2.032306619231105458e+02 nan -8.945393431871644374e-01 nan
1.885796508706464920e+03 2.007171417771765789e+02 nan -9.021217882224279450e-01 nan
1.923597154437788959e+03 1.979398252312212207e+02 nan -9.136299565015093549e-01 nan
1.962155511200557157e+03 1.960105821728230069e+02 nan -9.265728792992851126e-01 nan
2.001486767254018559e+03 1.935312398636971523e+02 nan -9.327100581189129436e-01 nan
2.041606415304909660e+03 1.901821074355680139e+02 nan -9.400954102595160400e-01 nan
2.082530258610079272e+03 1.880307988402463195e+02 nan -9.502721485221696796e-01 nan
2.124274417201443157e+03 1.854112554966773985e+02 nan -9.584449587153573979e-01 nan
2.166855334235713599e+03 1.836661229485896172e+02 nan -9.685017765694734493e-01 nan
2.210289782471413673e+03 1.810776591236437127e+02 nan -9.799442443696300131e-01 nan
2.254594870875717334e+03 1.781060273011287620e+02 nan -9.859728127667302111e-01 nan
2.299788051363729210e+03 1.757398869656688589e+02 nan -9.961855816523534912e-01 nan
2.345887125672846196e+03 1.728015698290533919e+02 nan -1.000874922903716602e+00 nan
2.392910252374920674e+03 1.701849804532664336e+02 nan -1.012048596035705295e+00 nan
2.440875954028978413e+03 1.692202628040839443e+02 nan -1.019652726325020797e+00 nan
2.489803124477314213e+03 1.662330699016488893e+02 nan -1.029586323322813968e+00 nan
2.539711036287835213e+03 1.636201078632739438e+02 nan -1.035440622380684239e+00 nan
2.590619348345589060e+03 1.608282210095728999e+02 nan -1.046979900505502936e+00 nan
2.642548113596457370e+03 1.586541285637027556e+02 nan -1.047917805367176047e+00 nan
2.695517786946082197e+03 1.575091445142648752e+02 nan -1.061061724288177466e+00 nan
2.749549233317103244e+03 1.539506079586528244e+02 nan -1.068812521506572466e+00 nan
2.804663735867935884e+03 1.518354674017772368e+02 nan -1.071599419983198409e+00 nan
2.860883004376264125e+03 1.491597295535746639e+02 nan -1.085434826211951087e+00 nan
2.918229183790591833e+03 1.471947170377155771e+02 nan -1.093961853681052698e+00 nan
2.976724862953210049e+03 1.445039138399064313e+02 nan -1.099739615833995821e+00 nan
3.036393083498014221e+03 1.424101014162787919e+02 nan -1.102851509113229156e+00 nan
3.097257348926674695e+03 1.399152707112837106e+02 nan -1.114325066480786219e+00 nan
3.159341633866742995e+03 1.380023183927690980e+02 nan -1.124831903074611006e+00 nan
3.222670393515331853e+03 1.359510078487243447e+02 nan -1.131062748135854168e+00 nan
3.287268573272097001e+03 1.331916447952280862e+02 nan -1.137511246047070657e+00 nan
3.353161618565307890e+03 1.321978980227149520e+02 nan -1.142894932960643928e+00 nan
3.420375484874883568e+03 1.293721809040810058e+02 nan -1.146694657094201375e+00 nan
3.488936647956338220e+03 1.274206014086403371e+02 nan -1.157730137435561968e+00 nan
3.558872114269665872e+03 1.252262485982776923e+02 nan -1.164481231968561126e+00 nan
3.630209431617269729e+03 1.226871855482185367e+02 nan -1.173790703732441543e+00 nan
3.702976699995130730e+03 1.216347721717394563e+02 nan -1.178796088639735729e+00 nan
3.777202582661483575e+03 1.193579399980101812e+02 nan -1.188588609884506653e+00 nan
3.852916317427366721e+03 1.162577442160417576e+02 nan -1.188253922041754507e+00 nan
3.930147728173487849e+03 1.148057354949840629e+02 nan -1.197983991916222735e+00 nan
4.008927236597945921e+03 1.129500467593630333e+02 nan -1.202866526155247584e+00 nan
4.089285874199434602e+03 1.110968400646311949e+02 nan -1.212453614221200127e+00 nan
4.171255294500648233e+03 1.089492134082482835e+02 nan -1.212582806619366238e+00 nan
4.254867785516704316e+03 1.065248911066986750e+02 nan -1.219947106430643302e+00 nan
4.340156282473497413e+03 1.053564805897168384e+02 nan -1.220813938694504941e+00 nan
4.427154380780984866e+03 1.034145512106287157e+02 nan -1.233856229810449179e+00 nan
4.515896349266530706e+03 1.014664331124088505e+02 nan -1.236349039650608717e+00 nan
4.606417143673503233e+03 1.000960250197825019e+02 nan -1.243427752394058672e+00 nan
4.698752420430452730e+03 9.841393212705699511e+01 nan -1.250427021638047975e+00 nan
4.792938550696293532e+03 9.646192418559890314e+01 nan -1.256812270305216472e+00 nan
4.889012634687016543e+03 9.460633885629816575e+01 nan -1.255834209923323286e+00 nan
4.987012516289585619e+03 9.251161713608269110e+01 nan -1.263543788272482260e+00 nan
5.086976797968763094e+03 9.115556809224958101e+01 nan -1.271788143273933969e+00 nan
5.188944855972742516e+03 8.962261200502763359e+01 nan -1.275084477339913036e+00 nan
5.292956855843580342e+03 8.802762654909258799e+01 nan -1.285099345119105507e+00 nan
5.399053768238527482e+03 8.598638969773141127e+01 nan -1.286624874487975134e+00 nan
5.507277385068503463e+03 8.455290258821699467e+01 nan -1.285303598953333903e+00 nan
5.617670335960064222e+03 8.331334067276148403e+01 nan -1.296962899794397828e+00 nan
5.730276105047341844e+03 8.122339532350504498e+01 nan -1.297117617515741728e+00 nan
5.845139048100591026e+03 8.069904582225001377e+01 nan -1.302119251911184605e+00 nan
5.962304409998062511e+03 7.891001347634873753e+01 nan -1.303857562843106166e+00 nan
6.081818342548104738e+03 7.734973630157743685e+01 nan -1.309014073996319638e+00 nan
6.203727922668509564e+03 7.642767887962945395e+01 nan -1.319352656250513789e+00 nan
6.328081170930258850e+03 7.455300089167491251e+01 nan -1.317584123776569527e+00 nan
6.454927070472982450e+03 7.343318577841857575e+01 nan -1.328377558520195123e+00 nan
6.584315586299566348e+03 7.171850960387720875e+01 nan -1.334992542400788906e+00 nan
6.716297684957533420e+03 7.121115350858303827e+01 nan -1.328177717110584410e+00 nan
6.850925354614922981e+03 6.927226635114844555e+01 nan -1.332663298557207554e+00 nan
6.988251625538599001e+03 6.786697091583286578e+01 nan -1.341744953555082276e+00 nan
7.128330590983036927e+03 6.664378762196696471e+01 nan -1.348306143319069506e+00 nan
7.271217428497833680e+03 6.559827213868977935e+01 nan -1.346798020001322982e+00 nan
7.416968421662321816e+03 6.457836412156257211e+01 nan -1.353732131606491862e+00 nan
7.565640982255823474e+03 6.337957052793640855e+01 nan -1.352829488398151980e+00 nan
7.717293672872378011e+03 6.193947448456668070e+01 nan -1.362844307741660543e+00 nan
7.871986229988701780e+03 6.127126546009572650e+01 nan -1.360952666613247430e+00 nan
8.029779587494585030e+03 5.993467639128124347e+01 nan -1.364339868901513597e+00 nan
8.190735900694944576e+03 5.872060954970292812e+01 nan -1.372003691713658213e+00 nan
8.354918570792993705e+03 5.747898545890461008e+01 nan -1.374818764824940587e+00 nan
8.522392269864185437e+03 5.639138240053307527e+01 nan -1.379807561706224206e+00 nan
8.693222966330733470e+03 5.526371419783466621e+01 nan -1.378667747441316038e+00 nan
8.867477950946802594e+03 5.423523996174787243e+01 nan -1.389214277206155757e+00 nan
9.045225863304531231e+03 5.348627134146990869e+01 nan -1.388872937660030615e+00 nan
9.226536718871402627e+03 5.219398611126921139e+01 nan -1.387934050021605970e+00 nan
9.411481936569543905e+03 5.147337797498272494e+01 nan -1.387952729127903240e+00 nan
9.600134366907879667e+03 5.026008142807254586e+01 nan -1.405431225696890607e+00 nan
9.792568320678170494e+03 4.956350882613855902e+01 nan -1.395520158094303298e+00 nan
9.988859598226272283e+03 4.839032577452136508e+01 nan -1.400877349462220423e+00 nan
1.018908551931013790e+04 4.732579889479845292e+01 nan -1.400684807745047777e+00 nan
1.039332495355629544e+04 4.658009057745908876e+01 nan -1.406586279595227751e+00 nan
1.060165835152690670e+04 4.588375797534492762e+01 nan -1.406040480738315779e+00 nan
1.081416777640940018e+04 4.488301728918538203e+01 nan -1.408297910866380676e+00 nan
1.103093693634147166e+04 4.414634607103507591e+01 nan -1.410578164315008820e+00 nan
1.125205121738403250e+04 4.338705753194778225e+01 nan -1.409051806593549117e+00 nan
1.147759771715500938e+04 4.249716234347415167e+01 nan -1.411288760653592433e+00 nan
1.170766527913732352e+04 4.164532119330392135e+01 nan -1.421435199646351677e+00 nan
1.194234452767466246e+04 4.063280046704874593e+01 nan -1.425685267013189872e+00 nan
1.218172790366875415e+04 4.007952255896287141e+01 nan -1.434627587447247166e+00 nan
1.242590970099207880e+04 3.913585519143551039e+01 nan -1.426066242237541637e+00 nan
1.267498610363047374e+04 3.860318598601917017e+01 nan -1.428547780805367040e+00 nan
1.292905522357036352e+04 3.769441646044148087e+01 nan -1.435267347470845500e+00 nan
1.318821713944543262e+04 3.708346022802025033e+01 nan -1.442323175248071188e+00 nan
1.345257393595787107e+04 3.607955107937617356e+01 nan -1.430556026065192832e+00 nan
1.372222974408980190e+04 3.593447702594779969e+01 nan -1.438495870430568147e+00 nan
1.399729078212086279e+04 3.508715818676671461e+01 nan -1.443141230412681608e+00 nan
1.427786539746798007e+04 3.429760860347330009e+01 nan -1.443683733088099608e+00 nan
1.456406410936370776e+04 3.360344277619780939e+01 nan -1.443996967692792843e+00 nan
1.485599965239003723e+04 3.286872457329977237e+01 nan -1.443701359184896837e+00 nan
1.515378702088497630e+04 3.250563776695081231e+01 nan -1.443676180118250940e+00 nan
1.545754351423923799e+04 3.189321154534937008e+01 nan -1.443427460381510485e+00 nan
1.576738878310078144e+04 3.122615470676739946e+01 nan -1.444438700909215889e+00 nan
1.608344487650553128e+04 3.037806644122427358e+01 nan -1.454955546797217281e+00 nan
1.640583628995292383e+04 2.999710624650773738e+01 nan -1.452161503167169521e+00 nan
1.673469001444516107e+04 2.949374510261333882e+01 nan -1.446144725369316042e+00 nan
1.707013558650930645e+04 2.916194736550940547e+01 nan -1.439185248262072392e+00 nan
1.741230513922204773e+04 2.816837241962342375e+01 nan -1.461748228452944609e+00 nan
1.776133345425742300e+04 2.778969242320562572e+01 nan -1.459434337422636396e+00 nan
1.811735801497781722e+04 2.739528607702869323e+01 nan -1.469308903213293327e+00 nan
1.848051906058900931e+04 2.664620993816112460e+01 nan -1.461812126993193850e+00 nan
1.885095964138079580e+04 2.639264816352489973e+01 nan -1.463002370674679753e+00 nan
1.922882567507500062e+04 2.552568746306072001e+01 nan -1.456443622752122025e+00 nan
1.961426600430301914e+04 2.531682468764304872e+01 nan -1.460976084354335569e+00 nan
2.000743245523532460e+04 2.477128237600091509e+01 nan -1.466270540089275265e+00 nan
2.040847989738620527e+04 2.457847019504549024e+01 nan -1.470752042323793418e+00 nan
2.081756630461742679e+04 2.394633388455929435e+01 nan -1.471965605094270657e+00 nan
2.123485281736476827e+04 2.369303266713838241e+01 nan -1.478180521329748309e+00 nan
2.166050380611151195e+04 2.315951358764096213e+01 nan -1.484243978315825885e+00 nan
2.209468693613459618e+04 2.263893193805587245e+01 nan -1.477862623046370061e+00 nan
2.253757323354861728e+04 2.232204062144216294e+01 nan -1.476093245432674728e+00 nan
2.298933715267346997e+04 2.206152129981066423e+01 nan -1.478995406968244275e+00 nan
2.345015664475234007e+04 2.146870068191469727e+01 nan -1.484010655586672556e+00 nan
2.392021322804739248e+04 2.138214162225601100e+01 nan -1.492134999446408372e+00 nan
2.439969205934045385e+04 2.091393768796463348e+01 nan -1.477463555727602795e+00 nan
2.488878200686678247e+04 2.030490578182086381e+01 nan -1.494605206192501257e+00 nan
2.538767572471076710e+04 2.000438303942222618e+01 nan -1.484988782844165023e+00 nan
2.589656972869307356e+04 1.962191067266045152e+01 nan -1.487584829399258624e+00 nan
2.641566447377894656e+04 1.921983940561586124e+01 nan -1.475646323960392969e+00 nan
2.694516443303797496e+04 1.893146822754894032e+01 nan -1.489862724754231316e+00 nan
2.748527817818657422e+04 1.850619332017286567e+01 nan -1.493008513739876086e+00 nan
2.803621846174513121e+04 1.810309729666300527e+01 nan -1.499584439159895588e+00 nan
2.859820230084202922e+04 1.780460870721909572e+01 nan -1.479169312151467075e+00 nan
2.917145106269727330e+04 1.740820151757220913e+01 nan -1.505723077197336224e+00 nan
2.975619055181962904e+04 1.713890565274741462e+01 nan -1.501732976302304401e+00 nan
3.035265109895182832e+04 1.711970554936620204e+01 nan -1.493347883275109922e+00 nan
3.096106765179873037e+04 1.669826265210277683e+01 nan -1.498148005125980120e+00 nan
3.158167986757383187e+04 1.618625968679952720e+01 nan -1.495427673104641642e+00 nan
3.221473220740088436e+04 1.573612807361038435e+01 nan -1.503995098374955930e+00 nan
3.286047403260802821e+04 1.598334397420993724e+01 nan -1.506189479226200056e+00 nan
3.351915970295215811e+04 1.544604096001280524e+01 nan -1.504686823407546115e+00 nan
3.419104867681188625e+04 1.501079523103240554e+01 nan -1.505034882026283327e+00 nan
3.487640561338890257e+04 1.484893993506321586e+01 nan -1.519571964746436521e+00 nan
3.557550047695820103e+04 1.460335063814085643e+01 nan -1.512798334248714127e+00 nan
3.628860864320802648e+04 1.439477180836335890e+01 nan -1.501111747079576730e+00 nan
3.701601100771105848e+04 1.407769779735994042e+01 nan -1.529245816976740002e+00 nan
3.775799409656995704e+04 1.365142325762150577e+01 nan -1.518694593675996352e+00 nan
3.851485017928103480e+04 1.365159363180879915e+01 nan -1.526178730266352090e+00 nan
3.928687738386028650e+04 1.346726716926951894e+01 nan -1.530158652897193328e+00 nan
4.007437981427681370e+04 1.318179213661105287e+01 nan -1.520122364580289265e+00 nan
4.087766767024021829e+04 1.283878869297283920e+01 nan -1.535027940589639428e+00 nan
4.169705736938935297e+04 1.267690409038504562e+01 nan -1.529152726339084722e+00 nan
4.253287167193044297e+04 1.264719735309985005e+01 nan -1.556663304677590176e+00 nan
4.338543980777316756e+04 1.225672876297544889e+01 nan -1.553322597728751475e+00 nan
4.425509760621524038e+04 1.156475126007835819e+01 nan -1.529531105733562768e+00 nan
4.514218762822674762e+04 1.175014763301973097e+01 nan -1.550617566969103578e+00 nan
4.604705930138620170e+04 1.176037734265105961e+01 nan -1.541879436809801440e+00 nan
4.697006905752103194e+04 1.137422438464022179e+01 nan -1.543865353165892351e+00 nan
4.791158047310698748e+04 1.135210641225116035e+01 nan -1.541545405924983569e+00 nan
4.887196441248226620e+04 1.077604135262857810e+01 nan -1.548198695187671170e+00 nan
4.985159917393233627e+04 1.036237296853917123e+01 nan -1.556022955847232048e+00 nan
5.085087063870266866e+04 1.042615869658407846e+01 nan -1.546065776036057215e+00 nan
5.187017242299836653e+04 1.017399417635336079e+01 nan -1.552395502689282836e+00 nan
5.290990603303102398e+04 1.005652364783179209e+01 nan -1.570111410382556194e+00 nan
5.397048102317354642e+04 9.985385532259600794e+00 nan -1.549161115722120563e+00 nan
5.505231515728467639e+04 9.903933295891109267e+00 nan -1.588739222470333168e+00 nan
5.615583457326730422e+04 9.399757999674950071e+00 nan -1.566651648542984887e+00 nan
5.728147395092574880e+04 9.316229826134669878e+00 nan -1.549623855109802051e+00 nan
5.842967668318787037e+04 9.043441360019803810e+00 nan -1.540665433837433262e+00 nan
5.960089505075825582e+04 9.138200091694233862e+00 nan -1.570699088192499815e+00 nan
6.079559040027335868e+04 9.016528485154550410e+00 nan -1.560861063874134480e+00 nan
6.201423332602767186e+04 8.625690737422015530e+00 nan -1.621695577905684083e+00 nan
6.325730385534206289e+04 8.418988610097088099e+00 nan -1.607507930617157577e+00 nan
6.452529163764780969e+04 8.560789455354068878e+00 nan -1.615997562000366372e+00 nan
6.581869613736133033e+04 8.363273052335561175e+00 nan -1.569387036686903159e+00 nan
6.713802683062502183e+04 7.835599014157001108e+00 nan -1.567873510408096749e+00 nan
6.848380340599131887e+04 7.990365302062560460e+00 nan -1.644681762275142844e+00 nan
6.985655596912941837e+04 7.711890571373698933e+00 nan -1.576409390026742408e+00 nan
7.125682525163574610e+04 7.734379269889242181e+00 nan -1.593144319651454310e+00 nan
7.268516282403025252e+04 7.256290168450595601e+00 nan -1.624740196492846067e+00 nan
7.414213131302145484e+04 7.454764287228614172e+00 nan -1.638666448149622035e+00 nan
7.562830462312657619e+04 7.388858785406577923e+00 nan -1.607831964886794474e+00 nan
7.714426816273471923e+04 7.425074231325702101e+00 nan -1.653343876826158798e+00 nan
7.869061907470131700e+04 6.789503593420526784e+00 nan -1.651678484699407257e+00 nan
8.026796647156434483e+04 6.849318709536773575e+00 nan -1.667958985231187796e+00 nan
8.187693167547535268e+04 6.624682444879408827e+00 nan -1.622225506266660844e+00 nan
8.351814846294056042e+04 6.800866224310716746e+00 nan -1.586714775244298714e+00 nan
8.519226331446773838e+04 6.079614765009806021e+00 nan -1.677316471898147476e+00 nan
8.689993566921666206e+04 6.193078666471876659e+00 nan -1.682104470862170409e+00 nan
8.864183818475386943e+04 5.979833205844344413e+00 nan -1.618332221774293700e+00 nan
9.041865700201505388e+04 5.965201024018525366e+00 nan -1.674484983474141764e+00 nan
9.223109201557839697e+04 5.880683043112964192e+00 nan -1.656769241584703956e+00 nan
9.407985714935504075e+04 5.637673950850232707e+00 nan -1.641019124192431455e+00 nan
9.596568063780550438e+04 5.323280368469011314e+00 nan -1.657450150921472520e+00 nan
9.788930531279399293e+04 5.880878641759073489e+00 nan -1.695170099322891311e+00 nan
9.985148889619257534e+04 5.718873843243806654e+00 nan -1.734703861790711343e+00 nan
1.018530042983498570e+05 5.397810517861004520e+00 nan -1.657560164582726259e+00 nan
1.038946399225424684e+05 5.334034231584187324e+00 nan -1.745593361139161637e+00 nan
1.059771999755299330e+05 4.889214750800380038e+00 nan -1.719100984232397877e+00 nan
1.081015047843349894e+05 5.227295914351619111e+00 nan -1.677450085043599159e+00 nan
1.102683911193714302e+05 5.046799458075975409e+00 nan -1.645023583698814740e+00 nan
1.124787125240524765e+05 5.136360806243959409e+00 nan -1.685608467711375624e+00 nan
1.147333396510023449e+05 4.954081733655011810e+00 nan -1.672661463108330082e+00 nan
1.170331606050109840e+05 4.600152835716207811e+00 nan -1.713164151247974942e+00 nan
1.193790812928594823e+05 4.466252617433130290e+00 nan -1.651551124899588885e+00 nan
1.217720257801615226e+05 4.357212993140567647e+00 nan -1.648792355730042125e+00 nan
1.242129366553538421e+05 4.228582564263162702e+00 nan -1.721482443027577247e+00 nan
1.267027754009867931e+05 4.859840862729988054e+00 nan -1.757934151302107395e+00 nan
1.292425227724533179e+05 4.357710213021587009e+00 nan -1.800504669140467584e+00 nan
1.318331791843137180e+05 4.133557863065910887e+00 nan -1.749551043121937433e+00 nan
1.344757651043600345e+05 3.830547809761438494e+00 nan -1.726175794328445257e+00 nan
1.371713214555835875e+05 4.099613052087212495e+00 nan -1.683437604476239358e+00 nan
1.399209100261958665e+05 4.077914036852765101e+00 nan -1.813455319378239672e+00 nan
1.427256138878723432e+05 3.821937594361917157e+00 nan -1.698089792486505267e+00 nan
1.455865378223755688e+05 3.782390344543278271e+00 nan -1.904581687538633439e+00 nan
1.485048087567346520e+05 3.453586827865684494e+00 nan -1.843674090033131208e+00 nan
1.514815762071429926e+05 3.716874487664296733e+00 nan -1.774972291064635499e+00 nan
1.545180127317587030e+05 4.095363093210209193e+00 nan -1.808054053799254213e+00 nan
1.576153143925766344e+05 3.688009261446452136e+00 nan -1.745830521341657615e+00 nan
1.607747012265633675e+05 3.408291052743609661e+00 nan -1.700216830792152578e+00 nan
1.639974177262313024e+05 3.142894208739088757e+00 nan -1.803345816321907158e+00 nan
1.672847333298506273e+05 2.944381521096326448e+00 nan -1.613807394709176002e+00 nan
1.706379429214824922e+05 3.189704459377265433e+00 nan -1.813259453565862600e+00 nan
1.740583673410406918e+05 3.270055465329523070e+00 nan -1.963375192303366212e+00 nan
1.775473539045719663e+05 3.007396099296705039e+00 nan -1.965555954158109131e+00 nan
1.811062769349707814e+05 3.253740452587513765e+00 nan -1.867077466074352543e+00 nan
1.847365383033267281e+05 2.705596626527652315e+00 nan -1.634366134275088811e+00 nan
1.884395679811288137e+05 3.243000634624402689e+00 nan -1.895384540372137216e+00 nan
1.922168246035329648e+05 2.711468245344852868e+00 nan -1.943495725114557260e+00 nan
1.960697960439258313e+05 2.723542456368823306e+00 nan -1.957642421637025620e+00 nan
2.000000000000000291e+05 2.684247594880179388e+00 nan -1.776339838348977906e+00 nan
