# #Freq[Hz], #Gain_mean[a.u.], #Gain_std[a.u.], #Phase_mean[rad], #Phase_std[rad]
1.000000000000000000e+01,1.013051041005311674e+02,5.210574126206343054e-02,1.683302430379285505e-04,4.615327175831002659e-04
1.028073223830865324e+01,1.012841460923700225e+02,4.524790636882371903e-02,5.960006192053946130e-05,3.554901385627309233e-04
1.056934553557988288e+01,1.012958523054479087e+02,5.615458134050832495e-02,-1.538108474461896582e-04,2.967913158914092472e-04
1.086606113854597488e+01,1.013164031295808627e+02,4.324350153868553731e-02,-1.555127709080839082e-04,4.804823746153846775e-04
1.117110650504824143e+01,1.012842271469679929e+02,2.537900163698115011e-02,-1.729803238087246396e-04,3.002672700261271128e-04
1.148471547840289553e+01,1.012841981746386892e+02,2.956722172787652758e-02,1.354481372487725767e-04,6.049606204823950459e-04
1.180712846666190252e+01,1.013066496933284668e+02,5.002730389241097364e-02,2.482198625859410935e-05,3.024547401924513462e-04
1.213859262690628249e+01,1.012777457858558279e+02,8.037606610823373743e-02,-1.437964653761447556e-04,4.163301290708079899e-04
1.247936205471311411e+01,1.013221343703143731e+02,8.841901052972039876e-02,-9.164555665970297311e-05,2.643878554608542148e-04
1.282969797894147490e+01,1.012738895980984353e+02,4.551097276960684029e-02,-1.640443181054607180e-04,3.590474885387952807e-04
1.318986896198669889e+01,1.012813595468880123e+02,4.609576142008758176e-02,-1.286093730114679199e-04,4.530539214605906924e-04
1.356015110565633286e+01,1.013252666884080639e+02,3.165462193457314888e-02,1.779024732829537268e-04,4.823505901735856624e-04
1.394082826282577869e+01,1.012799033302770511e+02,4.374159129606285112e-02,1.974753910406690184e-04,4.266749179018851303e-04
1.433219225503573924e+01,1.012873970564511552e+02,4.164073060357355305e-02,-1.908895156512713378e-05,3.736176873115166987e-04
1.473454309619835101e+01,1.012974790969541061e+02,4.161996193716486353e-02,1.074029929855058185e-04,4.097435532603848902e-04
1.514818922258345779e+01,1.012919370520497750e+02,4.169631889480240883e-02,-1.877175299469513448e-04,3.301923069051367608e-04
1.557344772926134269e+01,1.013077440489376784e+02,5.760151196550939573e-02,-5.738506764267903564e-05,3.798449340608240797e-04
1.601064461318317811e+01,1.012744243569531335e+02,5.688596614719413497e-02,-1.872822144311392270e-04,3.490585328850043158e-04
1.646011502308550689e+01,1.013266070979991440e+02,4.812535234649368415e-02,1.399091771044691567e-04,5.734863686670311524e-04
1.692220351641037368e+01,1.013232936775856672e+02,2.682694526193591528e-02,7.646844986735068788e-05,4.075567028920263745e-04
1.739726432343801577e+01,1.012973049872071982e+02,5.643898422780277424e-02,9.922350850630757267e-05,2.558262157735729050e-04
1.788566161883461803e+01,1.012936497540050880e+02,9.604841304078799713e-02,9.259556231593357993e-05,5.500352864613733276e-04
1.838776980082327839e+01,1.013170387736720670e+02,9.596598779449200256e-02,-2.347810598899435639e-05,5.873048498866406371e-04
1.890397377819221347e+01,1.013160368193906464e+02,4.074143654858711217e-02,4.525425063848231708e-05,4.168705038759661910e-04
1.943466926536021333e+01,1.012964914990186713e+02,2.585034105398342080e-02,-1.333400696709841180e-04,3.654074077513603386e-04
1.998026308572550747e+01,1.012706226574378405e+02,4.179113705548521268e-02,1.181793592581303871e-04,5.596602337910698555e-04
2.054117348353064187e+01,1.012796450274496749e+02,3.514923570995370783e-02,2.435188531927590051e-04,5.420622924629759851e-04
2.111783044448244340e+01,1.012875444740618889e+02,6.683237708539244148e-02,-7.363550672603302329e-05,4.583320009125387505e-04
2.171067602537264918e+01,1.012862887863020802e+02,4.337204321758607317e-02,2.863470792255906616e-04,3.693316214546204894e-04
2.232016469295234629e+01,1.012936268854935662e+02,3.932876503196826995e-02,3.398283045998873455e-05,3.370071555009555983e-04
2.294676367231935998e+01,1.013161760550184738e+02,4.747509575250807856e-02,1.972534698343242408e-04,4.745735902077760963e-04
2.359095330508635158e+01,1.012810075301706831e+02,4.507272643513766941e-02,-1.001759123798961983e-04,4.107148888561426721e-04
2.425322741760352940e+01,1.012972424707992474e+02,5.462198663663959952e-02,8.320238682211212309e-05,2.893296570855993723e-04
2.493409369951879029e+01,1.012736261142311776e+02,4.422344804892315573e-02,2.447738633535756383e-04,5.738909602986233581e-04
2.563407409296515027e+01,1.012748804811550798e+02,4.207013291112556702e-02,2.241986833474651720e-04,2.826049070301466762e-04
2.635370519267394585e+01,1.013037107535763823e+02,5.334556652207864819e-02,1.132060644645882492e-04,5.529196284441599074e-04
2.709353865732051503e+01,1.013038678346038353e+02,3.340854717444673161e-02,8.667643907562805068e-05,4.724680577735584832e-04
2.785414163241767582e+01,1.012797637499944585e+02,2.270513012403081732e-02,-7.195572995222221380e-06,5.025200851511423287e-04
2.863609718508115876e+01,1.013085031653119756e+02,4.423827580911733615e-02,1.406263617163894307e-04,3.462290524154265810e-04
2.944000475100035175e+01,1.013051900083566750e+02,6.628365061675411951e-02,7.119194500413428815e-05,2.672863175539724723e-04
3.026648059395692059e+01,1.012783559667123257e+02,3.877033879427311397e-02,1.698164832419912784e-04,3.342553233842308967e-04
3.111615827824361347e+01,1.013113508216515868e+02,7.813879978915179436e-02,2.374084393945707916e-04,4.118136559905104699e-04
3.198968915434537763e+01,1.012783798612608308e+02,5.623067075201423903e-02,3.978515010476524338e-04,4.421270580033860608e-04
3.288774285825510191e+01,1.013069669593612758e+02,4.655495835250251374e-02,-6.473088084342215338e-05,2.800832577790424507e-04
3.381100782480685041e+01,1.012632467247354242e+02,6.158952851845728160e-02,7.900470995823028462e-05,5.492956090135652641e-04
3.476019181541977332e+01,1.012933372729011836e+02,2.173835899764843885e-02,1.743731730121211962e-04,4.856206345030423133e-04
3.573602246065788535e+01,1.012810554122282412e+02,4.576724720536853169e-02,2.338937199649393560e-04,3.349920103161595957e-04
3.673924781802074335e+01,1.012901860092836444e+02,4.216049596350576745e-02,1.931537251416592829e-04,4.975494426013553221e-04
3.777063694539368299e+01,1.013262773533811298e+02,3.948720766100412283e-02,2.150364156512374404e-05,3.078946436036291757e-04
3.883098049059604762e+01,1.012794410326212358e+02,4.357205328961462343e-02,-5.644153523371997223e-05,6.417580090673812628e-04
3.992109129748053675e+01,1.012724879132187681e+02,4.397527948284577631e-02,2.453528630231627044e-04,2.253748472733354765e-04
4.104180502904709016e+01,1.013053981595421220e+02,4.271378676462953689e-02,3.603992043264003797e-04,3.180812711431060206e-04
4.219398080805026297e+01,1.012930930479990934e+02,5.976346412413146431e-02,3.053878794648134834e-04,5.841565373268461665e-04
4.337850187558989035e+01,1.012925573161226964e+02,5.315933985227474373e-02,1.173723667205806064e-04,3.316654882822735314e-04
4.459627626819093393e+01,1.013133003621881016e+02,4.747591987991180845e-02,2.428459541483185655e-04,3.954941085328979788e-04
4.584823751389095747e+01,1.012822122804259948e+02,3.114996168243045621e-02,3.547166445228899572e-04,7.288815902522448840e-04
4.713534534786909802e+01,1.012703073398322999e+02,4.675835527068694653e-02,2.609851929914697383e-04,5.124459295643172749e-04
4.845858644816495797e+01,1.013086476335463857e+02,3.435875729374555237e-02,1.639589265653551673e-04,3.802098402288003865e-04
4.981897519205162439e+01,1.012658143968256184e+02,5.436059937111262230e-02,-8.492078848338912862e-05,4.428599345834486993e-04
5.121755443364241245e+01,1.013028381581676172e+02,3.324889788713479566e-02,2.300140293153951740e-04,3.814529614953606580e-04
5.265539630332755650e+01,1.012613223678708323e+02,7.701345013994922994e-02,-1.521863744544660369e-05,4.645474781508870986e-04
5.413360302965381265e+01,1.012835992940110543e+02,4.900090607547825938e-02,3.330502883267083655e-04,3.153449281468724639e-04
5.565330778427645697e+01,1.012845553414439621e+02,4.408983242065273728e-02,3.977315694295047058e-04,2.682288216271383084e-04
5.721567555063251831e+01,1.012662020763061435e+02,6.839775394812384890e-02,-1.073523342689064437e-04,4.535262781855394854e-04
5.882190401699956084e+01,1.013182686250938644e+02,4.059497006810799946e-02,4.476428119730258112e-04,6.674843346676481758e-04
6.047322449462649274e+01,1.012887511435899484e+02,4.402170023827230855e-02,2.694477537972694739e-04,5.975678334763450360e-04
6.217090286163826818e+01,1.012819390213815893e+02,4.132890974623386338e-02,9.008020118739246129e-05,5.113984422933427233e-04
6.391624053344005318e+01,1.012784881257251044e+02,4.749198111118086568e-02,3.787612240448989809e-04,5.438838679551429760e-04
6.571057546036270480e+01,1.012985198956534134e+02,3.324113968230608951e-02,5.523243871776272861e-04,4.192714190793498134e-04
6.755528315331642375e+01,1.012757934907955786e+02,4.708360327083000590e-02,2.873925822509004638e-04,4.002385174295275275e-04
6.945177773823695588e+01,1.012986762869474973e+02,4.006675778240054164e-02,3.580913749930303316e-04,3.351933561290462433e-04
7.140151304013399169e+01,1.012980356929350449e+02,5.110450208129082433e-02,1.849231348959534617e-04,3.998408267042467194e-04
7.340598369757212538e+01,1.012802063116708808e+02,4.061444239884185597e-02,2.819720437992945033e-04,4.309338139179856239e-04
7.546672630843890772e+01,1.013080522087027191e+02,4.498140776391507112e-02,1.705016073515253138e-04,4.299745346163058287e-04
7.758532060787835860e+01,1.012877638856448783e+02,3.509283731222731517e-02,2.459220011563179151e-04,4.474230605512768445e-04
7.976339067929276894e+01,1.013002621011728195e+02,3.035740219501250128e-02,2.159225084850113774e-04,3.861364989483463206e-04
8.200260619934130091e+01,1.012808587930856419e+02,2.945964042580357517e-02,2.311163650734471275e-04,4.700237939593250114e-04
8.430468371788971638e+01,1.012900051815354630e+02,4.292111769943978555e-02,4.576100735276256160e-04,1.888785699001543472e-04
8.667138797389233673e+01,1.012803586386562813e+02,3.024209134330102522e-02,2.909933521543450969e-04,4.565314914899190591e-04
8.910453324821513377e+01,1.012659099922588126e+02,5.771172437284295686e-02,3.866381006951691019e-05,2.201397891033992694e-04
9.160598475443708821e+01,1.012679503377205208e+02,4.202177699209117684e-02,2.358826857853379977e-04,3.818389796949734336e-04
9.417766006869518947e+01,1.012781108102180241e+02,5.522747391456615113e-02,3.988259471402244355e-04,3.693311446947710624e-04
9.682153059967086506e+01,1.012874624306595734e+02,5.809213821966445479e-02,4.020872117598717102e-04,5.936128476199113062e-04
9.953962309984233059e+01,1.012950153301439116e+02,5.340100658489349561e-02,3.377514929800540353e-04,5.724587225841691216e-04
1.023340212191642280e+02,1.012740555168238785e+02,3.728992414477708822e-02,4.839716021183271266e-04,3.937005937252783887e-04
1.052068671023622812e+02,1.012792331412956344e+02,3.234134631197940063e-02,3.839540614097636034e-04,3.054099837361199375e-04
1.081603630310709434e+02,1.012990634300225992e+02,4.286400031565777702e-02,2.499583912985769768e-04,5.292905265096895483e-04
1.111967731120698915e+02,1.013217875310902372e+02,4.371265247210637250e-02,5.041280285623006997e-04,5.495778428480732223e-04
1.143184250129150286e+02,1.012863485382686406e+02,5.564294421820079745e-02,6.087853874267246329e-04,3.788434859548288043e-04
1.175277117462945142e+02,1.013238882524691462e+02,5.245831963763979144e-02,8.731434778296964360e-04,2.810094827071980307e-04
1.208270935044775882e+02,1.012961895457107602e+02,5.154158576541083975e-02,6.712950592145716438e-04,3.984678082300831801e-04
1.242190995452617415e+02,1.012970312849044205e+02,4.263174464298963295e-02,4.416658225163239246e-04,3.861692809450518451e-04
1.277063301308644725e+02,1.013006191555549691e+02,4.644488803681273009e-02,6.231844950706832758e-04,5.086533784050849055e-04
1.312914585212465397e+02,1.012813548559882122e+02,6.642171898282728248e-02,6.337629653711207784e-04,3.326428788603174387e-04
1.349772330233941773e+02,1.013106243495710288e+02,5.570103840882809076e-02,5.481423027532183806e-04,3.592907395854875357e-04
1.387664790981308442e+02,1.013256791890743074e+02,3.944051345010141096e-02,4.389621540941579417e-04,3.136785675532372236e-04
1.426621015260738261e+02,1.013190262018653982e+02,3.491783968379442993e-02,6.479890531537080712e-04,5.087924207261666776e-04
1.466670866343968669e+02,1.012856756050308746e+02,4.897722095243916413e-02,5.844099763544274634e-04,4.905663823074229209e-04
1.507845045861051005e+02,1.012788483629275191e+02,5.691808578719712020e-02,6.905634076348032401e-04,4.478020251957030200e-04
1.550175117335770381e+02,1.013062197206276664e+02,3.849164919177561900e-02,7.474208616937260807e-04,6.058705990792290393e-04
1.593693530381776213e+02,1.012912481470713004e+02,4.600031691779898207e-02,4.445355351066382246e-04,4.004139407133511458e-04
1.638433645577984805e+02,1.013056706328501662e+02,6.936219700629238372e-02,7.569002422533000147e-04,3.755422380138930222e-04
1.684429760042315252e+02,1.013353378708576571e+02,3.412093631450340697e-02,7.548947539727013161e-04,3.949358296038547552e-04
1.731717133723352902e+02,1.012744884107755468e+02,3.558503153656059070e-02,7.176988975638121321e-04,3.545906538358108021e-04
1.780332016430113811e+02,1.012931474177105144e+02,5.038886849238043142e-02,7.586348673750631594e-04,5.125406206731792161e-04
1.830311675620613130e+02,1.013010815827742874e+02,6.432814898764942224e-02,8.799850106456563520e-04,4.996331425706422276e-04
1.881694424970555701e+02,1.012680519201111053e+02,3.578118699755305360e-02,6.775888891481062892e-04,3.841712490414316743e-04
1.934519653744044376e+02,1.013052660760234005e+02,5.031643568942471834e-02,1.018487305581050693e-03,5.597237618909066273e-04
1.988827856988809799e+02,1.012810376069275122e+02,4.478635856384923647e-02,6.304039878385125700e-04,3.049206067268050015e-04
2.044660666579117674e+02,1.012997259960670249e+02,4.227917500793484940e-02,1.091205261138172757e-03,3.869588207629428710e-04
2.102060883130158402e+02,1.012823587246543013e+02,3.446519566898170739e-02,6.391581916227906824e-04,4.692133560107103951e-04
2.161072508808376540e+02,1.013081637010016323e+02,4.505628179081472284e-02,1.035901944796613437e-03,4.493359889925282601e-04
2.221740781062884764e+02,1.012915478216898180e+02,4.671097800611109796e-02,9.309309292352185633e-04,4.181863489662268163e-04
2.284112207303825528e+02,1.012684750714963400e+02,4.284815824799127065e-02,1.040405475033567926e-03,3.494278257790898838e-04
2.348234600554276312e+02,1.013120254916878764e+02,4.129810499425893427e-02,9.340479197305296072e-04,2.616136542312351627e-04
2.414157116103017700e+02,1.012909975154676516e+02,3.695745233728038592e-02,1.108275176918915861e-03,3.941177850989374481e-04
2.481930289186255152e+02,1.012769696014510146e+02,5.832034545993402402e-02,1.113108580693644668e-03,2.968525010352467217e-04
2.551606073727186299e+02,1.012761393219990680e+02,2.955369030492503366e-02,1.063798118987025008e-03,4.419635276091585891e-04
2.623237882163123800e+02,1.012877648658898551e+02,5.132329488822771207e-02,1.124279998334509843e-03,2.960910718038761670e-04
2.696880626390692441e+02,1.013031655435712821e+02,4.518807686694056858e-02,1.144396441338812933e-03,3.843869808902719630e-04
2.772590759860481171e+02,1.013194930567430276e+02,5.122610139031427701e-02,1.319697682180764886e-03,4.857384858987933048e-04
2.850426320853434845e+02,1.013303118428947727e+02,5.576644228429063904e-02,9.784299804850072647e-04,2.881791357362858247e-04
2.930446976972144171e+02,1.013139356792425758e+02,5.282670545355777625e-02,1.338314691161190950e-03,2.322984045655250465e-04
3.012714070881164048e+02,1.013019132307922376e+02,6.240895012703674694e-02,1.062750090536645998e-03,4.752883161658130740e-04
3.097290667331406553e+02,1.013052091899319578e+02,6.301538266175893410e-02,9.844366981319740972e-04,4.101201753234034564e-04
3.184241601504652976e+02,1.013072318157623641e+02,6.719237233741905124e-02,1.232229849231147910e-03,3.213761366470419423e-04
3.273633528715247394e+02,1.013136899026230822e+02,4.076777728756634384e-02,1.273402445108473601e-03,4.192384974502987266e-04
3.365534975507094373e+02,1.014721167013703536e+02,4.617352322209160587e-01,2.623762706956966895e-04,2.915588497931547764e-03
3.460016392185108884e+02,1.013064206963193499e+02,5.358088814203642442e-02,1.327892007196407320e-03,4.587550223148388140e-04
3.557150206821385723e+02,1.013161303123998778e+02,4.627374305485315586e-02,1.530468501547854786e-03,4.240502562839331292e-04
3.657010880777493185e+02,1.013268119617791569e+02,4.208909935455021345e-02,1.660149267969757148e-03,3.479118652098027930e-04
3.759674965785467293e+02,1.012991334481642269e+02,4.772204718528245959e-02,1.329541303079118065e-03,2.959080189976705157e-04
3.865221162631261791e+02,1.013089857083689225e+02,5.682866074932037270e-02,1.586431071090599245e-03,4.086159124043610251e-04
3.973730381485608518e+02,1.013565561903423884e+02,9.941981019915810402e-02,1.552348053458674172e-03,4.502083528709944246e-04
4.085285803928565542e+02,1.013157267332346692e+02,5.122793508705395654e-02,1.518423161589854643e-03,5.045457415498830374e-04
4.199972946715305966e+02,1.013378997229813905e+02,4.225579493135810105e-02,1.433247503772827613e-03,5.582353362869140303e-04
4.317879727332021389e+02,1.013201608268933853e+02,3.774990768686331544e-02,1.859031415426182308e-03,6.410781407761444346e-04
4.439096531392170846e+02,1.013352754040043919e+02,2.525901963261775393e-02,1.917088640654451750e-03,5.426158840204134935e-04
4.563716281924758391e+02,1.013321968343032040e+02,5.656588471380594174e-02,2.186768695239260651e-03,5.370047984305343584e-04
4.691834510607798734e+02,1.013133046922966258e+02,5.389733848515969317e-02,1.818621566362344042e-03,6.014170233280176098e-04
4.823549431001467269e+02,1.013100177232923045e+02,5.197108414453478070e-02,1.964306574234653182e-03,3.075433735354435902e-04
4.958962013837211771e+02,1.013425208005015605e+02,4.255038498647054773e-02,1.604193421484367875e-03,3.767044304748414863e-04
5.098176064420424609e+02,1.013596609035598846e+02,6.093854787276482832e-02,2.006937188004221002e-03,5.509590663237940670e-04
5.241298302206062090e+02,1.013170596445007732e+02,4.633654379732746187e-02,2.062432947473435974e-03,3.095251643517841914e-04
5.388438442608223795e+02,1.012990350966094297e+02,4.537859653810239619e-02,2.138607295971306325e-03,4.085005486165713432e-04
5.539709281106399885e+02,1.013074206588707540e+02,5.089332091415139231e-02,2.288574972955936988e-03,4.543533149585502395e-04
5.695226779712825191e+02,1.013457542680464201e+02,5.341467429196099237e-02,2.204531670323905783e-03,4.414567533252964672e-04
5.855110155867243975e+02,1.013424950936181403e+02,3.816267627818747260e-02,2.316669759444423080e-03,4.958291292344014318e-04
6.019481973827274714e+02,1.013605575563390460e+02,2.768416115167292649e-02,2.594157461613821967e-03,5.102548459420224022e-04
6.188468238624383275e+02,1.013642520306966901e+02,4.430953887835872851e-02,2.600235533910888377e-03,5.012768797502769030e-04
6.362198492657488487e+02,1.013227163028475246e+02,3.965185608762912539e-02,2.354336905936804582e-03,5.074436721273342579e-04
6.540805914998259141e+02,1.013608229780369641e+02,4.228946756855009315e-02,2.849802203404605463e-03,3.551193947479038926e-04
6.724427423484249857e+02,1.013471563298477918e+02,3.915028764350283325e-02,2.470424363556400407e-03,2.459507094346768995e-04
6.913203779678127603e+02,1.013699465610649924e+02,4.301039876787615679e-02,2.608095251890185737e-03,6.130161351695502222e-04
7.107279696773418891e+02,1.013433579626444470e+02,3.320361993545470347e-02,2.973966180005449544e-03,5.675555233411888221e-04
7.306803950529507574e+02,1.013795734716331935e+02,5.567922535427416442e-02,2.856367433559858868e-03,5.784637893585296928e-04
7.511929493320968731e+02,1.013845852408245776e+02,4.293050683802545481e-02,3.088379172657606999e-03,5.174112859337164387e-04
7.722813571388642231e+02,1.013623359024506669e+02,4.956243567198088951e-02,2.827981777060406716e-03,4.447381676459134510e-04
7.939617845382275618e+02,1.013726621871023781e+02,5.507619011450892027e-02,3.323747337821680945e-03,4.687072913720282405e-04
8.162508514287228536e+02,1.013927315045032458e+02,5.341528587377714771e-02,3.155485142666281106e-03,3.546925118669791259e-04
8.391656442830161495e+02,1.014001501929389093e+02,5.240709987927485991e-02,3.456673239057472986e-03,5.151539495496267182e-04
8.627237292461450124e+02,1.013760934150742088e+02,4.715883732932558969e-02,3.398579477986718445e-03,4.300085786773633046e-04
8.869431656014704686e+02,1.014353135684535232e+02,5.306040385598279063e-02,3.353997572400136025e-03,3.570091338831527569e-04
9.118425196146571352e+02,1.014196911320581762e+02,7.404626266553350489e-02,3.558205992118157641e-03,5.304824431102074696e-04
9.374408787662999885e+02,1.014384675347914282e+02,5.544165527968964585e-02,3.751930426324134957e-03,6.298141597544017894e-04
9.637578663841088655e+02,1.014081735936221804e+02,5.181450109111934016e-02,3.487221932559991886e-03,6.511283852342360625e-04
9.908136566858665901e+02,1.014686044967654368e+02,4.379731229654168501e-02,3.807008068890294257e-03,5.351044009727455716e-04
1.018628990244687543e+03,1.014488043921261919e+02,3.423702344475604287e-02,3.924742383865043212e-03,3.994630605149673526e-04
1.047225189888434443e+03,1.014132931974566816e+02,4.650434429422482807e-02,3.970541315324371823e-03,4.483191202082866585e-04
1.076624177045493298e+03,1.014715940364873319e+02,2.477632251427396015e-02,4.129009305228414917e-03,3.930062689648747298e-04
1.106848488549411968e+03,1.014761668806990542e+02,5.111732080495814956e-02,4.302632287580853906e-03,4.318633381642027441e-04
1.137921293915315118e+03,1.014777430872556323e+02,5.424766714600039869e-02,4.285894190347905135e-03,6.291804714125911633e-04
1.169866413101306989e+03,1.015069320951581346e+02,5.223955108246188667e-02,4.104172048863841474e-03,3.767102780962425842e-04
1.202708334768512032e+03,1.014893711171207542e+02,2.934780810897939449e-02,4.313617068790920502e-03,5.095941314137710735e-04
1.236472235053714940e+03,1.015006980201512476e+02,3.302106397382303937e-02,4.163944931577257327e-03,2.830974660575461292e-04
1.271183996869028761e+03,1.015329114722150479e+02,4.852971298442790987e-02,4.334642827406342755e-03,3.292364495574251980e-04
1.306870229743346272e+03,1.015564478949713276e+02,3.335397684898055298e-02,4.777455202789005102e-03,2.729748189076669843e-04
1.343558290220826166e+03,1.015498663497446188e+02,2.507884946424666570e-02,4.966420276688854156e-03,6.363448940310254855e-04
1.381276302832009378e+03,1.015501203764531937e+02,5.773475012688375485e-02,4.839463188300951665e-03,4.243970320049534522e-04
1.420053181653683168e+03,1.015669555467161160e+02,4.809312391360474892e-02,5.328172223891725415e-03,5.498649557426787439e-04
1.459918652473978682e+03,1.016030406738288576e+02,4.605622586081933173e-02,5.150948731395344274e-03,3.924658541271606451e-04
1.500903275579736601e+03,1.016038162382448462e+02,7.756677256680459542e-02,5.653810875663145726e-03,5.837121721817285216e-04
1.543038469183564530e+03,1.016458003590005035e+02,3.647340790619504197e-02,5.159865959823895301e-03,4.285705663440372848e-04
1.586356533508589564e+03,1.016440500157078191e+02,6.465183548137566627e-02,5.246147531229627611e-03,4.299763182615455267e-04
1.630890675549332627e+03,1.016582297989624806e+02,4.632146158700014421e-02,5.539977773955584266e-03,4.096093026273128724e-04
1.676675034527699154e+03,1.016821112077814746e+02,6.994863151340921514e-02,5.629132089443223026e-03,7.072861093717517852e-04
1.723744708063619782e+03,1.016968494014437567e+02,3.176463753601769385e-02,5.449672408433947277e-03,4.682325879791537676e-04
1.772135779080358361e+03,1.017096877418056522e+02,6.897599982074875680e-02,5.771322643866083450e-03,4.457329664542481265e-04
1.821885343465167125e+03,1.016945187911700827e+02,5.148620499841331105e-02,5.853962157157254972e-03,2.848545425125890182e-04
1.873031538506436618e+03,1.017578428424489658e+02,6.100263301867147464e-02,5.861653725715320826e-03,5.403477277020805013e-04
1.925613572129198701e+03,1.017616463344973425e+02,6.943946842606105174e-02,6.414668501948517579e-03,4.549128050473261902e-04
1.979671752951332564e+03,1.018230873582956093e+02,4.711309507524484574e-02,6.272551900399481010e-03,6.842753849118293286e-04
2.035247521183577874e+03,1.018089339478716937e+02,5.413283423215224655e-02,6.219609086876997858e-03,7.400780485259674489e-04
2.092383480396977120e+03,1.018839234993425293e+02,3.367677422718953067e-02,6.181138820845521846e-03,4.389365096052106913e-04
2.151123430182167340e+03,1.018714396792636023e+02,5.619984817467519461e-02,6.104374773407661783e-03,5.609269939460796326e-04
2.211512399725488649e+03,1.018984390981986934e+02,6.263962992077273806e-02,6.469647052315829865e-03,4.221240793302503892e-04
2.273596682327717645e+03,1.019373329413846108e+02,6.660822418458754723e-02,6.054809011405870578e-03,5.777952819891369902e-04
2.337423870891815113e+03,1.019746325202662973e+02,6.014574690792186956e-02,6.097623006062713631e-03,4.314855970803188959e-04
2.403042894406969481e+03,1.019998195231225964e+02,5.896670338517098764e-02,6.408625992099769783e-03,6.329638662792183394e-04
2.470504055456825427e+03,1.020207413087399146e+02,4.729105112075739081e-02,6.410751509552170546e-03,7.097478230305050151e-04
2.539859068780726375e+03,1.020553876003256306e+02,8.471212721237120213e-02,6.414981015826448814e-03,7.946824565512943883e-04
2.611161100917459407e+03,1.020917648812442451e+02,4.784595928387034430e-02,6.264622313212786509e-03,4.892599368930279202e-04
2.684464810961962485e+03,1.021475689246696845e+02,6.530212767135595842e-02,6.303976919784881269e-03,4.416869075890872713e-04
2.759826392466180550e+03,1.021439738231518106e+02,7.645439140187619553e-02,6.231806580400700915e-03,5.416012229202557754e-04
2.837303616516211605e+03,1.022001468413509713e+02,6.788406605084186529e-02,6.281822941865878099e-03,4.401714553522715115e-04
2.916955876018796062e+03,1.022605208523690408e+02,5.198695019519487814e-02,5.913406887881889062e-03,4.912856130333579600e-04
2.998844231231027607e+03,1.022792867268182277e+02,7.022338950166379101e-02,5.887813387612794713e-03,5.435879055657575785e-04
3.083031456568277008e+03,1.023128449986743504e+02,7.028815568263684088e-02,6.587001362662636347e-03,6.368858344921517157e-04
3.169582088726115217e+03,1.023687469135783488e+02,6.582288220896756470e-02,5.825910707812465006e-03,5.851830389310474839e-04
3.258562476153226271e+03,1.024693079941174148e+02,5.823060914430332885e-02,5.965323270122046932e-03,6.259398387893463011e-04
3.350040829913132711e+03,1.024217162554612912e+02,5.722187866280531443e-02,5.504353312364073866e-03,5.911853064356236602e-04
3.444087275973823580e+03,1.025173863041625992e+02,5.387273281034724026e-02,5.325082419998006071e-03,6.189160625799034528e-04
3.540773908965269584e+03,1.025178707052669296e+02,7.321552515068575906e-02,5.523652504174680726e-03,5.791968679876220195e-04
3.640174847446141484e+03,1.026279925825184591e+02,6.869498376334010059e-02,5.296328147603945879e-03,6.387443094082792799e-04
3.742366290721980931e+03,1.026497924581771883e+02,7.386132286614335851e-02,4.489234063179958593e-03,5.486233506167492117e-04
3.847426577258505858e+03,1.027000539553913114e+02,7.982257249160527868e-02,4.540477963622580396e-03,4.949840463611725671e-04
3.955436244734701631e+03,1.027551887706699745e+02,7.233279988229271429e-02,4.370916094953836324e-03,8.053481193664271173e-04
4.066478091781857984e+03,1.027993899446626784e+02,8.716276391341229446e-02,3.586151751946387196e-03,5.417425522778675402e-04
4.180637241455758158e+03,1.028163538750543751e+02,8.632635165750865425e-02,3.720336023194637052e-03,8.674748771061672331e-04
4.298001206490798722e+03,1.028964324225751881e+02,6.804089019701894947e-02,3.153952476087695973e-03,4.739021603201535866e-04
4.418659956385941769e+03,1.029143061201373683e+02,7.651505963872855254e-02,2.833742279792650191e-03,4.969588642119521444e-04
4.542705986374043277e+03,1.029920524449635622e+02,6.279321699387011013e-02,2.412075872011465276e-03,8.072448569837358586e-04
4.670234388327335182e+03,1.030318035937485064e+02,7.300618218020486772e-02,2.131386537580270968e-03,6.398647750509335597e-04
4.801342923653450271e+03,1.030060353128135802e+02,6.078289151620049763e-02,1.330208838994906360e-03,6.047728229210632724e-04
4.936132098237916580e+03,1.031008761388390269e+02,5.595383750096314529e-02,1.112191983536448036e-03,6.654010313894813270e-04
5.074705239490465829e+03,1.031564870479158174e+02,6.814561971023780362e-02,5.402813575065224189e-04,5.403006732403107908e-04
5.217168575554349445e+03,1.032081991730008212e+02,5.159686516867519751e-02,1.653408836144620755e-04,6.292053382369040652e-04
5.363631316739239992e+03,1.032313528007673114e+02,6.928020571640206016e-02,-6.702008037977158061e-04,5.423871312695357919e-04
5.514205739240302137e+03,1.032583008250063870e+02,1.272733540834420640e-01,-1.243609864153238887e-03,4.418012359616415772e-04
5.669007271207434314e+03,1.032963654559539464e+02,9.898989028254225053e-02,-2.182887909288533466e-03,6.035294186123677527e-04
5.828154581230845906e+03,1.033226934550750684e+02,8.821623485920059016e-02,-2.429935737935551461e-03,4.929946248814620754e-04
5.991769669310619065e+03,1.034218023384409264e+02,5.888144397043297562e-02,-3.345229733721222145e-03,1.072606898572802791e-03
6.159977960380168952e+03,1.033826963290625542e+02,8.305267298626929640e-02,-3.840208975585612632e-03,9.479847577400653778e-04
6.332908400455115043e+03,1.034301251750795245e+02,7.604678112011303837e-02,-4.847584312763064847e-03,7.699772928073957655e-04
6.510693555481460862e+03,1.034166000650986490e+02,7.603675332173880086e-02,-5.679340733073345686e-03,8.509840682343414045e-04
6.693469712958661148e+03,1.034886932652657805e+02,6.642941731260024185e-02,-6.188584506812855150e-03,7.829005380275004837e-04
6.881376986415670217e+03,1.035562547018165134e+02,8.928880733898675315e-02,-7.294354703617588961e-03,8.470608984819717226e-04
7.074559422819878819e+03,1.035624324077761855e+02,1.080435442651716954e-01,-8.635296063508324238e-03,6.420603071768118345e-04
7.273165113001454301e+03,1.035987790350986444e+02,7.534897182115002368e-02,-9.341586922168554005e-03,1.098003153268333962e-03
7.477346305177587965e+03,1.035558173285870396e+02,5.548569675887612268e-02,-9.964387701218413093e-03,8.963654240687485286e-04
7.687259521663728265e+03,1.035941355432929214e+02,9.480994155077575314e-02,-1.097040785427285704e-02,6.157727906661004079e-04
7.903065678861347806e+03,1.035685675862133905e+02,9.686563816081041056e-02,-1.201238301121998475e-02,8.942010153496342826e-04
8.124930210614047610e+03,1.036115007811729640e+02,8.789836262761158148e-02,-1.239733831787734851e-02,5.569522092629846429e-04
8.353023195026778922e+03,1.035932992913596280e+02,5.642879815610551270e-02,-1.349079018263648136e-02,7.335884301287316474e-04
8.587519484845170155e+03,1.035796497561252210e+02,1.139383007356933875e-01,-1.465271309680655706e-02,4.046046701841836250e-04
8.828598841495149827e+03,1.035945400981228204e+02,1.346495251151031136e-01,-1.560457206815133412e-02,7.082519367663358536e-04
9.076446072885357353e+03,1.036290350520615675e+02,1.201945060708834584e-01,-1.612170387799762711e-02,7.980090732416858512e-04
9.331251175078250526e+03,1.036381817180619720e+02,9.946449897977575894e-02,-1.765575944095063715e-02,1.005775460756823088e-03
9.593209477938240525e+03,1.036420465188173665e+02,5.019798446655464319e-02,-1.802714905647801943e-02,1.058714722126720712e-03
9.862521794868784127e+03,1.036672229839193733e+02,7.313739159333887407e-02,-1.953876180199869486e-02,5.425611486648851964e-04
1.013939457675291669e+04,1.036305029540049674e+02,7.610858007702030192e-02,-2.007892303989469024e-02,7.134768745927327601e-04
1.042404007021557845e+04,1.035633058018605936e+02,7.297210067814287326e-02,-2.111156391098076984e-02,6.539671885011317859e-04
1.071667648032864417e+04,1.035656682864742635e+02,8.570306862115462110e-02,-2.172807459224217544e-02,8.601723224974721716e-04
1.101752813788387357e+04,1.035833592867908663e+02,1.052015449777796430e-01,-2.287132791153561120e-02,6.312796998938545673e-04
1.132682567136153739e+04,1.035642208199824097e+02,7.622332226567703206e-02,-2.376780981774438001e-02,3.556874325831388905e-04
1.164480618372685421e+04,1.035250462396277982e+02,7.349029050226422999e-02,-2.473445145732493591e-02,9.004973270156952248e-04
1.197171343418965625e+04,1.035555945804739650e+02,9.481837474732364435e-02,-2.599986041803621292e-02,9.053473846844402578e-04
1.230779802506663327e+04,1.034895030468020849e+02,8.669718103857813885e-02,-2.708193547812287605e-02,9.021244749990640866e-04
1.265331759388942919e+04,1.035233604299631907e+02,8.188884536886099907e-02,-2.736100699240111636e-02,8.128049719633887674e-04
1.300853701090570576e+04,1.034753034516375862e+02,1.015880675386158644e-01,-2.930839273910144233e-02,4.898697752504775106e-04
1.337372858212497704e+04,1.034378299205992136e+02,5.541874321785529578e-02,-2.997742190357750511e-02,6.738928276192934557e-04
1.374917225806420538e+04,1.034359441253418197e+02,1.041011800112454921e-01,-3.090738023180850114e-02,1.069747086215058762e-03
1.413515584835395748e+04,1.033857468938916071e+02,1.170285567016732670e-01,-3.208647325273563528e-02,9.670611999130091776e-04
1.453197524236895333e+04,1.033909286211691381e+02,1.117580439771786172e-01,-3.293480830002781801e-02,1.015613748446798524e-03
1.493993463605256147e+04,1.034263084036555540e+02,5.546098836082519190e-02,-3.402266001173783611e-02,1.471275570662700224e-03
1.535934676510895406e+04,1.032906245549994253e+02,8.285256833676485355e-02,-3.532865631864016975e-02,7.519445763087995605e-04
1.579053314474175750e+04,1.033761323944912363e+02,1.053272515678334437e-01,-3.619198145324369065e-02,1.209034719503479256e-03
1.623382431612278197e+04,1.032030636423835830e+02,9.042188501338593865e-02,-3.730971318554421323e-02,8.983251569963760256e-04
1.668956009978026486e+04,1.032139075910954915e+02,7.370785784549759023e-02,-3.828241099676441689e-02,9.251689264081939482e-04
1.715808985610006494e+04,1.032814115343121131e+02,1.266652929570667996e-01,-3.908048092082339053e-02,1.063813690042323019e-03
1.763977275314045255e+04,1.032629277826830076e+02,1.194057556297770106e-01,-4.081794397880149361e-02,8.851422679170558401e-04
1.813497804196495417e+04,1.031820105200339412e+02,9.563659493320283977e-02,-4.217486124296403183e-02,1.216965279059841398e-03
1.864408533970485223e+04,1.031500698245430101e+02,1.241911521413176372e-01,-4.312472240435454018e-02,6.905684665337213967e-04
1.916748492056813120e+04,1.031405919235483708e+02,1.425041905252046326e-01,-4.429253493586444990e-02,6.841882721859073469e-04
1.970557801501800350e+04,1.031818890769014558e+02,1.287527164225875098e-01,-4.595177151329536691e-02,6.295991027625341598e-04
2.025877711735017147e+04,1.030816363733265035e+02,1.295556268214600737e-01,-4.689061392053872623e-02,1.481570858136882062e-03
2.082750630190514494e+04,1.030580205036602877e+02,1.262819986535979599e-01,-4.854493154589802767e-02,1.222707235782899892e-03
2.141220154815731439e+04,1.030516934807613296e+02,1.017646665751961582e-01,-4.948150834148878907e-02,1.635848002851461548e-03
2.201331107493032323e+04,1.029392400251948203e+02,1.396994665193781737e-01,-5.088816231981359295e-02,1.754328288848011142e-03
2.263129568399529671e+04,1.029438347085751246e+02,8.709629617700494209e-02,-5.150155950460431203e-02,1.221720016843063326e-03
2.326662911331457872e+04,1.029933970630113436e+02,1.051672405335117300e-01,-5.291980525226045590e-02,1.258907384746100512e-03
2.391979840020237316e+04,1.029162023752273853e+02,1.077553950867124188e-01,-5.442388322223941366e-02,1.191315703061684907e-03
2.459130425468041358e+04,1.029352947298008303e+02,1.796713901603262109e-01,-5.652863609855085514e-02,7.928403916593928027e-04
2.528166144331500618e+04,1.028609565142202626e+02,1.238732298789724240e-01,-5.870394427787610503e-02,1.791208361532135255e-03
2.599139918382932956e+04,1.027754324586017418e+02,1.108222966295441952e-01,-5.990041847907630335e-02,1.534508894489191016e-03
2.672106155079438031e+04,1.028100220535290816e+02,1.680278662706501391e-01,-6.083018734208071876e-02,1.095876746266406278e-03
2.747120789270814566e+04,1.027724729337914624e+02,8.165424224144977872e-02,-6.202890430445880121e-02,1.349172556051480946e-03
2.824241326078435668e+04,1.027041568077499250e+02,1.079920062346348825e-01,-6.390262353937456452e-02,1.583842731146581882e-03
2.903526884977813825e+04,1.027793289332547175e+02,2.029007403928041187e-01,-6.524427421339598632e-02,9.254121336201468710e-04
2.985038245118729537e+04,1.027646721194008705e+02,1.526065015931448166e-01,-6.741202108541122229e-02,1.269167846748934072e-03
3.068837891917638990e+04,1.027331017764090149e+02,1.603545266531691826e-01,-6.996852922113686035e-02,1.067121217888228378e-03
3.154990064958088624e+04,1.028137739057392253e+02,9.272341399404551709e-02,-7.122628339190044400e-02,1.138545621001219119e-03
3.243560807235811444e+04,1.025767081680395449e+02,1.381131264023800487e-01,-7.282777388244961181e-02,1.979286522733299594e-03
3.334618015786362957e+04,1.026939869764753439e+02,1.235237377686055210e-01,-7.483556894580978280e-02,1.686543060260891095e-03
3.428231493733973912e+04,1.026670439857763313e+02,2.366838538168436479e-01,-7.677087206546824583e-02,1.921725635317427785e-03
3.524473003801587765e+04,1.025739670321903816e+02,1.262377976503311072e-01,-7.919867525172077927e-02,2.307292627239783400e-03
3.623416323323149845e+04,1.025940301494359375e+02,1.216300421287981326e-01,-8.177153751549623428e-02,2.687148166138021189e-03
3.725137300800209778e+04,1.025641777734440723e+02,1.662305158310483089e-01,-8.296141559029179824e-02,1.591322570878814973e-03
3.829713914046277205e+04,1.025474221829974084e+02,1.801643195397151231e-01,-8.582293745644227478e-02,1.023379146399235658e-03
3.937226329963475291e+04,1.024299248543782426e+02,1.238401630807337422e-01,-8.881081362879328367e-02,2.300863566053432639e-03
4.047756965997322550e+04,1.024486994700910998e+02,1.874917048185372470e-01,-8.967972418232154908e-02,1.689129066861987235e-03
4.161390553316706792e+04,1.025566898390517707e+02,1.317379266388348236e-01,-9.182437253697202373e-02,1.510749069886759390e-03
4.278214201767621853e+04,1.024425517529660539e+02,1.096610173571384156e-01,-9.362838126221255386e-02,1.841608683814741380e-03
4.398317466650228016e+04,1.026070766288356992e+02,2.586378406844079270e-01,-9.635587751779657595e-02,2.308629989491942786e-03
4.521792417370701878e+04,1.024056083217328279e+02,2.222508570356223068e-01,-1.010189788209523432e-01,2.705639418970538952e-03
4.648733708020256745e+04,1.023320963801145211e+02,1.799324545422649746e-01,-1.028185284881619754e-01,1.590428770773509972e-03
4.779238649935594731e+04,1.024202562584427341e+02,2.115481853362773113e-01,-1.044596280818641532e-01,2.745775473317188173e-03
4.913407286296357051e+04,1.023037884164918978e+02,3.127142993103124158e-01,-1.082000314166657456e-01,2.732769861852757040e-03
5.051342468816766632e+04,1.022682390558745169e+02,2.607248856803894288e-01,-1.123020274307823946e-01,1.832316122167854458e-03
5.193149936590212019e+04,1.021859343689906865e+02,2.153006971955427062e-01,-1.135915890126238253e-01,2.549340932917518610e-03
5.338938397147360956e+04,1.022315089243960813e+02,3.846164994860283848e-01,-1.172156926498520296e-01,3.217479739382557002e-03
5.488819609789676906e+04,1.020948129281231758e+02,3.334347582361097406e-01,-1.210431031648826899e-01,2.188155650312101699e-03
5.642908471262542298e+04,1.021870622226502263e+02,1.902012994333382445e-01,-1.233956841237607571e-01,2.552529246679560455e-03
5.801323103833378264e+04,1.021879408655539976e+02,2.362610427850402317e-01,-1.274217679589187413e-01,3.095174195741125581e-03
5.964184945842460002e+04,1.020253440916808358e+02,2.449863594534338329e-01,-1.283993544679842835e-01,3.726584543592278628e-03
6.131618844795769110e+04,1.018081467165105352e+02,4.015028113927023301e-01,-1.338539809813405201e-01,1.976983352247661026e-03
6.303753153071268753e+04,1.018865981399835192e+02,3.616533660793102567e-01,-1.373563523786079654e-01,3.909659152795673040e-03
6.480719826311970974e+04,1.019232104450551617e+02,3.428607778204862400e-01,-1.409592442268111367e-01,1.718254191998507159e-03
6.662654524581150326e+04,1.017207134391458254e+02,2.877326092743941466e-01,-1.478486794474386801e-01,2.017251725509147404e-03
6.849696716357453261e+04,1.018727780506885381e+02,3.107500337264372248e-01,-1.483021139671250876e-01,4.173691957384906802e-03
7.041989785449295596e+04,1.016510506787218731e+02,3.841573022276992266e-01,-1.536521152128644263e-01,3.406407206753097466e-03
7.239681140910876275e+04,1.016326805911612610e+02,4.176736691734962426e-01,-1.588235815374196558e-01,2.928015926072408820e-03
7.442922330043757393e+04,1.015398523004724041e+02,2.544899132768350114e-01,-1.622860104497557410e-01,1.916437801759904346e-03
7.651869154570817773e+04,1.014729243747387386e+02,4.613601232746531999e-01,-1.664220025130978831e-01,2.792389124863689422e-03
7.866681790071574505e+04,1.015377419516941728e+02,2.867355739153024108e-01,-1.714750912770993119e-01,2.533107593045748080e-03
8.087524908770457841e+04,1.014091994124143241e+02,2.818952375433961266e-01,-1.757241842079355076e-01,4.415862664791345669e-03
8.314567805772063730e+04,1.012926287533774286e+02,3.980128922205204978e-01,-1.781697649226701707e-01,3.309277026965795274e-03
8.547984528840421990e+04,1.009673411289456340e+02,4.270750840734925391e-01,-1.864331408847466065e-01,3.730812625912316351e-03
8.787954011821327731e+04,1.010082591610190832e+02,2.221379250738697020e-01,-1.879712096787595765e-01,4.608254437242695171e-03
9.034660211810533656e+04,1.010754619313611613e+02,4.083646699048675277e-01,-1.976775472260666466e-01,2.456315897763405864e-03
9.288292250172498461e+04,1.010308438195069414e+02,3.662550826538656934e-01,-2.008945118275897168e-01,4.495054930386884785e-03
9.549044557518078364e+04,1.010303947564009377e+02,4.619974159656309864e-01,-2.044822313197027230e-01,4.671860697482501344e-03
9.817117022752182675e+04,1.008202254227617232e+02,2.817279182405253990e-01,-2.119961179548123797e-01,3.446055879457582665e-03
1.009271514630571764e+05,1.003299308764607929e+02,3.580059559015238979e-01,-2.177613875051572223e-01,4.856361229632833593e-03
1.037605019766911719e+05,1.004519722490195903e+02,5.789632955657115776e-01,-2.233978035280084762e-01,3.912164604113702732e-03
1.066733937734857027e+05,1.002114208741020605e+02,3.438985969434081302e-01,-2.279100162883738734e-01,3.734447304483926033e-03
1.096680598336867406e+05,1.001756817720876427e+02,5.623979411894313163e-01,-2.378424287004025361e-01,2.206289039311297873e-03
1.127467958244947222e+05,9.995758357749377865e+01,2.877586911163933503e-01,-2.411919137884678543e-01,4.852075401328349857e-03
1.159119618598885718e+05,9.964186861222712821e+01,2.902006497256987561e-01,-2.496765124359419108e-01,5.715485949639533859e-03
1.191659843098558777e+05,9.951520164262853996e+01,3.330346832975064619e-01,-2.566261595148500163e-01,4.056918474881341351e-03
1.225113576604117698e+05,9.975528302274140913e+01,6.150649591082169021e-01,-2.631479733230424611e-01,3.930385782011185623e-03
1.259506464258358901e+05,9.932902192683276610e+01,3.276175809136994133e-01,-2.702320864101184217e-01,4.759639958127034713e-03
1.294864871145904908e+05,9.907581870645468314e+01,4.682725521604795271e-01,-2.749563464007276914e-01,4.953813232322443021e-03
1.331215902504307742e+05,9.877939555400864435e+01,4.095204803860442166e-01,-2.840810543581486769e-01,4.228594233559625215e-03
1.368587424502517679e+05,9.904292096541273338e+01,4.940414697634902819e-01,-2.921662881710170856e-01,2.809099511026358180e-03
1.407008085602686333e+05,9.854851619888243874e+01,5.234315948852447109e-01,-3.000379656668203943e-01,7.969003571522765422e-03
1.446507338521647034e+05,9.819901863230838046e+01,4.961817203905562468e-01,-3.071170996130431208e-01,6.402852733402465170e-03
1.487115462808953889e+05,9.808596687240381584e+01,4.042483526369951008e-01,-3.143747644484382042e-01,5.051846711280820294e-03
1.528863588058729365e+05,9.769104047313915373e+01,4.162786677292250048e-01,-3.265136571895915774e-01,4.070831886764378522e-03
1.571783717773161188e+05,9.753336122015944909e+01,3.570998190888086121e-01,-3.333241521147372599e-01,3.972981025290795061e-03
1.615908753895919072e+05,9.724781700250481720e+01,3.840257864066878302e-01,-3.394481631479764339e-01,2.248322781483115713e-03
1.661272522034292924e+05,9.706879377515562624e+01,4.778213877002177035e-01,-3.510814774985593911e-01,4.497919264121626876e-03
1.707909797389426967e+05,9.684356112936374927e+01,5.411014439555131839e-01,-3.588715803982020502e-01,4.253720931517919121e-03
1.755856331414467131e+05,9.615244549478326519e+01,6.320740647283030755e-01,-3.677558068130563074e-01,6.661346920904383413e-03
1.805148879221109964e+05,9.576494106350421021e+01,5.416656434936111264e-01,-3.751573215942750616e-01,4.301019895387451358e-03
1.855825227755518863e+05,9.561883028669700479e+01,4.613961183654540776e-01,-3.858565097692283064e-01,5.308048590373511469e-03
1.907924224765264953e+05,9.505709121589617894e+01,4.293851887894191699e-01,-3.956656761442219339e-01,3.669086709001054703e-03
1.961485808579429286e+05,9.470738397277594345e+01,2.143685221076135627e-01,-4.049349271131119643e-01,7.008460038546185551e-03
2.016551038724748651e+05,9.422417632037100077e+01,5.902660793570480013e-01,-4.150777544032265842e-01,5.992004188351589093e-03
2.073162127401231264e+05,9.386527808553584862e+01,4.000343424050463725e-01,-4.265420157581539806e-01,4.373820363997568683e-03
2.131362471841437509e+05,9.359006562907146076e+01,4.862543639758646896e-01,-4.361682764559035030e-01,3.863131280987893660e-03
2.191196687578147394e+05,9.293072266666413839e+01,5.079409140671752310e-01,-4.476184661049920632e-01,6.929526916131713982e-03
2.252710642645982734e+05,9.280064264946648223e+01,6.356132658966072713e-01,-4.613261018779290512e-01,5.372663250244405671e-03
2.315951492743154522e+05,9.206909591478672894e+01,7.282585168342917692e-01,-4.694459701184543476e-01,3.683630641357808246e-03
2.380967717380358372e+05,9.170901621043417151e+01,4.879100595963369313e-01,-4.824196181655895366e-01,3.597670370956856239e-03
2.447809157044440217e+05,9.104490921668386250e+01,6.567957090571518997e-01,-4.949287746830132173e-01,6.811664998985350432e-03
2.516527051405388920e+05,9.083535062903168011e+01,4.231175858278624080e-01,-5.079708419021071730e-01,5.967388594404736055e-03
2.587174078595923784e+05,9.015302812081296224e+01,2.723720063407121250e-01,-5.146822238109597381e-01,7.137785935107097447e-03
2.659804395593758672e+05,8.922211129922990835e+01,4.209228941067381102e-01,-5.306126193954838755e-01,6.326144577227373229e-03
2.734473679737579660e+05,8.845221158796213956e+01,5.479490892407845593e-01,-5.418067045414424188e-01,6.827123576505680913e-03
2.811239171408461407e+05,8.824699178414792300e+01,3.059457008571044301e-01,-5.556184783126810744e-01,5.394678250359696489e-03
2.890159717909511528e+05,8.726024527633288130e+01,5.558039767826610245e-01,-5.713427595445778051e-01,5.487842943726776133e-03
2.971295818577334285e+05,8.662206836465394133e+01,3.377141814773348405e-01,-5.793149955571051946e-01,6.773743811000904926e-03
3.054709671159968129e+05,8.637638400566919472e+01,5.724502664924191464e-01,-5.942972099185018786e-01,8.245720392876498481e-03
3.140465219496748759e+05,8.533111421419307874e+01,4.335704834881807246e-01,-6.086548495746078036e-01,4.764631031546688079e-03
3.228628202536733588e+05,8.478167808875143407e+01,6.176713291232777125e-01,-6.203319238587210460e-01,3.710282551088063714e-03
3.319266204733189661e+05,8.374427432060279841e+01,4.498957836795855481e-01,-6.344005121614622045e-01,4.946413924977841048e-03
3.412448707852889202e+05,8.263155804273337424e+01,4.208064375263137480e-01,-6.485328459385082400e-01,6.146478659739738892e-03
3.508247144239788759e+05,8.187158711087323582e+01,5.273779669646327939e-01,-6.600326757024000957e-01,4.026177669908251842e-03
3.606734951574031729e+05,8.122772498005744524e+01,4.185702808924214313e-01,-6.724584875967039022e-01,5.906215069358432442e-03
3.707987629168172716e+05,8.022655499319975547e+01,3.849123755369229238e-01,-6.888842804174318823e-01,6.330794550027786169e-03
3.812082795843887725e+05,7.951974934049565036e+01,5.521238662606887670e-01,-7.000728818863548586e-01,7.233792695858881974e-03
3.919100249433402205e+05,7.849965939544162552e+01,4.575373125116565243e-01,-7.178656870793193034e-01,3.803019708194469578e-03
4.029122027951352065e+05,7.767031298235545478e+01,3.603793825185470090e-01,-7.290049799391159491e-01,1.187843882646482351e-02
4.142232472483898164e+05,7.667976309709720795e+01,6.439021492831005222e-01,-7.450048842770424784e-01,5.620136156276630927e-03
4.258518291843414772e+05,7.610182536091937777e+01,1.963197743383540694e-01,-7.576323001356261022e-01,6.231385236696932763e-03
4.378068629038166255e+05,7.453917269673540602e+01,6.673799178656822928e-01,-7.748798842966720946e-01,4.901020071598343429e-03
4.500975129608042189e+05,7.378935339486385203e+01,5.553717962807230846e-01,-7.900237283055075999e-01,6.451518092499868712e-03
4.627332011878693593e+05,7.256030820852711827e+01,3.411336815020362123e-01,-8.016076736879700348e-01,6.409892124760198200e-03
4.757236139187889639e+05,7.170483526366429317e+01,4.862371571771066936e-01,-8.195784026191699212e-01,1.023215129887065401e-02
4.890787094139590045e+05,7.063438407192037971e+01,3.471469539422283868e-01,-8.343876166416912543e-01,6.047128399498527714e-03
5.028087254942475120e+05,6.980389950044838088e+01,3.838679899495043291e-01,-8.499927071116030186e-01,8.194427302234194924e-03
5.169241873891603900e+05,6.871819058925886736e+01,3.893542052305755674e-01,-8.587746274134877567e-01,5.896460257277354872e-03
5.314359158053240972e+05,6.777942315717174893e+01,6.470535869502047621e-01,-8.806151983573731190e-01,4.452218464500872636e-03
5.463550352214876330e+05,6.670351456923953037e+01,5.376867204623286822e-01,-8.898095492761532999e-01,7.630419809571399765e-03
5.616929824163804296e+05,6.559600190416618659e+01,3.321333712471264965e-01,-9.066786766133446696e-01,6.371958646136152010e-03
5.774615152359826025e+05,6.451816308415297385e+01,5.204119753233417134e-01,-9.206906009877243724e-01,8.044757124982206478e-03
5.936727216069126735e+05,6.332829080624596685e+01,5.186226134406620725e-01,-9.339554093667356005e-01,4.570036360336014909e-03
6.103390288028621580e+05,6.208973820544689204e+01,4.351522975108504387e-01,-9.429981817949901757e-01,7.389608215959327445e-03
6.274732129711575108e+05,6.094108553628622360e+01,3.079791314993478579e-01,-9.588284239685094246e-01,4.002922122324101273e-03
6.450884089267699746e+05,5.992061723968855347e+01,5.526267428763667056e-01,-9.767637044512491595e-01,5.788111734913457644e-03
6.631981202212675707e+05,5.872255900099165871e+01,3.363749695140781371e-01,-9.852278106827363491e-01,7.660169077823800882e-03
6.818162294944479363e+05,5.750356978087670257e+01,2.894450264206947510e-01,-1.001975507521493558e+00,7.343103523568109137e-03
7.009570091165617341e+05,5.697778530360530169e+01,3.893046743160953893e-01,-1.015259591151195018e+00,6.483016276173640680e-03
7.206351321293044602e+05,5.538247161831735355e+01,4.296333211782133454e-01,-1.033721661862710084e+00,5.301478452794614396e-03
7.408656834939568071e+05,5.446498651449648776e+01,3.724662075188008847e-01,-1.046531366805637742e+00,7.927608023011218849e-03
7.616641716552892467e+05,5.345642846630390466e+01,3.611689937256161720e-01,-1.059596935318130706e+00,5.073263553849680259e-03
7.830465404301183298e+05,5.232269140790607764e+01,3.587271462453892612e-01,-1.071040047571378384e+00,6.760576098407009883e-03
8.050291812295973068e+05,5.144693351103542511e+01,3.748204263387319157e-01,-1.083306302198655313e+00,7.606470531388540533e-03
8.276289456246352056e+05,4.998145477606725251e+01,3.548360230262196935e-01,-1.098808269522455694e+00,5.515090800171702605e-03
8.508631582640581764e+05,4.901870949030252689e+01,2.543689480609552245e-01,-1.109204773136367894e+00,6.915584205378370354e-03
8.747496301554415841e+05,4.812666997145930736e+01,3.661663260820374743e-01,-1.122035654405847627e+00,6.788669194308271509e-03
8.993066723187613534e+05,4.724039412028933071e+01,2.791200350289866350e-01,-1.133708538900614515e+00,5.966700095565848766e-03
9.245531098233580124e+05,4.599726926677688255e+01,2.644057018396668846e-01,-1.148521592792032919e+00,8.051314422511120228e-03
9.505082962189511163e+05,4.488863822290462480e+01,3.066072268747221941e-01,-1.162824151167188180e+00,5.463907632308347660e-03
9.771921283717997139e+05,4.414485589833375201e+01,1.800304842515592085e-01,-1.172886106483140400e+00,8.317273232650248052e-03
1.004625061717340257e+06,4.288439479658966036e+01,2.531790462190611213e-01,-1.182685555258626398e+00,5.972332074843768671e-03
1.032828125941029633e+06,4.191947602453343791e+01,3.984502396753539233e-01,-1.199831191779801243e+00,5.652024717769211538e-03
1.061822941099384567e+06,4.091261498603103064e+01,4.280450194648978135e-01,-1.212115896069756449e+00,6.159473608071053957e-03
1.091631734193614684e+06,4.011342969625678023e+01,3.307485531734250528e-01,-1.217695081038409510e+00,7.630752012115882277e-03
1.122277356208507204e+06,3.901882746254757706e+01,2.711239520837271932e-01,-1.232521961464441373e+00,5.335152108522594680e-03
1.153783299629659625e+06,3.812645212824828889e+01,2.506097621149939725e-01,-1.239774563795432272e+00,5.174851207230483051e-03
1.186173716452479130e+06,3.739348409508694004e+01,3.746095839144695794e-01,-1.256882417539908481e+00,7.578899379507572989e-03
1.219473436696738238e+06,3.643291518016930297e+01,3.011597911181180254e-01,-1.264916012320564054e+00,7.942065070285136974e-03
1.253707987440919736e+06,3.551846250882200451e+01,1.674408276168481702e-01,-1.275265503581617832e+00,5.631725654804573163e-03
1.288903612390891649e+06,3.465406699223976972e+01,2.426848870909309730e-01,-1.288625753023444620e+00,6.265408066289290118e-03
1.325087291997953784e+06,3.395736126712373704e+01,2.880105741555386567e-01,-1.296143882137656966e+00,5.998764676591460121e-03
1.362286764141646912e+06,3.313804756252190487e+01,2.904325117900748987e-01,-1.307152303426721618e+00,5.427136514324338266e-03
1.400530545393219683e+06,3.225240252759299153e+01,1.814465660663947266e-01,-1.318340479964494438e+00,7.280268527539253930e-03
1.439847952876006486e+06,3.133049873744047176e+01,1.684511895104766621e-01,-1.326501587827138451e+00,5.992166185662104773e-03
1.480269126739510102e+06,3.061602720628034291e+01,1.559282730617740920e-01,-1.338123973356100782e+00,6.087874336224488418e-03
1.521825053264386952e+06,2.992724676881680423e+01,1.866958244182250481e-01,-1.349078015698606858e+00,6.655706271925266974e-03
1.564547588616095716e+06,2.912946202780373284e+01,2.169483878092732243e-01,-1.361405392210695897e+00,5.155858167469015360e-03
1.608469483265355229e+06,2.847541298979591673e+01,2.535137096826697856e-01,-1.371028324628476236e+00,6.098184512063419861e-03
1.653624407094182214e+06,2.769027697600706261e+01,1.619959851966147613e-01,-1.378778976801370515e+00,5.228062100353599896e-03
1.700046975206718082e+06,2.688611675415642566e+01,1.961904705320894338e-01,-1.390840928229026163e+00,4.270162697134816110e-03
1.747772774464680813e+06,2.625051098880023304e+01,1.411017964395770707e-01,-1.394477839125414009e+00,6.161787209926477410e-03
1.796838390767719364e+06,2.564746049596588406e+01,1.743834491262634123e-01,-1.403260385994464121e+00,7.738779122007620470e-03
1.847281437099636067e+06,2.498950576938105428e+01,1.837172010099008546e-01,-1.413518460861726611e+00,5.394880661344646049e-03
1.899140582361935638e+06,2.440123883733996024e+01,1.006681824298930467e-01,-1.423787916528046926e+00,6.966596511367098218e-03
1.952455581016860902e+06,2.364166413501634878e+01,1.800975340295247751e-01,-1.430474131828340933e+00,5.180199392337433290e-03
2.007267303562568268e+06,2.301272029666028374e+01,1.090037031884482921e-01,-1.438128989752920806e+00,5.111774601961306674e-03
2.063617767863856629e+06,2.243695724401972313e+01,7.550086415714225840e-02,-1.452213477109209672e+00,5.387846584142294386e-03
2.121550171362452209e+06,2.192027620025499601e+01,1.271177686800876727e-01,-1.454813110399040710e+00,2.553393305662809455e-03
2.181108924191520084e+06,2.131255053402201582e+01,9.826516031488040370e-02,-1.467077811709095680e+00,4.981861929926835811e-03
2.242339683219844941e+06,2.075819765595629818e+01,1.564459420331039685e-01,-1.472643867490319280e+00,7.183306916871706575e-03
2.305289387051706202e+06,2.017254500108137449e+01,1.055529204595514192e-01,-1.483768510586263911e+00,4.139192049003995177e-03
2.370006292009330355e+06,1.971172734819038652e+01,1.276585096544475828e-01,-1.491303286405481376e+00,6.152443410742771887e-03
2.436540009125465993e+06,1.911472466240813972e+01,1.686513252281949815e-01,-1.500513866585331701e+00,7.322988801997765834e-03
2.504941542174502276e+06,1.866697851392498109e+01,9.357844483681161674e-02,-1.506594593205442312e+00,5.269861050606219552e-03
2.575263326771198772e+06,1.818159619844989194e+01,1.316395079019389847e-01,-1.517163661281240694e+00,4.321993556223487944e-03
2.647559270567069296e+06,1.756787409792575616e+01,1.515286686929515070e-01,-1.526020320378696837e+00,2.528096427801140075e-03
2.721884794575179461e+06,1.719114392616402398e+01,9.495171861415971359e-02,-1.534254525505176270e+00,5.107456807014586035e-03
2.798296875655116048e+06,1.673662383580491309e+01,1.089645863896342021e-01,-1.543082458144902080e+00,5.702829671629781709e-03
2.876854090190591291e+06,1.629594217218851782e+01,9.144066012571068491e-02,-1.548340794639264661e+00,4.550870460775856968e-03
2.957616658993256744e+06,1.580054601128242098e+01,9.558781202593097381e-02,-1.558114858219323606e+00,5.929023859096602296e-03
3.040646493467068765e+06,1.537338665528727333e+01,9.318031429649788200e-02,-1.565324819462829975e+00,3.174670782424999452e-03
3.126007243068703450e+06,1.501034785141897387e+01,9.688086811385085428e-02,-1.577023359468265440e+00,9.109132875401481158e-03
3.213764344100275543e+06,1.465004124322801360e+01,1.003328065246959361e-01,-1.584105173501328068e+00,6.790780695757829555e-03
3.303985069871854968e+06,1.418949113594364952e+01,1.105782838061205170e-01,-1.586771134347188639e+00,5.589193712959774664e-03
3.396738582272209693e+06,1.386361331496072680e+01,1.067939668311530116e-01,-1.597673591217571687e+00,8.366198684957325271e-03
3.492095984787271358e+06,1.345383987724863495e+01,8.867266248346107604e-02,-1.605758271170133256e+00,5.215670464960926907e-03
3.590130377007068601e+06,1.308780912556113663e+01,7.616663452004114598e-02,-1.613814397958591274e+00,6.338868908947858927e-03
3.690916910662774462e+06,1.271887679732009602e+01,1.082376264635665220e-01,-1.620009344244618621e+00,4.998693673986532617e-03
3.794532847236942034e+06,1.241703121050076852e+01,5.836749355452355154e-02,-1.632393822505820768e+00,7.445671311014785167e-03
3.901057617190993391e+06,1.209323974370554211e+01,8.907850983674006629e-02,-1.638143658288907956e+00,8.126867702080991726e-03
4.010572880855496041e+06,1.171303162133819242e+01,5.851835752833917104e-02,-1.645827175584772650e+00,5.008909101552269823e-03
4.123162591029748321e+06,1.145303329360381284e+01,7.813514883712302517e-02,-1.655288485154809308e+00,6.355926002419607507e-03
4.238913057338783517e+06,1.111598646357541753e+01,8.617875388231793776e-02,-1.661850673426675584e+00,4.539299880355506488e-03
4.357913012397029437e+06,1.087465425942792052e+01,4.424326058855251181e-02,-1.669626228964187220e+00,5.253061374089363494e-03
4.480253679829489440e+06,1.054541547051288930e+01,5.591079294574693992e-02,-1.679828370786034641e+00,5.949728888307936371e-03
4.606028844202398323e+06,1.023608787966866274e+01,8.668179019138788632e-02,-1.689833184511180919e+00,8.737051327187148053e-03
4.735334922917121090e+06,9.942801009763636344e+00,6.570012390938695379e-02,-1.694194917015575896e+00,6.087926192251109578e-03
4.868271040122283623e+06,9.767386666782057247e+00,9.977339086421972703e-02,-1.708091807751983326e+00,5.118256544304309805e-03
5.004939102700953372e+06,9.476339801224039405e+00,5.546378989825806460e-02,-1.718817092284454562e+00,7.890650747864413547e-03
5.145443878390924074e+06,9.162625402718735046e+00,4.288620260357766528e-02,-1.725120639904849984e+00,6.693211154178755826e-03
5.289893076098145917e+06,8.928311728249251900e+00,6.927307113868706734e-02,-1.738055860095986560e+00,9.843850642727657030e-03
5.438397428464801051e+06,8.676891993243348367e+00,7.613533767555237530e-02,-1.742260415722735711e+00,6.224632681475797576e-03
5.591070776755292900e+06,8.468841491267673049e+00,4.354725898649739607e-02,-1.757193278053679197e+00,6.980422485347816640e-03
5.748030158125351183e+06,8.233314158047766895e+00,8.671664658001429493e-02,-1.761952519418037655e+00,1.012680680096857654e-02
5.909395895340965129e+06,7.947249831216922189e+00,4.688760034595182424e-02,-1.771767508623935727e+00,1.087037368441016484e-02
6.075291689016077667e+06,7.772561326450232677e+00,5.015760120642573372e-02,-1.788445789474646164e+00,1.005348861699982554e-02
6.245844712439618073e+06,7.575804529908639395e+00,6.849168088414524236e-02,-1.795637870260839097e+00,6.986489870224618301e-03
6.421185709064758383e+06,7.336504552936655266e+00,9.536356294363809716e-02,-1.797728558469364302e+00,4.556190373516148459e-03
6.601449092734882608e+06,7.129470237803063881e+00,5.529952022106176396e-02,-1.808430551750096482e+00,1.216474170060122782e-02
6.786773050723302178e+06,6.980930046993829130e+00,5.079750444682804011e-02,-1.824141004186857318e+00,1.364743891589247256e-02
6.977299649665538222e+06,6.754715533559523699e+00,4.773293759368581884e-02,-1.828983563899527098e+00,1.216159298940541408e-02
7.173174944465612993e+06,6.619480718044295386e+00,7.161750644010016209e-02,-1.844147226708099607e+00,9.163744006286802385e-03
7.374549090259546414e+06,6.397291446951737015e+00,7.500275611226249473e-02,-1.859586314974339460e+00,1.470165961833460808e-02
7.581576457522117533e+06,6.213181150165598687e+00,8.617277676455908919e-02,-1.874902339160560816e+00,1.078091956827010450e-02
7.794415750404951163e+06,6.077495687246935674e+00,7.551018690697106073e-02,-1.878056480346825152e+00,1.060086987297754156e-02
8.013230128396886401e+06,5.912434439436597522e+00,9.143011428886217706e-02,-1.886896292117176799e+00,1.444087251304783034e-02
8.238187331399600953e+06,5.734254405157702905e+00,6.632080814245498723e-02,-1.899121311441281268e+00,1.359928475758060556e-02
8.469459808314593509e+06,5.580521172739472568e+00,1.002518062017090511e-01,-1.905543046111994654e+00,7.814670155163159354e-03
8.707224849239921197e+06,5.452765466548108009e+00,6.096599234310887128e-02,-1.926241318134004343e+00,9.379835644894691030e-03
8.951664721378302202e+06,5.242585919881759260e+00,6.725479034414244550e-02,-1.934625777427285698e+00,1.343795677126208808e-02
9.202966808760410175e+06,5.135732075817903919e+00,7.202055063457100947e-02,-1.950509689148203218e+00,1.691389044011589599e-02
9.461323755890760571e+06,4.952039978409818133e+00,6.825333934074882813e-02,-1.963645424888195379e+00,9.800063975703937266e-03
9.726933615426179022e+06,4.895007146554921640e+00,1.003198763925109149e-01,-1.969925434590866997e+00,1.599855570955124873e-02
1.000000000000000000e+07,4.730336698839811227e+00,5.557637991924074816e-02,-1.981323049979621498e+00,1.182481072974127072e-02
