# #Freq[Hz], #Gain_mean[a.u.], #Gain_std[a.u.], #Phase_mean[rad], #Phase_std[rad]
1.000000000000000000e+01,3.307977215895480185e+02,6.795990813415229148e-01,-4.906362804439901297e-05,2.255431809881089291e-03
1.028073223830865324e+01,3.314082629714638983e+02,1.473867014311709633e+00,2.842483583901156191e-04,2.947765346702129440e-03
1.056934553557988288e+01,3.309997926709938270e+02,9.450272416672194087e-01,1.283853987985628152e-03,2.509741359342436678e-03
1.086606113854597488e+01,3.312193028843788625e+02,1.026880767384005022e+00,-8.883861200484233656e-04,2.737047295919130610e-03
1.117110650504824143e+01,3.306716743593593151e+02,5.661295322181120193e-01,8.949764920656022853e-05,1.436958056616573741e-03
1.148471547840289553e+01,3.314110466140073754e+02,6.306105038110324523e-01,4.210474561374688698e-05,2.419540460059807496e-03
1.180712846666190252e+01,3.308961081674152069e+02,6.224600339084748191e-01,-7.983540983634185729e-04,1.094875472064889277e-03
1.213859262690628249e+01,3.312532070399669806e+02,8.664231700065428976e-01,1.272075737212663535e-04,1.858963082315582237e-03
1.247936205471311411e+01,3.308290242025149723e+02,6.123701205241515177e-01,9.437088421569317809e-04,1.141001937495967353e-03
1.282969797894147490e+01,3.311680501377230712e+02,4.658951411250541463e-01,-7.637058706123856172e-04,9.661886253708729111e-04
1.318986896198669889e+01,3.312964042096566004e+02,5.861241254354516705e-01,9.367348519076390979e-04,1.600345133261273090e-03
1.356015110565633286e+01,3.309974219112033893e+02,6.573947272078475290e-01,1.910164252063584200e-04,1.432882461482935538e-03
1.394082826282577869e+01,3.309687737853824387e+02,5.109071484007677855e-01,5.871870979638593290e-04,1.282000345925929548e-03
1.433219225503573924e+01,3.310983822700833912e+02,5.621040103467471738e-01,9.290990360408813418e-05,2.906832783132569896e-03
1.473454309619835101e+01,3.305474064661796092e+02,7.258300382225674197e-01,1.471191908668512127e-04,1.836292280547484335e-03
1.514818922258345779e+01,3.310260881499760899e+02,6.915368712825736841e-01,6.214875296233657743e-04,1.068422305836765063e-03
1.557344772926134269e+01,3.309027654431511678e+02,5.453015547609760816e-01,-6.963445943080071032e-04,1.624707816194099260e-03
1.601064461318317811e+01,3.308330592879926257e+02,6.315063757190700899e-01,-9.696564648375982642e-05,1.792321007126943715e-03
1.646011502308550689e+01,3.311969311707131283e+02,6.469126947436969477e-01,-3.545776573727011044e-04,2.428739843087866952e-03
1.692220351641037368e+01,3.311236425616590964e+02,4.616706949334619114e-01,-3.699147379296885418e-04,2.063751306203117503e-03
1.739726432343801577e+01,3.308009221056440765e+02,5.335836467467053312e-01,1.413376010125588723e-04,1.829545778963710288e-03
1.788566161883461803e+01,3.308009290367399444e+02,7.843804516158315865e-01,8.701096807651520276e-04,1.555346283085583172e-03
1.838776980082327839e+01,3.309140686578282384e+02,6.573453900442117748e-01,3.252150917593788046e-04,1.610975900654708316e-03
1.890397377819221347e+01,3.308103353715252410e+02,5.322958639991819396e-01,-2.051516671570663419e-04,2.787987398000913060e-03
1.943466926536021333e+01,3.310249325130276361e+02,6.315769159817469225e-01,-1.164209035566354800e-03,1.464486810985850826e-03
1.998026308572550747e+01,3.315136613340833946e+02,3.948234683438305304e-01,-3.461564888472157156e-04,2.605381835455511125e-03
2.054117348353064187e+01,3.311025745409178285e+02,6.003345894268743432e-01,-6.263132550530237639e-05,2.424342389256733954e-03
2.111783044448244340e+01,3.309764677677551958e+02,5.664286994064641201e-01,-5.322572461269548189e-04,1.145370024548051464e-03
2.171067602537264918e+01,3.310318130992751549e+02,5.233712220812611893e-01,2.606933371906095193e-04,2.324567071092753685e-03
2.232016469295234629e+01,3.310461086774292880e+02,7.807044992776118741e-01,2.783244770743653509e-04,1.286955207934526151e-03
2.294676367231935998e+01,3.312815923279483172e+02,8.224018017021249571e-01,1.027575757358922728e-03,2.210275482977928745e-03
2.359095330508635158e+01,3.310446260186934637e+02,9.005983603499062573e-01,1.135935431783474669e-03,2.552335383050737590e-03
2.425322741760352940e+01,3.306392268816542810e+02,8.144457397799149678e-01,-1.011760576081721609e-03,1.417091361994556823e-03
2.493409369951879029e+01,3.311319819037730667e+02,5.556425443606314296e-01,-1.683371255569277134e-04,3.146318703407306305e-03
2.563407409296515027e+01,3.314116300615381192e+02,4.978683256984248184e-01,-2.972720898852365787e-04,4.461769099110937317e-03
2.635370519267394585e+01,3.305777881649482310e+02,9.199185247197920745e-01,-5.738973461144603050e-05,1.953254706701748090e-03
2.709353865732051503e+01,3.309579852894752321e+02,6.666381964731646903e-01,4.871753622448515841e-05,1.319486771820306808e-03
2.785414163241767582e+01,3.311661964749150684e+02,6.665631003903454976e-01,-9.065043845384312959e-04,1.412785154001804100e-03
2.863609718508115876e+01,3.310129319317500176e+02,9.323056529737754339e-01,5.459679474649981263e-04,1.667055424881313912e-03
2.944000475100035175e+01,3.310005987296599415e+02,8.072004360520687039e-01,8.891138117273822200e-04,2.050173762503118124e-03
3.026648059395692059e+01,3.310489448631279288e+02,7.347995674601157656e-01,-2.970651738560814437e-04,2.772361233482586226e-03
3.111615827824361347e+01,3.307738732604896086e+02,5.900273670706325246e-01,-2.983021231286952894e-03,4.636029475592050829e-03
3.198968915434537763e+01,3.307050342432115713e+02,8.373184052350091111e-01,-8.416665357315000979e-04,2.117434725582472213e-03
3.288774285825510191e+01,3.309068429469264743e+02,1.054004838086175511e+00,1.539691985738311873e-03,2.017948133768496591e-03
3.381100782480685041e+01,3.311603524513753314e+02,1.057839178601952534e+00,-1.890361292891107461e-05,1.684129674123771049e-03
3.476019181541977332e+01,3.308927629548571758e+02,1.344965350704899532e+00,4.793329947574420793e-05,2.045223389452775244e-03
3.573602246065788535e+01,3.304141368426886629e+02,6.181903434728247548e-01,2.319464327240172816e-04,1.926192593225876590e-03
3.673924781802074335e+01,3.306843941895891703e+02,9.035528963668389979e-01,-2.364824326682546211e-03,3.083128240552634753e-03
3.777063694539368299e+01,3.310325956081333629e+02,1.037704164367164950e+00,-1.408035478160796303e-03,4.103474219139623298e-03
3.883098049059604762e+01,3.318952454284414557e+02,1.342599727974766566e+00,-5.075893732592983831e-04,1.354681708343148184e-03
3.992109129748053675e+01,3.315336805473674531e+02,1.067147482457081242e+00,-1.052822205347414553e-04,2.300741295238967633e-03
4.104180502904709016e+01,3.308662170260253106e+02,6.435485499586958147e-01,-2.598111611047793264e-03,5.260100899022025420e-03
4.219398080805026297e+01,3.309525269449812868e+02,3.920031860112277444e-01,2.421643364311609867e-04,1.019614763800130632e-03
4.337850187558989035e+01,3.310265427209332643e+02,4.919263012563193094e-01,2.762954474762491122e-04,2.433417371902776589e-03
4.459627626819093393e+01,3.310623517673015499e+02,4.049788588542632684e-01,1.796648835853620286e-04,1.757916031962862037e-03
4.584823751389095747e+01,3.310570075935829095e+02,5.415804501967917961e-01,4.812789276785967236e-04,1.349803066429367329e-03
4.713534534786909802e+01,3.305767492238218779e+02,1.434524341202804365e+00,-1.369641288363698751e-04,1.486771536737848190e-03
4.845858644816495797e+01,3.308386014411647693e+02,1.469607635831642112e+00,1.221949208395667428e-03,5.072301861113182909e-03
4.981897519205162439e+01,3.312020464222197234e+02,1.090460019810467918e+00,1.229427599126964353e-03,2.575486130839782679e-03
5.121755443364241245e+01,3.323275114156513723e+02,1.878092683335150115e+00,-4.749913382862125388e-05,3.030719823236775485e-03
5.265539630332755650e+01,3.312288302094310097e+02,4.967553116066243946e-01,-9.105824058559086175e-04,2.823233512914719457e-03
5.413360302965381265e+01,3.311879352861771508e+02,1.354823387934416701e+00,-8.846214543832608751e-04,2.429214380388621929e-03
5.565330778427645697e+01,3.316679094420474598e+02,1.034611140112167371e+00,-8.429577498598739011e-05,1.163520927898144524e-03
5.721567555063251831e+01,3.306804029291700999e+02,1.163007786969793456e+00,-1.397029350045775288e-03,1.725968581630865899e-03
5.882190401699956084e+01,3.309117846698978838e+02,6.241184261138297273e-01,-1.073111903335766072e-03,2.131336494039270599e-03
6.047322449462649274e+01,3.304376020926862338e+02,1.633703164509353822e+00,2.051758501108613686e-03,3.741777992378240297e-03
6.217090286163826818e+01,3.313348228568225977e+02,1.095305076279494916e+00,-9.481273998044326135e-04,1.603751187147729219e-03
6.391624053344005318e+01,3.309689091980723106e+02,6.604601137660663923e-01,1.897113377627945808e-03,3.785216559217365224e-03
6.571057546036270480e+01,3.309510307967796052e+02,8.267550846860919345e-01,-1.145249394445846305e-03,3.498755317110568801e-03
6.755528315331642375e+01,3.307608558975399546e+02,4.862377086946312321e-01,-1.151951564723763212e-03,1.444792595883316729e-03
6.945177773823695588e+01,3.320121769979899113e+02,1.890071769807174729e+00,4.213439776895811168e-04,2.759162445965810187e-03
7.140151304013399169e+01,3.305480961054183808e+02,1.414106695990138274e+00,4.124351619748445113e-04,2.445073766158784717e-03
7.340598369757212538e+01,3.307251791813176283e+02,8.161826646704495314e-01,2.621111579195556287e-03,7.623751396788978202e-03
7.546672630843890772e+01,3.310598905927782312e+02,1.014692653623712859e+00,2.891308798538228149e-03,5.680205208607282293e-03
7.758532060787835860e+01,3.309545725914264267e+02,8.054976092916538155e-01,1.962207210090305496e-03,7.520100894554825229e-03
7.976339067929276894e+01,3.311230337291588057e+02,5.654442573504293579e-01,1.094768520675692996e-04,9.560688262992709987e-04
8.200260619934130091e+01,3.318563299124834316e+02,3.113041080493105905e+00,7.674911437951514870e-04,4.128903181252089466e-03
8.430468371788971638e+01,3.310124126831119042e+02,4.311242776509637831e-01,3.972393274097818722e-04,1.769689514865172269e-03
8.667138797389233673e+01,3.308238791604533731e+02,2.519726566797108713e+00,-9.727020317474632588e-04,4.943905480188563566e-03
8.910453324821513377e+01,3.310593987725241050e+02,4.984109268831408701e-01,6.413668130102134985e-04,6.217152652379291742e-04
9.160598475443708821e+01,3.304875949930793695e+02,2.016518403640144008e+00,9.944411087912108371e-04,5.385852895328960277e-03
9.417766006869518947e+01,3.309543029972890054e+02,9.094454288154577570e-01,8.869519985766682662e-04,5.952345263225687286e-03
9.682153059967086506e+01,3.301412221728855911e+02,2.013467635436380299e+00,-2.054452552427488317e-03,3.524799362037243835e-03
9.953962309984233059e+01,3.307103625921490107e+02,2.307967956622008376e+00,1.357637625664187640e-03,6.096348825210226238e-03
1.023340212191642280e+02,3.309701591213382699e+02,4.557559107687718658e-01,1.067399446419514761e-03,1.330495142478735088e-03
1.052068671023622812e+02,3.309617047038958617e+02,5.377323750220555088e-01,2.522143702480050603e-04,1.011567370530457120e-03
1.081603630310709434e+02,3.308767684682965182e+02,6.898909859127256849e-01,-5.958598747793253814e-04,2.059403699912899788e-03
1.111967731120698915e+02,3.316732134579984859e+02,1.874044783714145179e+00,3.942049306970396680e-04,1.907962025635854143e-03
1.143184250129150286e+02,3.312884213738087738e+02,5.076570628280824282e-01,1.497370738781844766e-03,4.570373225096845647e-03
1.175277117462945142e+02,3.306723193117888400e+02,3.503935227754080839e-01,7.907531669815170972e-05,1.609977766376317725e-03
1.208270935044775882e+02,3.311897240242980160e+02,4.890766066280421986e-01,-1.451658946525657859e-04,2.770231948483763921e-03
1.242190995452617415e+02,3.309878461691560574e+02,5.468545709445117309e-01,-4.684861706591991748e-04,1.631375616115167361e-03
1.277063301308644725e+02,3.317630629576154888e+02,2.120380181727950841e+00,-1.445189167014859885e-04,7.889777989174859372e-04
1.312914585212465397e+02,3.310304205698008673e+02,4.576570068395699464e-01,-1.823336614711124125e-04,9.532648880628244491e-04
1.349772330233941773e+02,3.307909979608397748e+02,4.607948394477225929e-01,-5.279619480362818251e-04,2.849866227453361212e-03
1.387664790981308442e+02,3.316616702682159143e+02,2.007738536724824829e+00,2.233351839113240003e-03,5.309787210883583873e-03
1.426621015260738261e+02,3.309189028425466859e+02,5.100154956036724307e-01,-4.713688336753562918e-04,9.861322761137044073e-04
1.466670866343968669e+02,3.314237718520558360e+02,1.285878341629641985e+00,-1.304644672861110565e-03,3.391275885873279265e-03
1.507845045861051005e+02,3.309278712983474975e+02,5.153968074450342440e-01,-2.716648220486561695e-05,2.237298768784248479e-03
1.550175117335770381e+02,3.304182547800949692e+02,1.924846302438934842e+00,1.528056571167679635e-03,3.856086890466672943e-03
1.593693530381776213e+02,3.310591941556457414e+02,3.730413955689664274e-01,-5.646400165114862308e-04,1.632119382467332562e-03
1.638433645577984805e+02,3.307748136571898385e+02,5.704051767262744432e-01,-1.033350543450417634e-03,1.650947547124946525e-03
1.684429760042315252e+02,3.307749078255038739e+02,8.475310962186077823e-01,-1.774039766885371436e-03,6.137712118042511558e-03
1.731717133723352902e+02,3.309133946235199346e+02,7.107783358093371362e-01,-5.383213517936358055e-04,1.273176182806851683e-03
1.780332016430113811e+02,3.315062175909156394e+02,1.853695837778143840e+00,-2.093892479125169961e-04,3.392979709381734304e-03
1.830311675620613130e+02,3.309338304767719592e+02,5.999332222296298589e-01,-6.458049504690421610e-04,1.960945452056218376e-03
1.881694424970555701e+02,3.311476200745245251e+02,4.742660550161499344e-01,6.749359675550792304e-05,9.851540757316399471e-04
1.934519653744044376e+02,3.300130752442184985e+02,2.102891863419847684e+00,-1.213443074202569250e-03,1.662917442693864940e-03
1.988827856988809799e+02,3.309410872357820494e+02,4.608049713509850265e-01,-4.433729200819857890e-04,1.449415538409040563e-03
2.044660666579117674e+02,3.309211252054554393e+02,3.993168315540708280e-01,-7.958892889239344015e-04,1.524275560792260568e-03
2.102060883130158402e+02,3.311048356018628738e+02,5.484566118037863536e-01,8.121436015388283853e-04,1.491376727903315083e-03
2.161072508808376540e+02,3.310956434821052312e+02,4.774434537213583241e-01,-1.669965954732788250e-04,1.637614892155179287e-03
2.221740781062884764e+02,3.310792359854852975e+02,4.174914025356080138e-01,-5.587065301535965468e-04,9.781001611526103298e-04
2.284112207303825528e+02,3.313904174061808590e+02,1.196727700644846237e+00,1.378180434723041969e-03,6.571691052708951951e-03
2.348234600554276312e+02,3.310052748681919184e+02,5.358849964659632148e-01,8.938851668744973451e-05,1.961006846178208179e-03
2.414157116103017700e+02,3.310538094655776149e+02,5.699879793950141105e-01,-2.765030056430806127e-04,2.541809856541372026e-03
2.481930289186255152e+02,3.319298616550539691e+02,2.088454388109154625e+00,3.359009226017839575e-04,3.038929303887361998e-03
2.551606073727186299e+02,3.308829979023566921e+02,4.571256921811042706e-01,-2.186594235145111753e-04,1.156445982746853599e-03
2.623237882163123800e+02,3.309465544194157474e+02,3.909735138343807259e-01,-3.108392552164662703e-04,1.877291356989893491e-03
2.696880626390692441e+02,3.310676005561371653e+02,5.345075428237540116e-01,1.389369908473270311e-05,1.211679533015178447e-03
2.772590759860481171e+02,3.321113128447157692e+02,2.739374475747961668e+00,-2.107694284779171399e-03,5.064191225287411127e-03
2.850426320853434845e+02,3.316099115330589484e+02,1.469155882119991485e+00,7.943576961068731911e-04,3.373949661504059214e-03
2.930446976972144171e+02,3.309719347155159426e+02,6.334132543858588260e-01,-4.217795666291212836e-04,1.156407314929817172e-03
3.012714070881164048e+02,3.317107809843218433e+02,1.674169084060165513e+00,1.721073856146881952e-03,1.219742709470209192e-02
3.097290667331406553e+02,3.309243463286455835e+02,5.697619611949665819e-01,-5.929861367951261069e-04,1.843792456717144920e-03
3.184241601504652976e+02,3.310445237341955362e+02,3.424653997134537442e-01,-2.901643196224768030e-05,1.634011427075139676e-03
3.273633528715247394e+02,3.311825934906336215e+02,5.903520235777836023e-01,-1.952143557116148179e-04,2.114536482132322974e-03
3.365534975507094373e+02,3.305728816908377894e+02,3.171133651461759406e-01,-1.454542599562014152e-04,1.481695526867056814e-03
3.460016392185108884e+02,3.313711040818826632e+02,4.649415903294349395e-01,-6.303975426196206655e-04,1.068938570946881533e-03
3.557150206821385723e+02,3.310440348256980769e+02,3.878914986546251331e-01,2.218679475576745721e-04,2.621727130051302104e-03
3.657010880777493185e+02,3.311334327596855474e+02,5.245579742449557603e-01,1.946752554131237043e-04,1.436559139896606899e-03
3.759674965785467293e+02,3.310966064084223035e+02,5.832159958392668653e-01,-2.058925648665610507e-04,1.946231200692109722e-03
3.865221162631261791e+02,3.311838660169116224e+02,3.877246669189198247e-01,-5.736912367928504033e-05,9.736544198600242559e-04
3.973730381485608518e+02,3.309765483439600757e+02,3.928165055604084799e-01,1.239852587052503506e-04,2.094857867527653763e-03
4.085285803928565542e+02,3.310020118073384765e+02,4.453256595868496093e-01,-1.245018452151747113e-03,1.404639881803498988e-03
4.199972946715305966e+02,3.311370030294646085e+02,4.378678234412188841e-01,1.886832827082685071e-04,1.166361357907150188e-03
4.317879727332021389e+02,3.312596623003267950e+02,6.716019672124790008e-01,2.058710491013915399e-04,1.251325863475080897e-03
4.439096531392170846e+02,3.310380532082934337e+02,4.837234773042018987e-01,-6.540134400058406289e-04,1.350088953650416604e-03
4.563716281924758391e+02,3.311329061729167051e+02,2.450707787442985841e-01,-1.059641395731114599e-03,1.579943730206470479e-03
4.691834510607798734e+02,3.308375515554149615e+02,3.368097982378652766e-01,-1.054679813866155015e-03,1.649168370714341287e-03
4.823549431001467269e+02,3.308844787886613403e+02,6.243651046521875303e-01,-7.694540564465501614e-04,2.264037554097561664e-03
4.958962013837211771e+02,3.309638806822743504e+02,3.152773428754206964e-01,-3.532567845461187517e-04,1.602953995132525705e-03
5.098176064420424609e+02,3.309936581738120367e+02,3.275717883435254052e-01,-1.990692064072430102e-04,1.516462117576558837e-03
5.241298302206062090e+02,3.304678276264465921e+02,1.242626062603632064e+00,-2.791978760488733700e-03,2.557049833236400491e-03
5.388438442608223795e+02,3.309773910201391232e+02,3.081761444312440257e-01,-1.590943875408656850e-03,2.863864023958166000e-03
5.539709281106399885e+02,3.312065519891796725e+02,4.009353221318543437e-01,-2.074950127068486802e-04,1.597002551467223159e-03
5.695226779712825191e+02,3.316056258040121065e+02,1.459657393154874194e+00,-3.043991540134704989e-03,7.804669424220976245e-03
5.855110155867243975e+02,3.309982654537574831e+02,5.990616326000681724e-01,-9.600257062455597396e-04,1.268731522836857948e-03
6.019481973827274714e+02,3.311143841361126761e+02,6.582117202980533044e-01,-9.379503752509066317e-04,1.432523968549890897e-03
6.188468238624383275e+02,3.312328777918481251e+02,5.030122847164950617e-01,-5.594526768757379642e-04,8.943351831648105842e-04
6.362198492657488487e+02,3.311789805142474279e+02,6.684959473172595867e-01,-1.380534643738906466e-03,1.894736255747244509e-03
6.540805914998259141e+02,3.308438976496654504e+02,4.353178925585081682e-01,-4.638684835656547881e-04,1.658657502696254645e-03
6.724427423484249857e+02,3.313464268630933134e+02,8.024615543379105542e-01,-1.667739139914070677e-03,1.092123982392006467e-03
6.913203779678127603e+02,3.294404570570371220e+02,5.541172996314577048e+00,-1.406869353911765986e-04,1.463373836522733912e-03
7.107279696773418891e+02,3.310449713639772540e+02,6.045770878358728284e-01,-2.612859456044613676e-04,2.445867097075327817e-03
7.306803950529507574e+02,3.311732905828645244e+02,4.165546321381279893e-01,-4.623769985471426697e-04,1.222983294409439722e-03
7.511929493320968731e+02,3.316560658782731252e+02,4.669488101229898325e-01,-1.207639154062301046e-03,2.069927068702014615e-03
7.722813571388642231e+02,3.312439342311791961e+02,5.536960463652034203e-01,-1.179408681788540834e-03,1.992447892852554532e-03
7.939617845382275618e+02,3.315051426213211698e+02,7.413756660290752309e-01,-6.660221702446733399e-04,2.014649084337189009e-03
8.162508514287228536e+02,3.307941011251350574e+02,1.884596717454674053e+00,-4.310553935688244071e-04,1.319368265523099184e-03
8.391656442830161495e+02,3.316657734613864932e+02,4.674211876241746721e-01,-1.301416782803332907e-03,1.025689023044840326e-03
8.627237292461450124e+02,3.314282973413086779e+02,5.007234939548270702e-01,-5.978894766116571446e-04,1.535357240510391115e-03
8.869431656014704686e+02,3.311300115289836299e+02,6.559125183935988757e-01,-1.956022083395403508e-04,1.873910450953908879e-03
9.118425196146571352e+02,3.312524394288835765e+02,4.201043766032604432e-01,-5.920108518687961169e-04,9.139726314884595972e-04
9.374408787662999885e+02,3.312654091825578462e+02,3.558443253549616325e-01,-1.880642100665852413e-04,1.535588270630558602e-03
9.637578663841088655e+02,3.316815941977663442e+02,6.955017297173500257e-01,-1.606439080437205378e-03,1.813830221104554587e-03
9.908136566858665901e+02,3.314125021861516984e+02,6.066283984356863890e-01,-1.185912905511354821e-03,1.250009233157126044e-03
1.018628990244687543e+03,3.317871254454545351e+02,5.237101184021144551e-01,-1.046184706375230576e-03,1.825535258119351722e-03
1.047225189888434443e+03,3.315695700193795687e+02,3.573701727035861198e-01,-3.762915580299619261e-04,2.041011454740550464e-03
1.076624177045493298e+03,3.312758578204563378e+02,6.902744958620297133e-01,-1.839536154145626724e-03,1.991544142730584336e-03
1.106848488549411968e+03,3.309523279416475816e+02,1.877979134759353075e+00,-3.403126711614401327e-03,7.050161539858219861e-03
1.137921293915315118e+03,3.316526283671624924e+02,3.959309392698218133e-01,-2.817895447715246336e-03,1.289906915496224138e-03
1.169866413101306989e+03,3.314368544948503086e+02,4.921837166249887763e-01,-1.459239950592827739e-03,7.301721370084956553e-04
1.202708334768512032e+03,3.324349447545855014e+02,2.030661224717138058e+00,-1.914401230087037133e-03,2.118098820959852732e-03
1.236472235053714940e+03,3.315860686000854116e+02,4.923881684594067498e-01,-2.044466466450600792e-03,1.394594692461248583e-03
1.271183996869028761e+03,3.315228047850733333e+02,4.718308336564124850e-01,-2.893446644500263960e-03,1.183570296122047781e-03
1.306870229743346272e+03,3.309635252898020781e+02,2.044680912785402427e+00,-2.173311794990251508e-04,7.277499384837460283e-03
1.343558290220826166e+03,3.316222015163090759e+02,7.592633184781514277e-01,-8.168298623275838327e-04,1.505238078588816766e-03
1.381276302832009378e+03,3.321181862841920065e+02,7.834828481829979596e-01,-3.248094703778869798e-03,2.158689802836397283e-03
1.420053181653683168e+03,3.316146481542704123e+02,6.879584157642039122e-01,-1.942766786454175288e-03,1.162386990493056776e-03
1.459918652473978682e+03,3.317411490873686830e+02,7.568979133923203761e-01,-1.909867363197381663e-03,2.079736248191417503e-03
1.500903275579736601e+03,3.319066348245285667e+02,6.461459880387516730e-01,-2.784956390397219650e-03,1.353025334379147522e-03
1.543038469183564530e+03,3.321948185979769050e+02,6.024980395797112642e-01,-2.659281190651574707e-03,1.805378939085140440e-03
1.586356533508589564e+03,3.321659361573804858e+02,8.130449809378238468e-01,-2.088918353048940715e-03,9.761403798081617162e-04
1.630890675549332627e+03,3.322756966864443484e+02,4.730589447887127985e-01,-3.583302484768591169e-03,1.671076555526555384e-03
1.676675034527699154e+03,3.322143647437932259e+02,5.706642755046442694e-01,-2.662989755151023898e-03,1.794346661012534904e-03
1.723744708063619782e+03,3.321949261802205910e+02,5.100611260701289895e-01,-2.216856005642497875e-03,1.304856664759213459e-03
1.772135779080358361e+03,3.325575843415903137e+02,7.024490628467472408e-01,-3.163119341589260176e-03,2.170352093921738834e-03
1.821885343465167125e+03,3.312853245397826640e+02,2.106937261004219852e+00,-4.093143079421901823e-03,4.185007418839242939e-03
1.873031538506436618e+03,3.326370249585273200e+02,7.840170828670063319e-01,-4.062082719482473445e-03,2.816278527470404778e-03
1.925613572129198701e+03,3.324414607370687804e+02,6.650410883382212868e-01,-4.154259427092465984e-03,1.233166878628954482e-03
1.979671752951332564e+03,3.324021887561410722e+02,6.141310059626888807e-01,-4.332748691464649408e-03,1.350664671188731014e-03
2.035247521183577874e+03,3.327047244293409562e+02,5.417495309061561848e-01,-3.900225663082635026e-03,2.502079056950472051e-03
2.092383480396977120e+03,3.326280688049101855e+02,5.530918691974011647e-01,-3.270327092122160551e-03,1.665988176044118710e-03
2.151123430182167340e+03,3.327835869115220930e+02,4.472012840788779919e-01,-3.705717701327726661e-03,2.174946605710348282e-03
2.211512399725488649e+03,3.338512998441973423e+02,2.640921290085174178e+00,-3.188029171881012671e-03,2.034463775025545287e-03
2.273596682327717645e+03,3.328863519904643340e+02,6.708741928853297898e-01,-6.375052130893887718e-03,1.345540376727552036e-03
2.337423870891815113e+03,3.327397362917513419e+02,5.753293250808179105e-01,-4.125640999709911938e-03,1.427314521990335344e-03
2.403042894406969481e+03,3.332076348840305968e+02,7.587037353664982664e-01,-5.359362180391169343e-03,2.260842079165934979e-03
2.470504055456825427e+03,3.334694533911944632e+02,8.949180847741127209e-01,-5.287639203003280212e-03,1.514254370019574476e-03
2.539859068780726375e+03,3.340971291796741980e+02,2.472981371201437018e+00,-9.783825830785053065e-03,7.892857291772628278e-03
2.611161100917459407e+03,3.336702944728306193e+02,6.308244446082375001e-01,-5.910008420479106843e-03,2.465289794933860773e-03
2.684464810961962485e+03,3.335707961357873046e+02,7.315468859580314120e-01,-6.777795600017011424e-03,2.248926471622332383e-03
2.759826392466180550e+03,3.339494519154382033e+02,4.862238647398509084e-01,-7.737784182798179526e-03,2.783524762885492519e-03
2.837303616516211605e+03,3.340188139123029032e+02,5.165381354813908255e-01,-7.889854387208660932e-03,2.125507686389685544e-03
2.916955876018796062e+03,3.339198067198340709e+02,6.053516166342675087e-01,-8.238654398042211807e-03,1.860312699696811808e-03
2.998844231231027607e+03,3.341403464559714962e+02,7.781044987416709802e-01,-8.400714521029107110e-03,3.263129032005262619e-03
3.083031456568277008e+03,3.337457698318740995e+02,5.370689188075996601e-01,-1.027126617554854383e-02,1.240101090603147344e-03
3.169582088726115217e+03,3.347896014058778178e+02,5.528566787949439343e-01,-9.754437738424126883e-03,1.296161441234945817e-03
3.258562476153226271e+03,3.343134739188623143e+02,9.884543407247162738e-01,-9.339933200080396611e-03,1.717744427477552703e-03
3.350040829913132711e+03,3.342517766874137806e+02,1.097883130940193741e+00,-1.026042107387943256e-02,5.031995135396617573e-03
3.444087275973823580e+03,3.350049649434432695e+02,7.075548008630319075e-01,-1.143191203230480360e-02,2.834723563005668058e-03
3.540773908965269584e+03,3.349841617048351736e+02,1.425757384727361243e+00,-1.424540011679047494e-02,3.246966648648971776e-03
3.640174847446141484e+03,3.346263482487390775e+02,6.454155151380497335e-01,-1.266269720852961599e-02,2.850367065166962456e-03
3.742366290721980931e+03,3.353498214982208765e+02,7.536203114193371633e-01,-1.429169519456072700e-02,2.983927814852786308e-03
3.847426577258505858e+03,3.349968174050360972e+02,8.877482336805103680e-01,-1.425701279960276367e-02,1.087078194908509257e-03
3.955436244734701631e+03,3.355672664499438724e+02,7.327355287942672879e-01,-1.538310191266960628e-02,1.894663168428714975e-03
4.066478091781857984e+03,3.353641635669499124e+02,7.075266838807428016e-01,-1.586209577238815310e-02,1.901264299040890523e-03
4.180637241455758158e+03,3.357888881040598221e+02,5.350342946470044714e-01,-1.661938806699905097e-02,2.689242614138164476e-03
4.298001206490798722e+03,3.355177043092583631e+02,6.012805682453414846e-01,-1.922076146230065202e-02,1.895516085183075088e-03
4.418659956385941769e+03,3.361563129031802646e+02,7.968047822750700115e-01,-1.862541061480222845e-02,2.542312917445342484e-03
4.542705986374043277e+03,3.357016995808702404e+02,7.687233752348486826e-01,-1.987043830887023216e-02,2.551577246630762439e-03
4.670234388327335182e+03,3.362142858011706039e+02,9.752068844798948977e-01,-2.078927907282590581e-02,1.653800946174279309e-03
4.801342923653450271e+03,3.370140858832064055e+02,9.741287071290826161e-01,-2.323938985323286202e-02,2.099241020828129974e-03
4.936132098237916580e+03,3.367707060808230608e+02,1.089429005105019943e+00,-2.255405906578933362e-02,1.927288788704460774e-03
5.074705239490465829e+03,3.368277819458101021e+02,7.771998360140441875e-01,-2.432817454402012164e-02,1.814340726875379554e-03
5.217168575554349445e+03,3.368500927747840024e+02,5.999643557774771985e-01,-2.724050955039620733e-02,3.073041852116525224e-03
5.363631316739239992e+03,3.368739806701805151e+02,6.325432653326051868e-01,-2.717722791856212045e-02,2.736017985071863799e-03
5.514205739240302137e+03,3.375409390789453710e+02,5.283574365612241364e-01,-2.880506784103063073e-02,2.188717173064885519e-03
5.669007271207434314e+03,3.379263580857979719e+02,2.650844961362219365e+00,-3.109166952887880767e-02,6.224839536995247120e-03
5.828154581230845906e+03,3.374481817760303102e+02,1.011708100902853236e+00,-2.879954159272855169e-02,4.502067056180756449e-03
5.991769669310619065e+03,3.375436699872174700e+02,1.242097972519938809e+00,-3.213380861900052426e-02,3.644316325520191840e-03
6.159977960380168952e+03,3.372949473658019315e+02,1.430456677158546075e+00,-3.558781466227935869e-02,3.450241909199965474e-03
6.332908400455115043e+03,3.375838747478505866e+02,4.461280778188148055e-01,-3.512140637979323937e-02,2.561980020043791439e-03
6.510693555481460862e+03,3.378117783807178967e+02,1.054633351273861264e+00,-3.848342186522568653e-02,1.958570823205279306e-03
6.693469712958661148e+03,3.382180827751154766e+02,9.987862201777685245e-01,-3.852220972521429310e-02,3.156760169836170509e-03
6.881376986415670217e+03,3.378194942839734267e+02,5.714564321900630350e-01,-4.020393744209686815e-02,2.929845664750930015e-03
7.074559422819878819e+03,3.377685965163006472e+02,1.080226994080603076e+00,-4.273839869988007439e-02,1.764841595530861236e-03
7.273165113001454301e+03,3.380211416210201492e+02,8.806202434950626268e-01,-4.493479489711620090e-02,2.270908035085677287e-03
7.477346305177587965e+03,3.375682453717721501e+02,1.550257827616778661e+00,-4.468122273000205841e-02,4.343982550066630838e-03
7.687259521663728265e+03,3.377974601011902109e+02,6.304693370075742376e-01,-4.642061850919323301e-02,2.364447924058036676e-03
7.903065678861347806e+03,3.381114740159154621e+02,8.851379222617562492e-01,-4.937945307269697715e-02,2.613444290087231937e-03
8.124930210614047610e+03,3.380106513712763672e+02,1.160621934951675538e+00,-5.101050101204882697e-02,2.708400443224279891e-03
8.353023195026778922e+03,3.378030113405208681e+02,8.919853812799860560e-01,-5.362128989948566904e-02,2.558286736850857133e-03
8.587519484845170155e+03,3.379420334652781435e+02,8.447069952995920339e-01,-5.601787441036045617e-02,2.995633859179551873e-03
8.828598841495149827e+03,3.378074976165361250e+02,7.317528756092833708e-01,-5.856400892160928962e-02,3.407201890435811783e-03
9.076446072885357353e+03,3.377117401221704540e+02,7.084246649839229804e-01,-5.953930163106350981e-02,2.209492557108203286e-03
9.331251175078250526e+03,3.375264898327032483e+02,1.190935826012985643e+00,-6.370433309527068211e-02,3.142777667346222797e-03
9.593209477938240525e+03,3.380588466245591803e+02,7.844416158020065533e-01,-6.405498779517793118e-02,2.812111850308392225e-03
9.862521794868784127e+03,3.375208140083599346e+02,7.756796294657727353e-01,-6.825196766998127551e-02,1.785051048700103801e-03
1.013939457675291669e+04,3.377062889133254657e+02,1.244118733241217356e+00,-7.072356214119399076e-02,3.167468313223154985e-03
1.042404007021557845e+04,3.379605807245923756e+02,1.258854294616366776e+00,-7.127048583775100199e-02,3.240899929948145609e-03
1.071667648032864417e+04,3.373250267132083309e+02,8.488320202989618757e-01,-7.605738094982950059e-02,2.139802418799779688e-03
1.101752813788387357e+04,3.377741138216850914e+02,8.599664910355764302e-01,-7.796953691471450454e-02,3.556962226504014214e-03
1.132682567136153739e+04,3.375714367929161881e+02,1.214629373729514406e+00,-7.927040599132464949e-02,2.865755414691283261e-03
1.164480618372685421e+04,3.372649061531368488e+02,1.107963478352118614e+00,-8.090007828389964017e-02,2.140639763480793080e-03
1.197171343418965625e+04,3.371995324807493830e+02,9.925285316954827186e-01,-8.627893598447093637e-02,1.976913935179602441e-03
1.230779802506663327e+04,3.370653882350194976e+02,8.018085881005836413e-01,-8.597185214076379089e-02,2.674404782183780870e-03
1.265331759388942919e+04,3.367443539611257961e+02,9.150542164472879048e-01,-8.960280090096066352e-02,2.020122774476748855e-03
1.300853701090570576e+04,3.372120836468013181e+02,1.144042532141870350e+00,-9.089702981484912292e-02,2.690682256742335954e-03
1.337372858212497704e+04,3.366790574692269047e+02,9.411927431374720321e-01,-9.524207703469347863e-02,3.309034158044885966e-03
1.374917225806420538e+04,3.361358213070964212e+02,1.036004235198763945e+00,-9.653827805683082297e-02,3.031670756589547721e-03
1.413515584835395748e+04,3.359447721507092410e+02,1.191396627584110801e+00,-9.992733487173026397e-02,2.300145954462361544e-03
1.453197524236895333e+04,3.362656551783607597e+02,8.424486970497830907e-01,-1.029812129458045344e-01,2.956000246447941342e-03
1.493993463605256147e+04,3.364776777212538832e+02,1.244708591679826171e+00,-1.057767511640375080e-01,2.813667986024893410e-03
1.535934676510895406e+04,3.358337620736887743e+02,1.397821631732877323e+00,-1.078194044140223795e-01,3.300719193516178478e-03
1.579053314474175750e+04,3.355445985020901389e+02,8.825451596077593663e-01,-1.121952836313165613e-01,2.900065969177119049e-03
1.623382431612278197e+04,3.352658274234626106e+02,1.327234136145353238e+00,-1.168292981341250147e-01,2.175657112747351931e-03
1.668956009978026486e+04,3.359398167412519456e+02,1.061027409680345590e+00,-1.170070439517238159e-01,5.182617708163374769e-03
1.715808985610006494e+04,3.351164321164274611e+02,8.069523721434991304e-01,-1.209833279572241904e-01,2.823055889502608818e-03
1.763977275314045255e+04,3.344225796140294733e+02,1.124140695488123676e+00,-1.253087659142228250e-01,2.837684545204722988e-03
1.813497804196495417e+04,3.341689534779255268e+02,1.356365087008789327e+00,-1.275273597541774218e-01,2.401149854575843241e-03
1.864408533970485223e+04,3.346637842791479898e+02,1.020811209056964763e+00,-1.326113717574006756e-01,2.713572380968857622e-03
1.916748492056813120e+04,3.342462712461498882e+02,9.483544640236191148e-01,-1.345943301697288264e-01,3.618980540143252114e-03
1.970557801501800350e+04,3.335367564897849206e+02,1.322670005209248156e+00,-1.385280276726261750e-01,4.112430182998998152e-03
2.025877711735017147e+04,3.331392049014793884e+02,1.558386421121584098e+00,-1.424277490296518012e-01,2.923434405356690850e-03
2.082750630190514494e+04,3.335666875142040908e+02,1.219723644184177225e+00,-1.483603419904627463e-01,4.066933219495646491e-03
2.141220154815731439e+04,3.332404579851732365e+02,1.663357238115339198e+00,-1.512365700143485925e-01,5.488544013887833306e-03
2.201331107493032323e+04,3.327362592791424731e+02,1.522932960241177192e+00,-1.554723629546393426e-01,4.370986272673750214e-03
2.263129568399529671e+04,3.326477650086401354e+02,1.265266236879337702e+00,-1.585547458093393980e-01,3.429160804530076781e-03
2.326662911331457872e+04,3.328165587661830500e+02,2.101062017073584975e+00,-1.648817311602431279e-01,4.203561754902140554e-03
2.391979840020237316e+04,3.315375394684712091e+02,1.132071385253947904e+00,-1.684662287158620320e-01,3.409729809691425684e-03
2.459130425468041358e+04,3.320297260596079241e+02,8.457154049614006297e-01,-1.749784469269229648e-01,4.140157317563074139e-03
2.528166144331500618e+04,3.318757943004174535e+02,1.179420603650608079e+00,-1.768978564100523732e-01,5.410905653452277239e-03
2.599139918382932956e+04,3.312612488839112075e+02,1.152423909540894575e+00,-1.838124235978337295e-01,3.191182556735350402e-03
2.672106155079438031e+04,3.313401907989320421e+02,1.229192634858322641e+00,-1.886515213431683990e-01,3.300351517585851761e-03
2.747120789270814566e+04,3.299142848943479294e+02,1.683497263704493596e+00,-1.918556355780813016e-01,5.184860482084004130e-03
2.824241326078435668e+04,3.301859709431968213e+02,1.441998557205444564e+00,-1.981792686568682460e-01,3.845014213549322653e-03
2.903526884977813825e+04,3.292128052966305631e+02,9.497216221911246592e-01,-2.029581108924058408e-01,5.965640576441704618e-03
2.985038245118729537e+04,3.288629559148353678e+02,2.141223988775339926e+00,-2.095872891081442257e-01,7.742190018197656412e-03
3.068837891917638990e+04,3.295667661124613801e+02,1.083003183476925368e+00,-2.127619921770126099e-01,4.381914479251423911e-03
3.154990064958088624e+04,3.281552844981503654e+02,1.397550787479719725e+00,-2.214524016953548780e-01,5.760207286771602819e-03
3.243560807235811444e+04,3.272754229890462625e+02,1.304102204689840283e+00,-2.244122875705397979e-01,7.118954059857014564e-03
3.334618015786362957e+04,3.270604337119567049e+02,1.297551857177662082e+00,-2.336553087035875831e-01,5.081352487703886742e-03
3.428231493733973912e+04,3.270568417305797198e+02,1.042223177047693072e+00,-2.370182930969439994e-01,4.302409187450424201e-03
3.524473003801587765e+04,3.269599812834514978e+02,1.028057325435851599e+00,-2.399255581938400383e-01,3.244619215903304585e-03
3.623416323323149845e+04,3.256428224731326964e+02,1.608306259804062055e+00,-2.497397267428150547e-01,6.069832654690369457e-03
3.725137300800209778e+04,3.261477233463206176e+02,1.513235362335001888e+00,-2.591366794826131525e-01,7.021951457243986831e-03
3.829713914046277205e+04,3.246272132728811926e+02,1.481864844815317328e+00,-2.628822634125057012e-01,4.947025106239105914e-03
3.937226329963475291e+04,3.246455365328070570e+02,1.493233261389058653e+00,-2.673278912136308749e-01,3.360862503957277869e-03
4.047756965997322550e+04,3.231117391835224453e+02,1.584934201604081938e+00,-2.818150691427403487e-01,4.491800907552251018e-03
4.161390553316706792e+04,3.231921602359251438e+02,1.798740857402758353e+00,-2.831780790633132705e-01,5.039271009393884657e-03
4.278214201767621853e+04,3.216252865188090482e+02,1.471281228430060262e+00,-2.926534865007123232e-01,5.072589801313952436e-03
4.398317466650228016e+04,3.213726846112871272e+02,1.080559829732747001e+00,-3.026860783736242677e-01,6.539002162196799750e-03
4.521792417370701878e+04,3.204745896425746423e+02,2.407179583981891025e+00,-3.097387901404570210e-01,4.804521948845866426e-03
4.648733708020256745e+04,3.195418755966057915e+02,3.021731699593233955e+00,-3.192987685840439349e-01,7.494938976420146594e-03
4.779238649935594731e+04,3.185823736663390378e+02,3.670520745300017929e+00,-3.262219860310643371e-01,8.440723796795512185e-03
4.913407286296357051e+04,3.181485821319145089e+02,2.141719718061620092e+00,-3.319934160203842355e-01,6.527668256999563483e-03
5.051342468816766632e+04,3.173225196074746464e+02,1.869143422029801771e+00,-3.437684269124776648e-01,9.771899767099479980e-03
5.193149936590212019e+04,3.167245414268716672e+02,1.852360625880556944e+00,-3.460243527712295597e-01,4.590390913780833734e-03
5.338938397147360956e+04,3.151783031563478517e+02,2.074610003798649238e+00,-3.652262169651647183e-01,5.571008546729729755e-03
5.488819609789676906e+04,3.144039496093982393e+02,2.305282912463470169e+00,-3.649973786389840158e-01,6.489022877701823219e-03
5.642908471262542298e+04,3.133455645448838709e+02,2.187660151771421813e+00,-3.805486445804370788e-01,8.012672618212075479e-03
5.801323103833378264e+04,3.112901437305300760e+02,3.658631414011917826e+00,-3.911857167787613498e-01,1.007786346476122370e-02
5.964184945842460002e+04,3.098056089878925832e+02,1.934237978523687618e+00,-3.946781835256455429e-01,1.302641262005794359e-02
6.131618844795769110e+04,3.083851724199766977e+02,3.001477551309144065e+00,-4.125656483917308215e-01,1.177721628775953502e-02
6.303753153071268753e+04,3.112108724394574892e+02,2.297414696469477047e+00,-4.132474722180342619e-01,7.024697380799034552e-03
6.480719826311970974e+04,3.063297006653459675e+02,3.827894731829551311e+00,-4.243480042738904112e-01,1.134195713772495617e-02
6.662654524581150326e+04,3.060014203653879576e+02,2.387220974110479510e+00,-4.358414098201448539e-01,1.076021151064688111e-02
6.849696716357453261e+04,3.049527164051029331e+02,3.017329782162044616e+00,-4.528923299159490767e-01,8.600030982915653210e-03
7.041989785449295596e+04,3.000777517601859472e+02,3.020437239384548889e+00,-4.580787178659967429e-01,1.236768224886763794e-02
7.239681140910876275e+04,3.010821401010431373e+02,2.157512271031408080e+00,-4.732746243813639175e-01,9.536490256450983610e-03
7.442922330043757393e+04,2.973648816143839895e+02,1.543970877029937405e+00,-4.808573084700828448e-01,1.049833891337975320e-02
7.651869154570817773e+04,2.970931387599807181e+02,2.874116555588028810e+00,-4.980172892861004508e-01,1.107541894018562213e-02
7.866681790071574505e+04,2.955561153649019843e+02,3.628246821506458719e+00,-5.086823365890601467e-01,1.137813971667504982e-02
8.087524908770457841e+04,2.934661450450804523e+02,3.332238829084873899e+00,-5.232566257977639967e-01,1.648369001710026094e-02
8.314567805772063730e+04,2.909473375030771649e+02,4.141731402295373954e+00,-5.287277737651197018e-01,1.643990718931240963e-02
8.547984528840421990e+04,2.877626620363729444e+02,2.808461239714856283e+00,-5.413966971012798002e-01,1.403284845811725474e-02
8.787954011821327731e+04,2.866636658904870956e+02,3.944455659007978898e+00,-5.513760356429421305e-01,1.230279590980631541e-02
9.034660211810533656e+04,2.838871848375853233e+02,3.311095455002772692e+00,-5.706850305090728215e-01,1.364945913338297748e-02
9.288292250172498461e+04,2.817562890501359902e+02,2.702222260255196851e+00,-5.858984587254230103e-01,1.326015612683579918e-02
9.549044557518078364e+04,2.813061174381635396e+02,3.991899874689499139e+00,-5.959971321845886072e-01,1.054382216522932805e-02
9.817117022752182675e+04,2.766673096044629574e+02,3.507578676145544083e+00,-6.113804371503176460e-01,1.493481801880070306e-02
1.009271514630571764e+05,2.776020933125646479e+02,3.349758622858526103e+00,-6.183181695641450926e-01,1.014343681313078539e-02
1.037605019766911719e+05,2.714850493467778279e+02,4.863954565995373791e+00,-6.302060274963505737e-01,1.434802839377200510e-02
1.066733937734857027e+05,2.691736493984594745e+02,3.365531013484380995e+00,-6.433664176429017001e-01,1.315559936066550660e-02
1.096680598336867406e+05,2.684075698016526985e+02,3.564055632834596032e+00,-6.503141095861251220e-01,1.343438943240687217e-02
1.127467958244947222e+05,2.628933985456314986e+02,4.690971315404997455e+00,-6.814400251217204163e-01,1.249315903891611880e-02
1.159119618598885718e+05,2.625313000187524040e+02,4.259509548850917149e+00,-6.881585905617801924e-01,1.481527521304271643e-02
1.191659843098558777e+05,2.564768292139111736e+02,3.903880668970602930e+00,-7.049953902927657001e-01,2.397797053517570012e-02
1.225113576604117698e+05,2.533042760478691946e+02,2.725479747250188378e+00,-7.273962740291597395e-01,2.000590529188664424e-02
1.259506464258358901e+05,2.525148026256650553e+02,4.591025857561095158e+00,-7.279541309565304985e-01,7.574899414994984079e-03
1.294864871145904908e+05,2.513699729928973738e+02,4.485134168365168428e+00,-7.563514497648432533e-01,8.426927469323265002e-03
1.331215902504307742e+05,2.459243713804480080e+02,4.607461772018569768e+00,-7.496037487865200299e-01,1.633141763116030890e-02
1.368587424502517679e+05,2.427341383396606034e+02,4.140246467631178540e+00,-7.760161784960591946e-01,1.874261892634536061e-02
1.407008085602686333e+05,2.422055103844313635e+02,1.674503915256987829e+00,-7.894419812596622510e-01,1.484202659579425716e-02
1.446507338521647034e+05,2.371707154039976047e+02,3.320441870858666711e+00,-7.882173196129592663e-01,1.537994651629027466e-02
1.487115462808953889e+05,2.328315206223780933e+02,3.379203792046765464e+00,-8.188123501049098252e-01,1.278140257459921096e-02
1.528863588058729365e+05,2.302974720365340602e+02,4.154761122828654507e+00,-8.231786296062466590e-01,1.360041560593508447e-02
1.571783717773161188e+05,2.265660992313476640e+02,5.177363957268011241e+00,-8.500185001858259204e-01,1.845518714963206852e-02
1.615908753895919072e+05,2.225587844930018377e+02,3.283853924244851896e+00,-8.558345053859304219e-01,1.688406456038278949e-02
1.661272522034292924e+05,2.178753428392734293e+02,3.118174694960203386e+00,-8.698307504907717425e-01,2.089704270343401699e-02
1.707909797389426967e+05,2.154331745654842507e+02,3.164453655885226979e+00,-8.880224883072859177e-01,1.985152229608670715e-02
1.755856331414467131e+05,2.103125266896214782e+02,4.205410226855445188e+00,-9.025894021890309427e-01,2.068200312924707920e-02
1.805148879221109964e+05,2.091512824762273794e+02,1.772296584858271462e+00,-9.137940294229149885e-01,1.845054731298018114e-02
1.855825227755518863e+05,2.042120993513409815e+02,4.091506153466733409e+00,-9.275718564703083757e-01,1.567580308735022285e-02
1.907924224765264953e+05,2.013264095041403721e+02,3.729839879200546271e+00,-9.398173370642837199e-01,1.838894638953509839e-02
1.961485808579429286e+05,1.974669801407240755e+02,4.292235957996632045e+00,-9.532760091027400184e-01,2.295874989299027252e-02
2.016551038724748651e+05,1.935627415301644874e+02,2.027797852377597021e+00,-9.742627411912538893e-01,1.726855540468319114e-02
2.073162127401231264e+05,1.902242379268767252e+02,2.561299507327014169e+00,-9.728208190136176103e-01,1.274267443235015985e-02
2.131362471841437509e+05,1.864143003658654436e+02,2.922076604145479539e+00,-9.936754888818848386e-01,1.262302655543334762e-02
2.191196687578147394e+05,1.838677124370264551e+02,3.056232893972090636e+00,-1.015337168546593727e+00,1.430416683918626572e-02
2.252710642645982734e+05,1.801366547990401159e+02,2.620325008691662294e+00,-1.020036554042096588e+00,2.176289332486313136e-02
2.315951492743154522e+05,1.762444697456042775e+02,3.508307034404070546e+00,-1.022359554033539064e+00,1.659256897230814223e-02
2.380967717380358372e+05,1.737400065868216643e+02,2.534420537481509417e+00,-1.043800316251070281e+00,1.463326733524581737e-02
2.447809157044440217e+05,1.696780535930289489e+02,2.641395694433605001e+00,-1.061539561096703332e+00,1.361421164303961394e-02
2.516527051405388920e+05,1.678795811052554541e+02,2.822427422644535611e+00,-1.083792066238686846e+00,2.965261874759086980e-02
2.587174078595923784e+05,1.623924120974972141e+02,2.121818886328290077e+00,-1.086482792881285242e+00,1.613895299989450902e-02
2.659804395593758672e+05,1.599808152720153487e+02,3.944892745050289751e+00,-1.089287376117807682e+00,1.851068914742999214e-02
2.734473679737579660e+05,1.548705253392931240e+02,2.611139056430856975e+00,-1.112098396047206172e+00,2.211161484310937911e-02
2.811239171408461407e+05,1.527392018667104026e+02,3.039177320024197826e+00,-1.119180910138869001e+00,1.791628286059247441e-02
2.890159717909511528e+05,1.490489429198513562e+02,3.186492582665369611e+00,-1.119409690671984148e+00,1.303355144856228193e-02
2.971295818577334285e+05,1.479364250460883170e+02,4.087980595327718625e+00,-1.149197697326377554e+00,2.499353236392651278e-02
3.054709671159968129e+05,1.420323798067186658e+02,2.201621080523984642e+00,-1.152008479032556876e+00,1.176123328550460027e-02
3.140465219496748759e+05,1.405636412202890710e+02,2.571696907935708154e+00,-1.175386274441770906e+00,1.375407440008261442e-02
3.228628202536733588e+05,1.365749683986468312e+02,3.099681581343604719e+00,-1.177148437978707829e+00,1.949391189151819873e-02
3.319266204733189661e+05,1.333430526742601501e+02,2.137042574383724691e+00,-1.194113995472913192e+00,2.247424314410443810e-02
3.412448707852889202e+05,1.297262191951133445e+02,2.153431229418934834e+00,-1.200728213646842457e+00,1.812408780356090932e-02
3.508247144239788759e+05,1.266832416499044740e+02,2.289214634742385179e+00,-1.207850518024677022e+00,2.173071060683270592e-02
3.606734951574031729e+05,1.245310078029245631e+02,3.365193475828146763e+00,-1.228643153396081766e+00,2.817335757824163470e-02
3.707987629168172716e+05,1.195473989836837916e+02,3.575318104232781291e+00,-1.222206436528992857e+00,2.260581101082589917e-02
3.812082795843887725e+05,1.184035792139320904e+02,3.905683041413596790e+00,-1.231585478084250784e+00,2.337065887659309921e-02
3.919100249433402205e+05,1.142661737830070905e+02,2.878328327913260765e+00,-1.245459109689861288e+00,2.645079385407665337e-02
4.029122027951352065e+05,1.118587966353452430e+02,2.160294620509209729e+00,-1.266898703547990390e+00,2.665781978896718252e-02
4.142232472483898164e+05,1.079698335947185797e+02,1.924985076766104308e+00,-1.279597575802683185e+00,1.981862357216294945e-02
4.258518291843414772e+05,1.063734571657848420e+02,1.934991366445362626e+00,-1.261330349594459221e+00,2.981816798873756016e-02
4.378068629038166255e+05,1.031799124093583515e+02,1.989769315977697683e+00,-1.271252305731162657e+00,2.209467952275382882e-02
4.500975129608042189e+05,1.030094484025898964e+02,1.621291114326898208e+00,-1.289647209402001504e+00,2.152561884712892240e-02
4.627332011878693593e+05,9.851406915474709081e+01,1.904128723103594822e+00,-1.294942351308615347e+00,1.650009169832311953e-02
4.757236139187889639e+05,9.701172299745144301e+01,2.127605673095513517e+00,-1.308002130213718806e+00,2.178205115690399693e-02
4.890787094139590045e+05,9.397028529602224012e+01,2.132537464469920430e+00,-1.326506420703021494e+00,3.543757565265744786e-02
5.028087254942475120e+05,9.313069722148586038e+01,2.189545241627307348e+00,-1.318323600056276579e+00,3.036899022521928962e-02
5.169241873891603900e+05,8.925099411051148479e+01,1.730922734174309641e+00,-1.327777486000778939e+00,3.152715945298160960e-02
5.314359158053240972e+05,8.561719664856080669e+01,1.633890671042955489e+00,-1.334248887000288430e+00,1.957416039871506808e-02
5.463550352214876330e+05,8.588245875347340075e+01,2.116978868682980242e+00,-1.352137966010834358e+00,2.214044548823968644e-02
5.616929824163804296e+05,8.263698449323743489e+01,2.285205777731750043e+00,-1.356065422174890678e+00,3.369888854947579448e-02
5.774615152359826025e+05,8.075998000861351045e+01,1.832717317172178673e+00,-1.358715536859366413e+00,2.295106539139334795e-02
5.936727216069126735e+05,7.743093842146524253e+01,1.688676797244756722e+00,-1.367450844859101178e+00,2.466608084851691987e-02
6.103390288028621580e+05,7.702933065275557567e+01,1.452140988631296370e+00,-1.373275693249172313e+00,2.770019151879804867e-02
6.274732129711575108e+05,7.385351846672983811e+01,1.960152952679045324e+00,-1.376248087023393518e+00,1.213220339339682319e-02
6.450884089267699746e+05,7.273766365613120399e+01,1.627437297584141129e+00,-1.404350577241263220e+00,2.058201286111827413e-02
6.631981202212675707e+05,7.112212097783060472e+01,1.553957181620904793e+00,-1.394369354842183384e+00,1.700232044462960876e-02
6.818162294944479363e+05,6.871219646124390579e+01,2.015673845435115297e+00,-1.400303420812161193e+00,2.880087063970443798e-02
7.009570091165617341e+05,6.678520236576062530e+01,2.109098792475474937e+00,-1.402313390533757254e+00,2.466468329722224656e-02
7.206351321293044602e+05,6.566111496076123899e+01,1.275756295729285172e+00,-1.406742641120775517e+00,1.741007665735427520e-02
7.408656834939568071e+05,6.340098553854037533e+01,1.501205046684157995e+00,-1.414088163446173052e+00,2.382618000318382709e-02
7.616641716552892467e+05,6.240760282310068163e+01,1.942228508696098865e+00,-1.416047503281370412e+00,2.563289625318547135e-02
7.830465404301183298e+05,6.023188216157397079e+01,1.593527683968183117e+00,-1.424469553177085235e+00,2.803149429651598593e-02
8.050291812295973068e+05,5.801100330658854176e+01,9.576118775753891255e-01,-1.428312960655478303e+00,1.895778176800142628e-02
8.276289456246352056e+05,5.652160004533831028e+01,1.492977733480851832e+00,-1.446258727029034574e+00,1.580272896554725179e-02
8.508631582640581764e+05,5.564885419079384121e+01,1.230787357705366070e+00,-1.437558458770983094e+00,2.121195942835842410e-02
8.747496301554415841e+05,5.395972090103887098e+01,1.374422431178486947e+00,-1.454581430027893862e+00,2.426472109455184156e-02
8.993066723187613534e+05,5.184449056879439155e+01,1.414153603834093609e+00,-1.454022277166296506e+00,2.208690552359529255e-02
9.245531098233580124e+05,4.977044807484399769e+01,9.471275788792469230e-01,-1.465704096809673063e+00,2.819323021952490835e-02
9.505082962189511163e+05,4.921058491764686238e+01,1.021877139211893271e+00,-1.457815908010639649e+00,2.142615431177065724e-02
9.771921283717997139e+05,4.877233785897960416e+01,1.176876125718282928e+00,-1.467981895469574249e+00,1.720374137184808166e-02
1.004625061717340257e+06,4.735478552516647710e+01,1.237321885244853981e+00,-1.478943609735949627e+00,3.576654348478781192e-02
1.032828125941029633e+06,4.559565488204052031e+01,1.126512979271814929e+00,-1.486668761241114467e+00,2.438332475997750243e-02
1.061822941099384567e+06,4.445635869930375605e+01,1.092899928356334538e+00,-1.485791885733708240e+00,3.033199411258604219e-02
1.091631734193614684e+06,4.340338950284966302e+01,8.731008099384811594e-01,-1.500546059532019694e+00,1.616360200822659909e-02
1.122277356208507204e+06,4.230568565951125493e+01,8.286449615570075089e-01,-1.499192518098325211e+00,1.711680869161103305e-02
1.153783299629659625e+06,4.070303610004229711e+01,7.313004179569205787e-01,-1.491062213157787086e+00,2.666229657969959588e-02
1.186173716452479130e+06,3.994418649505081476e+01,9.284338001180497679e-01,-1.516862788594436129e+00,2.038872620114799347e-02
1.219473436696738238e+06,3.854402832417672187e+01,5.330372077206120274e-01,-1.519066809486509184e+00,2.736561918095730545e-02
1.253707987440919736e+06,3.767741421128891943e+01,9.980649727799935089e-01,-1.512961873157583126e+00,2.671780901848919490e-02
1.288903612390891649e+06,3.695836089913535005e+01,1.149757875534316964e+00,-1.525748744404080925e+00,2.127784874508760124e-02
1.325087291997953784e+06,3.584370411111383703e+01,6.880418021807633844e-01,-1.533407809138467970e+00,1.831978832086936931e-02
1.362286764141646912e+06,3.459127198701243344e+01,8.873112365367400445e-01,-1.533196639734518252e+00,1.888662498797188949e-02
1.400530545393219683e+06,3.423801679833557188e+01,7.430741783924300625e-01,-1.543059836249119687e+00,2.429901280299386068e-02
1.439847952876006486e+06,3.323939463372831682e+01,7.776519611585085423e-01,-1.534439385211379570e+00,2.142314773841687975e-02
1.480269126739510102e+06,3.224321163940445700e+01,6.197483302686042084e-01,-1.539762691371501679e+00,1.550537445481452690e-02
1.521825053264386952e+06,3.123891143830633155e+01,6.021093861764624799e-01,-1.560758444469860562e+00,2.018630611880958478e-02
1.564547588616095716e+06,3.028668848150709181e+01,6.719969449937288619e-01,-1.562712237159310735e+00,1.749975237106012049e-02
1.608469483265355229e+06,2.975535188763459615e+01,4.977504604387513187e-01,-1.569541276139580166e+00,1.879866496581169416e-02
1.653624407094182214e+06,2.901719883683274404e+01,6.501268101685969691e-01,-1.572332139062187384e+00,2.004590232868322039e-02
1.700046975206718082e+06,2.793585762316887866e+01,7.002398176999922175e-01,-1.568322515351147972e+00,2.363722460154993668e-02
1.747772774464680813e+06,2.717089079617938552e+01,8.346003040596593481e-01,-1.578124327716125208e+00,2.049381108446571634e-02
1.796838390767719364e+06,2.641790486884651301e+01,6.359331500360692058e-01,-1.578159894257005202e+00,2.435854181840513624e-02
1.847281437099636067e+06,2.623243971907366046e+01,5.425936381960068111e-01,-1.597023494481392136e+00,2.019321730562706474e-02
1.899140582361935638e+06,2.515355440270268517e+01,4.424138740362665301e-01,-1.590271897866605055e+00,2.160325050275671219e-02
1.952455581016860902e+06,2.463690815760530484e+01,4.308465772426668949e-01,-1.598925272015685906e+00,1.989717847504628850e-02
2.007267303562568268e+06,2.375067355348402387e+01,6.783715809783775752e-01,-1.593887666305902950e+00,2.114125648587564937e-02
2.063617767863856629e+06,2.309440653419262190e+01,4.668066206658496586e-01,-1.611766233513689528e+00,1.223885050580235216e-02
2.121550171362452209e+06,2.227632801048293842e+01,2.266745454592435094e-01,-1.610503657661206400e+00,1.300740162176636759e-02
2.181108924191520084e+06,2.181584916938576058e+01,4.462379966283875898e-01,-1.630353250950491217e+00,1.949017636702485290e-02
2.242339683219844941e+06,2.153677461768161550e+01,3.791392156018079662e-01,-1.609516158612506631e+00,2.365176853838008020e-02
2.305289387051706202e+06,2.078895786966935333e+01,3.941383976934934030e-01,-1.632176501453677320e+00,1.115734120429975364e-02
2.370006292009330355e+06,2.009443488556319224e+01,4.559793940541511104e-01,-1.633143934108971962e+00,1.707578518948852514e-02
2.436540009125465993e+06,1.945953069135824620e+01,3.842932615965022891e-01,-1.623616263089588729e+00,1.146375819208854223e-02
2.504941542174502276e+06,1.904112926866481104e+01,2.607147560611868253e-01,-1.633744470637835233e+00,2.270205401782774204e-02
2.575263326771198772e+06,1.840849243987856454e+01,4.423018709165385531e-01,-1.633326765168326533e+00,1.365045038758213106e-02
2.647559270567069296e+06,1.799898006525797456e+01,3.536194091920384364e-01,-1.656704002064132597e+00,2.029497779573878613e-02
2.721884794575179461e+06,1.755065771846248168e+01,4.083941143672676355e-01,-1.638210398984539795e+00,2.565191254705999693e-02
2.798296875655116048e+06,1.727418875853306446e+01,3.943551808503348299e-01,-1.650296289893598001e+00,1.294111423264776919e-02
2.876854090190591291e+06,1.645660335827196974e+01,2.877048420772603810e-01,-1.660649387934638899e+00,1.186040090915964178e-02
2.957616658993256744e+06,1.621692704599956514e+01,3.440162229107785463e-01,-1.672386382629114321e+00,1.015087804339237509e-02
3.040646493467068765e+06,1.545048904211821039e+01,3.573246457877588544e-01,-1.665023618045506693e+00,1.684196535657897856e-02
3.126007243068703450e+06,1.520452509845740607e+01,2.396204757447110978e-01,-1.681962046464305915e+00,3.521942554085197297e-02
3.213764344100275543e+06,1.465514856809245181e+01,2.800419194384450861e-01,-1.679083290756674840e+00,1.430063105028772825e-02
3.303985069871854968e+06,1.442236134902834443e+01,3.110825708920380017e-01,-1.668744180793469978e+00,2.600591602467003036e-02
3.396738582272209693e+06,1.383189408515535845e+01,2.346384095254250846e-01,-1.680983559382395853e+00,2.192348784771998640e-02
3.492095984787271358e+06,1.350360405490110693e+01,2.163214140409980002e-01,-1.691770336482272041e+00,2.647586739070333789e-02
3.590130377007068601e+06,1.320087624149298833e+01,2.172926529330806433e-01,-1.709870876714010945e+00,3.553498548155934605e-02
3.690916910662774462e+06,1.291176467238920011e+01,2.438727842268486878e-01,-1.709190199803522603e+00,2.122504842979743359e-02
3.794532847236942034e+06,1.246273299889406694e+01,2.111378417838485622e-01,-1.724459695982176299e+00,1.463828115022101223e-02
3.901057617190993391e+06,1.229042502544819371e+01,2.228591214848818780e-01,-1.720588534411590986e+00,2.036255725360002974e-02
4.010572880855496041e+06,1.183556549031065330e+01,1.594127448647884027e-01,-1.731601607637897944e+00,1.555685288401863729e-02
4.123162591029748321e+06,1.135939896819226824e+01,3.343571373295118332e-01,-1.738727764359168093e+00,2.888668923017823770e-02
4.238913057338783517e+06,1.115012405039377086e+01,1.986834932977993018e-01,-1.756111577831097836e+00,2.398290883186585121e-02
4.357913012397029437e+06,1.065838557730699065e+01,2.792497976082903843e-01,-1.748120232603258328e+00,2.645184857393173897e-02
4.480253679829489440e+06,1.051577849922642827e+01,2.218067303448330863e-01,-1.750293737305825159e+00,2.129772832625084072e-02
4.606028844202398323e+06,1.025151647662818988e+01,2.281220080049643495e-01,-1.764653587107446908e+00,1.787578849936026504e-02
4.735334922917121090e+06,9.813090890882339323e+00,2.052673952077461172e-01,-1.768670762912286865e+00,2.140169112548975447e-02
4.868271040122283623e+06,9.796583680621457901e+00,2.264936049556880160e-01,-1.769567224040831332e+00,2.903849835046495853e-02
5.004939102700953372e+06,9.540595508074305897e+00,2.028359506987215399e-01,-1.782305368634388598e+00,1.933419448446076910e-02
5.145443878390924074e+06,9.222081117078605672e+00,2.314966885961342868e-01,-1.792950243171726132e+00,3.586157286325505900e-02
5.289893076098145917e+06,8.914472641549251009e+00,1.967248309198536271e-01,-1.801757589845794483e+00,1.780321725574642369e-02
5.438397428464801051e+06,8.780985576041260288e+00,2.247470362094175778e-01,-1.812288325431306690e+00,3.461559551775290205e-02
5.591070776755292900e+06,8.464052313202056865e+00,1.768176051761123635e-01,-1.822324050063433232e+00,3.829971489556201897e-02
5.748030158125351183e+06,8.245980403639951106e+00,1.270322997946305155e-01,-1.838617467859554822e+00,2.339506298860547992e-02
5.909395895340965129e+06,7.968198646940669150e+00,1.861550868038671369e-01,-1.845488541232118695e+00,2.659818129136997528e-02
6.075291689016077667e+06,7.753726790171829641e+00,1.784285614837686773e-01,-1.847723870880228159e+00,3.046335276535841116e-02
6.245844712439618073e+06,7.633393088283298766e+00,1.524365761913253070e-01,-1.853509924138933229e+00,3.207085299139679491e-02
6.421185709064758383e+06,7.229802926686614839e+00,1.537893571010919003e-01,-1.863164753048833999e+00,3.890462160954249321e-02
6.601449092734882608e+06,6.986286782767395565e+00,1.653716049829339896e-01,-1.862424334532027714e+00,2.632575896737279417e-02
6.786773050723302178e+06,6.898148322491806539e+00,1.425216763439851042e-01,-1.849769125458752272e+00,3.796281768091588904e-02
6.977299649665538222e+06,6.718733048708993572e+00,1.997613003151699484e-01,-1.886971055464699676e+00,3.475436244619491827e-02
7.173174944465612993e+06,6.413472643408264062e+00,2.631661994462167753e-01,-1.917889098039926354e+00,3.236341759903371001e-02
7.374549090259546414e+06,6.292336620808943515e+00,2.076000700770059826e-01,-1.926680064335220877e+00,5.919355250996378298e-02
7.581576457522117533e+06,6.066341498183222214e+00,2.029573422018120799e-01,-1.917826465911739664e+00,3.945508042437042423e-02
7.794415750404951163e+06,6.113424473151044758e+00,1.187184305179518062e-01,-1.922143183664686727e+00,4.525953565174905407e-02
8.013230128396886401e+06,5.714539725875296128e+00,3.213709693989500460e-01,-1.933140473635814427e+00,3.005348769686242566e-02
8.238187331399600953e+06,5.520410953415847644e+00,1.875319337249715113e-01,-1.952773735640075170e+00,4.980383243549185712e-02
8.469459808314593509e+06,5.376419654652995206e+00,1.803605542404671802e-01,-1.975590036268787930e+00,3.025658980254792782e-02
8.707224849239921197e+06,5.264922442282989223e+00,2.507787926817658386e-01,-1.995632099894586897e+00,3.826635374689252300e-02
8.951664721378302202e+06,5.060174957341827984e+00,2.458427353478056521e-01,-1.991891833327918304e+00,4.144675893616005247e-02
9.202966808760410175e+06,4.969671708994343184e+00,2.531121731605724956e-01,-2.001713835092292282e+00,5.429828151673199432e-02
9.461323755890760571e+06,4.836250059176759208e+00,2.569741417724656363e-01,-2.023162262551433166e+00,4.964035362176026644e-02
9.726933615426179022e+06,4.907260617496399746e+00,1.922928386515071753e-01,-2.035661154886450053e+00,5.356044417816259451e-02
1.000000000000000000e+07,4.580339079811656333e+00,2.356196519240843501e-01,-2.034271744678086691e+00,4.135793548688875693e-02
