1.000000000000000000e+01 9.968434764806535213e+02 nan -5.826607563832020276e-03 nan
1.026741977250277493e+01 1.003982045682303351e+03 nan -7.126635657869417884e-03 nan
1.054199087847809402e+01 9.963264884621080455e+02 nan -3.172243121847273528e-04 nan
1.082390455872298851e+01 9.985450014055960537e+02 nan -6.342341421086139519e-03 nan
1.111335716819153241e+01 9.962974434102440000e+02 nan -7.534105080463593396e-03 nan
1.141055031275752008e+01 9.992391006711562795e+02 nan -2.146250004273930756e-03 nan
1.171569098963443345e+01 9.977592276546660059e+02 nan -6.924404987313614868e-03 nan
1.202899173155051926e+01 9.974933722077882976e+02 nan -5.928283374563747543e-03 nan
1.235067075477941856e+01 9.921477793420232274e+02 nan -6.896503956819177716e-03 nan
1.268095211112939857e+01 9.985808524452125994e+02 nan -5.142568635385647013e-03 nan
1.302006584399707911e+01 1.001731515810178507e+03 nan -1.103477778551020805e-03 nan
1.336824814859436472e+01 9.972657852571662715e+02 nan -6.377778201733796948e-03 nan
1.372574153646013961e+01 9.930500503212838339e+02 nan -3.536788985862848733e-03 nan
1.409279500437134480e+01 9.984510879566930726e+02 nan -6.301905557943410230e-03 nan
1.446966420777106777e+01 1.002379583891770494e+03 nan -6.270917300470912892e-03 nan
1.485661163883444402e+01 1.001750760530805564e+03 nan -7.514196678843454436e-03 nan
1.525390680929636211e+01 9.958809751811132855e+02 nan -6.885716962679477859e-03 nan
1.566182643816841846e+01 1.005137464902560168e+03 nan -8.857312838178810210e-03 nan
1.608065464447571458e+01 9.965812325712248594e+02 nan -2.914071887175850861e-03 nan
1.651068314514785129e+01 9.984131659715362730e+02 nan -7.030499153715563665e-03 nan
1.695221145820193698e+01 1.000154048586235945e+03 nan -6.410392881274873389e-03 nan
1.740554711135906629e+01 9.986688905513502732e+02 nan -3.372628372006136743e-03 nan
1.787100585623966253e+01 1.001505222305811230e+03 nan -5.612326639343745427e-03 nan
1.834891188828679986e+01 9.928632968060834401e+02 nan -6.252944942834570696e-03 nan
1.883959807257071262e+01 9.934011105442440339e+02 nan -7.932144407255758978e-03 nan
1.934340617563177034e+01 9.999964789441510220e+02 nan -5.684342061796243684e-03 nan
1.986068710352340361e+01 1.001680328170279154e+03 nan -6.238752950027404154e-03 nan
2.039180114622070761e+01 9.917914105842280605e+02 nan -6.907612309756228086e-03 nan
2.093711822856512228e+01 9.967587033785504218e+02 nan -5.540532077144888490e-03 nan
2.149701816791978359e+01 9.940490145539268951e+02 nan -2.403725551912927472e-03 nan
2.207189093871509655e+01 9.951603675953992934e+02 nan -5.315739712791867078e-03 nan
2.266213694406881984e+01 9.998967694934111705e+02 nan -5.215039162663082095e-03 nan
2.326816729466978373e+01 1.001907807451881581e+03 nan -7.266154119396794897e-03 nan
2.389040409511949292e+01 9.989457147058067221e+02 nan -1.267469144596411468e-02 nan
2.452928073793112773e+01 9.947225573073827718e+02 nan -7.351917361531956630e-03 nan
2.518524220539055136e+01 9.992306101286413877e+02 nan -9.742831386640560254e-03 nan
2.585874537948983587e+01 1.002640337776325509e+03 nan -7.327382867020837409e-03 nan
2.655025936014887122e+01 9.901189792967963967e+02 nan -8.929640555493278953e-03 nan
2.726026579194693866e+01 9.946484178317480200e+02 nan -5.810806443510507791e-03 nan
2.798925919959170017e+01 1.000207711638565456e+03 nan -8.804074568830255743e-03 nan
2.873774733235930157e+01 9.981438859220461381e+02 nan -8.381470997914419740e-03 nan
2.950625151774547916e+01 9.905329119020909729e+02 nan -6.815066082146437054e-03 nan
3.029530702457399371e+01 9.977799669786990080e+02 nan -9.528152137776579877e-03 nan
3.110546343581532369e+01 1.002422770774061519e+03 nan -1.249806826542831928e-02 nan
3.193728503137523589e+01 9.937443957256372187e+02 nan -6.660139744344206747e-03 nan
3.279135118111990010e+01 9.920120391859641131e+02 nan -1.113940384203804257e-02 nan
3.366825674841126670e+01 9.970166120978349227e+02 nan -1.090458709089592304e-02 nan
3.456861250443380129e+01 9.933586751140230717e+02 nan -1.141668825182495794e-02 nan
3.549304555360102853e+01 9.935481819602047153e+02 nan -1.028753225940981508e-02 nan
3.644219977033849034e+01 9.947620292677607949e+02 nan -1.872143447657670379e-02 nan
3.741673624754695027e+01 9.942792127555893558e+02 nan -1.010548679039047215e-02 nan
3.841733375705848630e+01 9.973760787572598474e+02 nan -1.278722869605308787e-02 nan
3.944468922240608322e+01 9.942720116322741433e+02 nan -1.104070710299076552e-02 nan
4.049951820423593318e+01 9.940078784167307049e+02 nan -1.465322769863064423e-02 nan
4.158255539870081208e+01 9.927194482282751551e+02 nan -1.328537577613353449e-02 nan
4.269455514918126937e+01 9.960705499852315370e+02 nan -1.243687296167905743e-02 nan
4.383629197169139502e+01 9.970008342195583282e+02 nan -1.844908047649873595e-02 nan
4.500856109433488683e+01 9.926867322375766207e+02 nan -1.757031492265781480e-02 nan
4.621217901118731675e+01 9.955985486480163900e+02 nan -1.908353037291465881e-02 nan
4.744798405099024308e+01 1.000966269653819722e+03 nan -1.722088524929610287e-02 nan
4.871683696105335315e+01 9.954095003203956367e+02 nan -1.605053717349136377e-02 nan
5.001962150677131547e+01 9.985090866987449090e+02 nan -1.404403419007493881e-02 nan
5.135724508717289183e+01 9.998680582697437558e+02 nan -1.594261830491294774e-02 nan
5.273063936693099407e+01 9.965692468713972403e+02 nan -1.456378458115814567e-02 nan
5.414076092527405137e+01 1.005251389080849322e+03 nan -1.387016607450064498e-02 nan
5.558859192225043699e+01 9.949075386368807585e+02 nan -2.157171772331167858e-02 nan
5.707514078281022307e+01 9.981578840588944104e+02 nan -2.095192706666715310e-02 nan
5.860144289918054739e+01 9.979688915122528670e+02 nan -1.743268055779356729e-02 nan
6.016856135202387179e+01 9.978463210502441143e+02 nan -1.929982634200655411e-02 nan
6.177758765088162107e+01 1.000453853672298578e+03 nan -2.193531163966522257e-02 nan
6.342964249441851621e+01 1.001197024251175890e+03 nan -2.534975401095174163e-02 nan
6.512587655099748929e+01 9.958957804462372678e+02 nan -2.223271338215715431e-02 nan
6.686747126012868137e+01 9.953195784751831070e+02 nan -2.124082726174858493e-02 nan
6.865563965535062607e+01 9.933027983861085204e+02 nan -2.615157881567320430e-02 nan
7.049162720911726865e+01 9.969495852122331598e+02 nan -2.495092909422247374e-02 nan
7.237671270027853154e+01 9.926616834005337751e+02 nan -2.847170097844697878e-02 nan
7.431220910475924768e+01 1.000649590416023898e+03 nan -2.283138031182740946e-02 nan
7.629946451005658048e+01 9.967823390287020402e+02 nan -2.904404169824248427e-02 nan
7.833986305419287532e+01 9.970704781023737269e+02 nan -2.643411886205315753e-02 nan
8.043482588977795444e+01 9.965333579238789525e+02 nan -2.270892104660049426e-02 nan
8.258581217385241757e+01 1.000865428240116444e+03 nan -3.104158974749182676e-02 nan
8.479432008420127431e+01 9.976453779782284528e+02 nan -2.445855324984247403e-02 nan
8.706188786284573666e+01 9.969581690077355915e+02 nan -2.718893557702273256e-02 nan
8.939009488744017062e+01 9.989382473264810187e+02 nan -3.107108851013551387e-02 nan
9.178056277132023411e+01 9.930938970850882015e+02 nan -3.192661579111177872e-02 nan
9.423495649296854992e+01 1.002480581077493980e+03 nan -3.149051779540457119e-02 nan
9.675498555568441361e+01 9.956739805454218413e+02 nan -2.998903455963652931e-02 nan
9.934240517826549421e+01 1.001915355301102522e+03 nan -3.488186190752440297e-02 nan
1.019990175175304756e+02 9.942733797721650717e+02 nan -3.023960915794354776e-02 nan
1.047266729235349345e+02 9.982711910302459728e+02 nan -3.117443210895531891e-02 nan
1.075272712283533565e+02 9.910249082454998870e+02 nan -3.205647249933418763e-02 nan
1.104027630693263973e+02 9.958503689696742640e+02 nan -3.695199092864642765e-02 nan
1.133551512476941099e+02 9.974601269121642417e+02 nan -3.962351298825961265e-02 nan
1.163864921235617089e+02 9.918909057825170521e+02 nan -3.856858302519894366e-02 nan
1.194988970481697095e+02 9.935479518791325972e+02 nan -4.122677343503378111e-02 nan
1.226945338344651191e+02 9.944674873161134201e+02 nan -4.142383863686838197e-02 nan
1.259756282669997915e+02 9.964213453334384667e+02 nan -4.308496770049607960e-02 nan
1.293444656522053151e+02 9.953814887326516327e+02 nan -4.206892962718145057e-02 nan
1.328033924101258947e+02 9.955558535804182156e+02 nan -4.708810341923985732e-02 nan
1.363548177087171496e+02 9.935540000631779094e+02 nan -4.904507182709716417e-02 nan
1.400012151418494000e+02 9.950978278718393994e+02 nan -4.178330825566378692e-02 nan
1.437451244521839442e+02 9.934531874001210099e+02 nan -4.903092540255826748e-02 nan
1.475891533001225469e+02 9.955211657068196018e+02 nan -4.672878356857257387e-02 nan
1.515359790800621624e+02 9.923207299023712267e+02 nan -4.976374220488111177e-02 nan
1.555883507852198591e+02 9.852346636086379021e+02 nan -4.993548330557739945e-02 nan
1.597490909223264168e+02 9.972440915203790155e+02 nan -4.857747166125836458e-02 nan
1.640210974775237673e+02 9.943416687213268688e+02 nan -5.364393876633499758e-02 nan
1.684073459348332733e+02 9.976645448909716833e+02 nan -5.455350197817310232e-02 nan
1.729108913486022061e+02 9.955005415816740424e+02 nan -5.420319153195052309e-02 nan
1.775348704713717041e+02 9.962064976057034755e+02 nan -5.785838385593500277e-02 nan
1.822825039386480910e+02 9.969944628786779504e+02 nan -6.336713842176644462e-02 nan
1.871570985120990542e+02 1.002055216556833784e+03 nan -6.343629809718098755e-02 nan
1.921620493827375356e+02 9.966729676093258377e+02 nan -6.008010624357584817e-02 nan
1.973008425356974271e+02 1.000686864514158060e+03 nan -6.319056407226320005e-02 nan
2.025770571782476281e+02 9.923664109619130613e+02 nan -6.860435725765956505e-02 nan
2.079943682327364911e+02 9.956842696668446706e+02 nan -6.804168858043002643e-02 nan
2.135565488962021732e+02 1.000631849414095882e+03 nan -7.026879777778116676e-02 nan
2.192674732684321839e+02 9.938619764055874839e+02 nan -7.348053879105975739e-02 nan
2.251311190503024307e+02 9.953537683252974375e+02 nan -7.422470221560217851e-02 nan
2.311515703142751192e+02 9.909973883202460456e+02 nan -8.030044491493404379e-02 nan
2.373330203489854000e+02 9.973156469795077328e+02 nan -8.167482234747858172e-02 nan
2.436797745798976109e+02 9.939695275761524726e+02 nan -8.230958936787047264e-02 nan
2.501962535680659983e+02 9.902526160223176248e+02 nan -8.711132462732074089e-02 nan
2.568869960890878588e+02 9.910607823468242259e+02 nan -8.198090505694466401e-02 nan
2.637566622943944026e+02 9.910260343992949856e+02 nan -8.818958040164703860e-02 nan
2.708100369570802286e+02 9.941171809255432663e+02 nan -8.817743730942328995e-02 nan
2.780520328045332690e+02 9.935029814805586739e+02 nan -9.231968515488375715e-02 nan
2.854876939401854656e+02 9.922066025315268689e+02 nan -8.786513390358674513e-02 nan
2.931221993567681352e+02 9.983977655301731602e+02 nan -1.073017094569541641e-01 nan
3.009608665435181365e+02 9.922616894136895098e+02 nan -1.052874821308424913e-01 nan
3.090091551898486841e+02 9.901194873484616892e+02 nan -9.421504031917837807e-02 nan
3.172726709880631120e+02 9.953035790301938732e+02 nan -1.054247875265414969e-01 nan
3.257571695377606602e+02 9.917734132103652200e+02 nan -1.066699407792928156e-01 nan
3.344685603546545849e+02 9.935925504661505556e+02 nan -1.070759501016707027e-01 nan
3.434129109865918394e+02 9.948661252060238667e+02 nan -1.133433888757178210e-01 nan
3.525964512396468535e+02 9.861776900024580073e+02 nan -1.163261535933894919e-01 nan
3.620255775172260542e+02 9.915567122970156788e+02 nan -1.180230849652601499e-01 nan
3.717068572752102682e+02 9.905827504081673851e+02 nan -1.212368501691063472e-01 nan
3.816470335962360991e+02 9.841911861635445575e+02 nan -1.246049126506179050e-01 nan
3.918530298863025223e+02 9.931147899179021579e+02 nan -1.298642628195358917e-01 nan
4.023319546969743783e+02 9.855111532121130722e+02 nan -1.371035969535570054e-01 nan
4.130911066765405053e+02 9.868775681760631642e+02 nan -1.352378688191313572e-01 nan
4.241379796535765081e+02 9.815684485690477459e+02 nan -1.428667474276807958e-01 nan
4.354802678564515759e+02 9.896428421093955876e+02 nan -1.515786479392362551e-01 nan
4.471258712724135762e+02 9.862671735853361952e+02 nan -1.449055374558994025e-01 nan
4.590829011499909598e+02 9.883871202134365603e+02 nan -1.579122448157805891e-01 nan
4.713596856485353896e+02 9.883918376570045439e+02 nan -1.575881006859369826e-01 nan
4.839647756388465041e+02 9.878402025754702436e+02 nan -1.638528959336227331e-01 nan
4.969069506589161733e+02 9.817549002524580146e+02 nan -1.632784280575787506e-01 nan
5.101952250289417066e+02 9.775779623686719333e+02 nan -1.607376711736869801e-01 nan
5.238388541298659220e+02 9.841197688889951678e+02 nan -1.723601347440419929e-01 nan
5.378473408498181243e+02 9.837874313801248718e+02 nan -1.775524889401549622e-01 nan
5.522304422029462785e+02 9.845424183381225021e+02 nan -1.814295144415734029e-01 nan
5.669981761252481647e+02 9.819384777989929489e+02 nan -1.849845256943014604e-01 nan
5.821608284521383894e+02 9.769314218299014101e+02 nan -1.907541568706592194e-01 nan
5.977289600826081823e+02 9.751809052771887991e+02 nan -1.952696008989569521e-01 nan
6.137134143349693431e+02 9.807157768338735195e+02 nan -2.007118493649890922e-01 nan
6.301253244993051794e+02 9.762217827323883057e+02 nan -2.091381125317499645e-01 nan
6.469761215918892958e+02 9.775234125840316892e+02 nan -2.128522369675982517e-01 nan
6.642775423169723581e+02 9.677369456357098443e+02 nan -2.167212888661333992e-01 nan
6.820416372414831585e+02 9.700756032757044522e+02 nan -2.212688656635375395e-01 nan
7.002807791883368509e+02 9.708267531051586730e+02 nan -2.281671190658540738e-01 nan
7.190076718541979517e+02 9.757097618860065040e+02 nan -2.358599665020681968e-01 nan
7.382353586576979296e+02 9.679084028277403604e+02 nan -2.398376214436588327e-01 nan
7.579772318242726215e+02 9.656064360392748540e+02 nan -2.478406687555891885e-01 nan
7.782470417139455776e+02 9.612536649810783729e+02 nan -2.592442446652234445e-01 nan
7.990589063985556777e+02 9.611454092400865648e+02 nan -2.619426291850244226e-01 nan
8.204273214950974307e+02 9.625013545495028211e+02 nan -2.657868817494630775e-01 nan
8.423671702620255246e+02 9.592938604571456835e+02 nan -2.737397839235091723e-01 nan
8.648937339655532242e+02 9.613503226429011193e+02 nan -2.844804415731694291e-01 nan
8.880227025231675952e+02 9.609484968957249293e+02 nan -2.932305465652156329e-01 nan
9.117701854317721200e+02 9.594229365412380730e+02 nan -2.939107053875575915e-01 nan
9.361527229880698542e+02 9.621787651533209100e+02 nan -2.983891678967038885e-01 nan
9.611872978090030983e+02 9.511917040358921440e+02 nan -3.090885066246622515e-01 nan
9.868913466602672315e+02 9.432428749321662735e+02 nan -3.144738975539569381e-01 nan
1.013282772601151805e+03 9.400459978490860067e+02 nan -3.312738343274461705e-01 nan
1.040379957454149917e+03 9.440422610152295420e+02 nan -3.271502420179039916e-01 nan
1.068201774608033475e+03 9.406427171972487713e+02 nan -3.369624937557400557e-01 nan
1.096767602163307629e+03 9.316834936481852765e+02 nan -3.447097025634935363e-01 nan
1.126097336429200141e+03 9.331610645066433563e+02 nan -3.518700960096921015e-01 nan
1.156211405781587928e+03 9.322762112902978515e+02 nan -3.678886653364759063e-01 nan
1.187130784891510530e+03 9.329605706403950762e+02 nan -3.736356818167783089e-01 nan
1.218877009334183413e+03 9.296037605216029078e+02 nan -3.931817833223982817e-01 nan
1.251472190588684271e+03 9.239031305651676576e+02 nan -4.007381015996571705e-01 nan
1.284939031438761958e+03 9.156712155244354108e+02 nan -4.059672318547660197e-01 nan
1.319300841785491002e+03 9.084973658150984193e+02 nan -4.180642584134939277e-01 nan
1.354581554882790442e+03 9.124661032620606420e+02 nan -4.252474852817407225e-01 nan
1.390805744007111571e+03 9.010807801188527719e+02 nan -4.416047522743631326e-01 nan
1.427998639572906541e+03 9.003868411700694878e+02 nan -4.377439092066075510e-01 nan
1.466186146705792453e+03 8.984783754891049057e+02 nan -4.582457063566587330e-01 nan
1.505394863285670681e+03 8.937336746144384279e+02 nan -4.590615889782148074e-01 nan
1.545652098472340640e+03 8.852344283508986109e+02 nan -4.691195944533945728e-01 nan
1.586985891726531690e+03 8.779097277259432985e+02 nan -4.860454625647387950e-01 nan
1.629425032339594054e+03 8.752105118719590564e+02 nan -4.973029280666874108e-01 nan
1.672999079485452057e+03 8.688911554906576384e+02 nan -5.089502767210336565e-01 nan
1.717738382808787264e+03 8.599739951976908969e+02 nan -5.209239178990641150e-01 nan
1.763674103563788321e+03 8.612602792030891123e+02 nan -5.303789314723510451e-01 nan
1.810838236318194731e+03 8.496254529104105586e+02 nan -5.424752236152245999e-01 nan
1.859263631237748541e+03 8.506182549595921500e+02 nan -5.524518445236328290e-01 nan
1.908984016966576746e+03 8.404823941060111565e+02 nan -5.683849459329279874e-01 nan
1.960034024119440346e+03 8.356742466938218286e+02 nan -5.785191033152004003e-01 nan
2.012449209402212318e+03 8.305411106640980279e+02 nan -5.842530097917704168e-01 nan
2.066266080377385151e+03 8.178560737650873307e+02 nan -6.098997178723344348e-01 nan
2.121522120891857412e+03 8.058047293943288878e+02 nan -6.045510776346767479e-01 nan
2.178255817184707666e+03 8.063293896336532498e+02 nan -6.258707608547213752e-01 nan
2.236506684693145871e+03 7.953845424804064805e+02 nan -6.393988699933683684e-01 nan
2.296315295575303480e+03 7.953632511126614872e+02 nan -6.504482175799650712e-01 nan
2.357723306969045098e+03 7.750769429571620321e+02 nan -6.624421943847895733e-01 nan
2.420773490006460179e+03 7.734704009925727632e+02 nan -6.725340211855783679e-01 nan
2.485509759604287865e+03 7.606591469261087468e+02 nan -6.906573014163241986e-01 nan
2.551977205050968678e+03 7.615909638975233520e+02 nan -7.080445561740029703e-01 nan
2.620222121411668468e+03 7.510549749456095014e+02 nan -7.098126880680477591e-01 nan
2.690292041773132951e+03 7.438804970780569192e+02 nan -7.282875594542428388e-01 nan
2.762235770350832809e+03 7.353653555727493085e+02 nan -7.356539109415498601e-01 nan
2.836103416481457316e+03 7.249240429577237137e+02 nan -7.536046364477053672e-01 nan
2.911946429524438827e+03 7.105073561851256727e+02 nan -7.695393406899118105e-01 nan
2.989817634696808000e+03 7.017989302197626102e+02 nan -7.787678482037283523e-01 nan
3.069771269866348575e+03 6.914878950158550879e+02 nan -7.893163717241034050e-01 nan
3.151863023328669897e+03 6.835184459941234536e+02 nan -7.945493090048385554e-01 nan
3.236150072594516132e+03 6.753755054759724317e+02 nan -8.041656310141287456e-01 nan
3.322691124214322826e+03 6.735980126438740854e+02 nan -8.332072053017944846e-01 nan
3.411546454667761282e+03 6.562024980805443874e+02 nan -8.444640574814115119e-01 nan
3.502777952346751135e+03 6.464485123644141140e+02 nan -8.529739508675575621e-01 nan
3.596449160661181850e+03 6.363971828326644982e+02 nan -8.690946299708737222e-01 nan
3.692625322297362800e+03 6.248032383650366910e+02 nan -8.769148089432809989e-01 nan
3.791373424660037472e+03 6.227565447420930695e+02 nan -8.845963617399466017e-01 nan
3.892762246529602635e+03 6.100050299590278655e+02 nan -8.991369705143208435e-01 nan
3.996862405967040559e+03 5.954583755840933463e+02 nan -9.113659809722829408e-01 nan
4.103746409499900437e+03 5.907937933512486097e+02 nan -9.348241955216551879e-01 nan
4.213488702623654717e+03 5.834489616543653483e+02 nan -9.374769323031562074e-01 nan
4.326165721653517721e+03 5.674342785265455404e+02 nan -9.505972590418756418e-01 nan
4.441855946962907183e+03 5.640957644578555801e+02 nan -9.669799888304453361e-01 nan
4.560639957645598770e+03 5.532439452645082838e+02 nan -9.821759147675912516e-01 nan
4.682600487639663697e+03 5.396858377135365572e+02 nan -9.955401694583412286e-01 nan
4.807822483352261770e+03 5.326299536408661197e+02 nan -1.010864583599874855e+00 nan
4.936393162825441323e+03 5.115129551904616960e+02 nan -1.022989927188944215e+00 nan
5.068402076484144345e+03 5.110117345142593877e+02 nan -1.033495999755905892e+00 nan
5.203941169508742860e+03 5.006176392802598230e+02 nan -1.039623082373903440e+00 nan
5.343104845875527644e+03 4.924164621417234571e+02 nan -1.055538117652946806e+00 nan
5.485990034109779117e+03 4.746995194247190852e+02 nan -1.065004400823325703e+00 nan
5.632696254797191614e+03 4.720859035886930997e+02 nan -1.069807495979855361e+00 nan
5.783325689900701036e+03 4.617835732713464267e+02 nan -1.081653113130118804e+00 nan
5.937983253930971841e+03 4.599313383752160576e+02 nan -1.104044908432300076e+00 nan
6.096776667020122659e+03 4.437599254940736273e+02 nan -1.105135407684928239e+00 nan
6.259816529949596770e+03 4.331759670463775933e+02 nan -1.112748538875650173e+00 nan
6.427216401184420647e+03 4.250047466580733726e+02 nan -1.135152753305988860e+00 nan
6.599092875967504369e+03 4.181014980013608806e+02 nan -1.142465846837465993e+00 nan
6.775565667529102939e+03 4.085628450113242138e+02 nan -1.149816184161579713e+00 nan
6.956757690467927205e+03 3.994481948113719341e+02 nan -1.157675190402775112e+00 nan
7.142795146362113883e+03 3.869933717590226934e+02 nan -1.165645507826511107e+00 nan
7.333807611669521975e+03 3.833463965689156225e+02 nan -1.190309183212832522e+00 nan
7.529928127978700104e+03 3.744759036486459536e+02 nan -1.191338770060220487e+00 nan
7.731293294673331729e+03 3.653667861740242415e+02 nan -1.204435223884871675e+00 nan
7.938043364074708734e+03 3.599476965114191671e+02 nan -1.202789097143157182e+00 nan
8.150322339128510976e+03 3.485132172688770424e+02 nan -1.223171782465038326e+00 nan
8.368278073703913833e+03 3.414432661888110374e+02 nan -1.241815081906484153e+00 nan
8.592062375574900216e+03 3.401520952637994810e+02 nan -1.234700373956701736e+00 nan
8.821831112155488881e+03 3.289462416658158759e+02 nan -1.243855130429640798e+00 nan
9.057744319062541763e+03 3.209399051611607661e+02 nan -1.279738516283657646e+00 nan
9.299966311581742048e+03 3.116396682627903942e+02 nan -1.272343086656834377e+00 nan
9.548665799114409310e+03 3.042562567808512313e+02 nan -1.276841832096295537e+00 nan
9.804016002684829800e+03 3.000834123904104445e+02 nan -1.269858235410708858e+00 nan
1.006619477558997278e+04 2.866312878028177806e+02 nan -1.291829834923973408e+00 nan
1.033538472727568296e+04 2.788259897928588202e+02 nan -1.308145893920570346e+00 nan
1.061177335052533454e+04 2.746832437799409945e+02 nan -1.301922112671045184e+00 nan
1.089555315205020634e+04 2.675441796289562717e+02 nan -1.306797706962534278e+00 nan
1.118692178657152181e+04 2.583438306489937872e+02 nan -1.327214016830165377e+00 nan
1.148608219448865020e+04 2.538260850562913902e+02 nan -1.322001607284889246e+00 nan
1.179324274322848396e+04 2.493260402612843336e+02 nan -1.317534735136026036e+00 nan
1.210861737237489979e+04 2.442471501930914144e+02 nan -1.343630862299871609e+00 nan
1.243242574267926466e+04 2.377235752291525728e+02 nan -1.341275213000068467e+00 nan
1.276489338905575823e+04 2.301304592513931766e+02 nan -1.341990505784870891e+00 nan
1.310625187766810450e+04 2.296623458017453174e+02 nan -1.362667327019858377e+00 nan
1.345673896721711208e+04 2.184406326211664293e+02 nan -1.360179642339243600e+00 nan
1.381659877454135494e+04 2.144680914463216936e+02 nan -1.368840066740775407e+00 nan
1.418608194464635199e+04 2.053401481529157024e+02 nan -1.375742584642281052e+00 nan
1.456544582528065803e+04 2.014685869941759790e+02 nan -1.353037983148647649e+00 nan
1.495495464618046208e+04 1.984231256232213241e+02 nan -1.361760442278681982e+00 nan
1.535487970310755190e+04 1.920747410236448616e+02 nan -1.389405711916916530e+00 nan
1.576549954680880182e+04 1.891248787605417760e+02 nan -1.387566542968098116e+00 nan
1.618710017702882396e+04 1.816587169359859502e+02 nan -1.389642269049900847e+00 nan
1.661997524171089026e+04 1.775197828621663803e+02 nan -1.388876516463444899e+00 nan
1.706442624152489952e+04 1.760893519555568503e+02 nan -1.405964456843362909e+00 nan
1.752076273986479646e+04 1.685738832389874347e+02 nan -1.401173662228535566e+00 nan
1.798930257846177119e+04 1.652246883530049502e+02 nan -1.406164761786173223e+00 nan
1.847037209876335328e+04 1.599126881348295797e+02 nan -1.419988357577622207e+00 nan
1.896430636923268321e+04 1.588723435934423662e+02 nan -1.417414250535001585e+00 nan
1.947144941872595518e+04 1.519668984103022922e+02 nan -1.429783104418463680e+00 nan
1.999215447611149648e+04 1.498469547320561333e+02 nan -1.430480096880120122e+00 nan
2.052678421629565855e+04 1.419637024896741764e+02 nan -1.414789634566635090e+00 nan
2.107571101282923701e+04 1.395339528215196765e+02 nan -1.454194342026084996e+00 nan
2.163931719726769370e+04 1.367947599309053146e+02 nan -1.438865284756917662e+00 nan
2.221799532546861155e+04 1.317631498834485342e+02 nan -1.420389319547578966e+00 nan
2.281214845100901948e+04 1.316737802512613200e+02 nan -1.450968729024520343e+00 nan
2.342219040591590237e+04 1.261249401809561590e+02 nan -1.433472617960542594e+00 nan
2.404854608890252712e+04 1.248843940033703319e+02 nan -1.445618706223074090e+00 nan
2.469165176131425687e+04 1.196484582296089485e+02 nan -1.455584969745719048e+00 nan
2.535195535098704568e+04 1.174753622875911248e+02 nan -1.464413958360247570e+00 nan
2.602991676423324679e+04 1.114439123127800428e+02 nan -1.442801411746155615e+00 nan
2.672600820616893543e+04 1.098316096167435063e+02 nan -1.461941786367401797e+00 nan
2.744071450960908987e+04 1.059682089514676733e+02 nan -1.476730809201172168e+00 nan
2.817453347275635679e+04 1.031196639936963919e+02 nan -1.449178414858248942e+00 nan
2.892797620592204839e+04 1.054225724943605087e+02 nan -1.463927126210637475e+00 nan
2.970156748751732448e+04 9.872800960253928793e+01 nan -1.465882002316142518e+00 nan
3.049584612956615820e+04 9.914763144311550036e+01 nan -1.472757151233826889e+00 nan
3.131136535299091702e+04 9.309059238786350932e+01 nan -1.482971950603044320e+00 nan
3.214869317293579297e+04 9.220210456436883817e+01 nan -1.457190479442415310e+00 nan
3.300841279439259233e+04 8.821731997921801849e+01 nan -1.464777436488242657e+00 nan
3.389112301840800501e+04 8.638025777867981958e+01 nan -1.482282875319057780e+00 nan
3.479743865915262722e+04 8.417075309975022890e+01 nan -1.482551517008978692e+00 nan
3.572799097214361973e+04 8.193285597306797285e+01 nan -1.507645633548622577e+00 nan
3.668342809391880292e+04 7.958275094754715440e+01 nan -1.462037474712738039e+00 nan
3.766441549346857209e+04 7.629160048736667932e+01 nan -1.519308063154349409e+00 nan
3.867163643573990703e+04 7.619054218583033844e+01 nan -1.461566112722722854e+00 nan
3.970579245753546274e+04 7.501876307683245670e+01 nan -1.503466614594282547e+00 nan
4.076760385613911785e+04 7.126544606305526486e+01 nan -1.523647255130747169e+00 nan
4.185781019100831327e+04 7.283460282044630674e+01 nan -1.491801539545102528e+00 nan
4.297717079888269654e+04 6.738594844834298669e+01 nan -1.512947267516510097e+00 nan
4.412646532266770373e+04 6.880757544741516085e+01 nan -1.536460012200965952e+00 nan
4.530649425446164241e+04 6.704908894852137280e+01 nan -1.509282021679209329e+00 nan
4.651807949310428376e+04 6.261163055532384192e+01 nan -1.551820145436979992e+00 nan
4.776206491663548513e+04 5.925690739364402049e+01 nan -1.493960917093367202e+00 nan
4.903931697006242757e+04 6.032982425376783198e+01 nan -1.545678513245460461e+00 nan
5.035072526884498075e+04 5.725838985275030524e+01 nan -1.525916563108278723e+00 nan
5.169720321851940389e+04 5.489340964301781867e+01 nan -1.504808513754722021e+00 nan
5.307968865089213796e+04 5.430759625195683782e+01 nan -1.516813943959966160e+00 nan
5.449914447724599449e+04 5.323078831291471147e+01 nan -1.519428420151081927e+00 nan
5.595655935901620978e+04 5.312461960650342974e+01 nan -1.498901527281597978e+00 nan
5.745294839639870770e+04 5.080510133262878014e+01 nan -1.523544458276700375e+00 nan
5.898935383537668531e+04 5.098895898500344970e+01 nan -1.553028460520621490e+00 nan
6.056684579365077661e+04 4.701780827130512819e+01 nan -1.464706417249076686e+00 nan
6.218652300598577858e+04 4.612582977974954446e+01 nan -1.486091677503719843e+00 nan
6.384951358948557754e+04 4.604467917051237436e+01 nan -1.556523567497406724e+00 nan
6.555697582933702506e+04 4.452919133033587684e+01 nan -1.521956359222884636e+00 nan
6.731009898556199914e+04 4.402748779261953871e+01 nan -1.602762640924649595e+00 nan
6.911010412134797662e+04 4.241549603769338717e+01 nan -1.521625745236548255e+00 nan
7.095824495352522354e+04 3.941113055870723514e+01 nan -1.525006548003354112e+00 nan
7.285580872579215793e+04 3.883159511966952948e+01 nan -1.524118734179130019e+00 nan
7.480411710528771800e+04 3.834396937887958501e+01 nan -1.555492825774530408e+00 nan
7.680452710314457363e+04 3.571909315242717042e+01 nan -1.528797755329627028e+00 nan
7.885843201965502521e+04 3.776647695511034186e+01 nan -1.581399441616616386e+00 nan
8.096726241471736284e+04 3.641447917224956399e+01 nan -1.589013335020045936e+00 nan
8.313248710422881413e+04 3.459320289356220712e+01 nan -1.503881598195980551e+00 nan
8.535561418312926253e+04 3.324376990738762316e+01 nan -1.501222018307855954e+00 nan
8.763819207579777867e+04 3.332447306323988556e+01 nan -1.578324923819247161e+00 nan
8.998181061454440351e+04 3.026535869690201253e+01 nan -1.498577704510959174e+00 nan
9.238810214693732269e+04 2.895082559582080961e+01 nan -1.564274434419190118e+00 nan
9.485874267274704471e+04 2.951981399330259137e+01 nan -1.551505098034275054e+00 nan
9.739545301129156724e+04 2.830848216493601299e+01 nan -1.527604272868629431e+00 nan
1.000000000000000000e+05 2.884705408620523670e+01 nan -1.555168914731716701e+00 nan
