# #Freq[Hz], #Gain_mean[a.u.], #Gain_std[a.u.], #Phase_mean[rad], #Phase_std[rad]
1.000000000000000000e+03,6.142592873007287624e-01,1.864977999942619839e-04,-1.846830512585758255e+00,2.398020877377074857e-04
1.018628990244687543e+03,6.248274813157966845e-01,1.511459755472528059e-04,-1.851838078506884866e+00,4.208176643467370528e-04
1.037605019766911710e+03,6.355890869091642692e-01,2.694204232168785130e-04,-1.856801669508170161e+00,1.861792388583028411e-04
1.056934553557988465e+03,6.463568202098232129e-01,1.913449700337216180e-04,-1.861613606968390400e+00,4.965006083720127942e-04
1.076624177045493298e+03,6.575919924948541162e-01,2.219740893161959317e-04,-1.866866309180884587e+00,3.175090839792457566e-04
1.096680598336868570e+03,6.688256271784079887e-01,2.298621484906783062e-04,-1.871967013927355650e+00,3.823992004478287006e-04
1.117110650504824207e+03,6.800437232929152920e-01,1.907611388353280932e-04,-1.877226302489089615e+00,3.145678259684273059e-04
1.137921293915315118e+03,6.917130733456140490e-01,1.729315952788005651e-04,-1.882644141481959910e+00,3.602728474695540283e-04
1.159119618598885609e+03,7.029842730912145843e-01,1.997160729134869988e-04,-1.888178215756495693e+00,2.547409317152788668e-04
1.180712846666190217e+03,7.145930778304939723e-01,1.573729125626267258e-04,-1.893448890753364866e+00,4.090123718930389267e-04
1.202708334768512032e+03,7.262575537322263353e-01,2.331740527150265177e-04,-1.898957332918524754e+00,2.394635014735901999e-04
1.225113576604119089e+03,7.383183300186868525e-01,1.727607413559034710e-04,-1.904625034129683980e+00,4.971564377547357892e-04
1.247936205471311496e+03,7.503610536827285404e-01,2.194683075351011516e-04,-1.910365513816984606e+00,1.807876241087005267e-04
1.271183996869028761e+03,7.626525176663132566e-01,2.011581951282679552e-04,-1.916225848840111157e+00,2.960864058604407794e-04
1.294864871145904999e+03,7.751500355076933468e-01,2.704348457091332639e-04,-1.922088419036246609e+00,3.392037922486081320e-04
1.318986896198670593e+03,7.880374328087926816e-01,1.878800008081084869e-04,-1.928023822688536004e+00,2.754479422925702596e-04
1.343558290220826166e+03,8.008075027792059819e-01,2.015535727648093899e-04,-1.934212307032723954e+00,3.460331535263482493e-04
1.368587424502519070e+03,8.137907529466279488e-01,1.426013692383633672e-04,-1.940487038828036415e+00,1.985207439295537456e-04
1.394082826282578480e+03,8.269247547845832713e-01,1.815387341448784027e-04,-1.946675556629927639e+00,2.087441268425249739e-04
1.420053181653683168e+03,8.402200968424284877e-01,2.170015890716815753e-04,-1.952937282325214685e+00,3.033047151662767392e-04
1.446507338521647171e+03,8.536194723363431658e-01,2.593791574688425559e-04,-1.959400208711382874e+00,3.475668515721400055e-04
1.473454309619835840e+03,8.673054832471326359e-01,1.635734734933661525e-04,-1.965968955243343474e+00,1.786546314406121873e-04
1.500903275579736601e+03,8.809058337196331578e-01,1.843796703549744969e-04,-1.972378543355669311e+00,1.498345631831737097e-04
1.528863588058731011e+03,8.947126034391292837e-01,1.918978191778089560e-04,-1.979158778675597530e+00,2.474244520451106483e-04
1.557344772926135192e+03,9.089183971619722024e-01,2.616858736048930149e-04,-1.985759093737290870e+00,2.100131731229653957e-04
1.586356533508589564e+03,9.231014721791332978e-01,2.453377904042896933e-04,-1.992630355588272506e+00,2.055899282642064134e-04
1.615908753895919062e+03,9.371405053707915211e-01,2.101012571175554094e-04,-1.999637907221338606e+00,1.477605233016664123e-04
1.646011502308549780e+03,9.516235647592028446e-01,2.066565391950373279e-04,-2.006512553204115257e+00,2.045504257072829405e-04
1.676675034527699154e+03,9.663352113304707336e-01,1.511339913208666942e-04,-2.013781223739396165e+00,1.238009577043635407e-04
1.707909797389426785e+03,9.807183607674062609e-01,1.721055222134730458e-04,-2.020784386154130363e+00,1.814253608052085779e-04
1.739726432343800752e+03,9.956523192716583148e-01,1.709959171359090048e-04,-2.028164793473243854e+00,2.512062937088730525e-04
1.772135779080358361e+03,1.010417057963068244e+00,2.120546177738264111e-04,-2.035458685942161949e+00,2.737839357995859786e-04
1.805148879221108245e+03,1.025536080927303084e+00,2.201986289560091089e-04,-2.042876849822947261e+00,2.164150661797249969e-04
1.838776980082326872e+03,1.040658839049476869e+00,2.594465261489191203e-04,-2.050222963845439672e+00,2.246893063824600143e-04
1.873031538506436618e+03,1.055991496068112934e+00,3.009711842567984333e-04,-2.058032804912452551e+00,1.376828174047281062e-04
1.907924224765265080e+03,1.071312336726347514e+00,2.433740698663550562e-04,-2.065643427181841130e+00,1.088716347850989376e-04
1.943466926536020310e+03,1.086665498848512934e+00,2.131947486732966896e-04,-2.073317239944601376e+00,1.674547461907229938e-04
1.979671752951332564e+03,1.102121483191920159e+00,3.845396339869386706e-04,-2.081120322830324110e+00,2.501300076882180014e-04
2.016551038724746377e+03,1.117567739449038200e+00,2.727222778249956841e-04,-2.088957719360317711e+00,1.819278648876109601e-04
2.054117348353064244e+03,1.133416228712448071e+00,2.602586516990166112e-04,-2.097051255617318866e+00,1.524502834145349697e-04
2.092383480396977120e+03,1.149279683448344525e+00,2.186711236110865163e-04,-2.105136419686004068e+00,2.305196257296377479e-04
2.131362471841437582e+03,1.165214318189381704e+00,2.052020164372632307e-04,-2.113192443608238769e+00,2.126926241253920770e-04
2.171067602537264975e+03,1.181024309946514084e+00,1.969687700452549663e-04,-2.121308750798631682e+00,2.452740010151305489e-04
2.211512399725488649e+03,1.196916100018822871e+00,1.864380619574009402e-04,-2.129438866501990990e+00,1.803277893280791182e-04
2.252710642645980442e+03,1.212493610510568143e+00,1.813092948236489689e-04,-2.137904956130353362e+00,2.664209862064875821e-04
2.294676367231936183e+03,1.228524948221497048e+00,1.721812229686826173e-04,-2.146325489050995294e+00,2.797953374866459430e-04
2.337423870891815113e+03,1.244528705765285626e+00,1.401696996111714507e-04,-2.154842148417325909e+00,2.061441760020593184e-04
2.380967717380358408e+03,1.260516756429459040e+00,3.132258884146020138e-04,-2.163280502702463082e+00,2.091393365048660772e-04
2.425322741760352983e+03,1.276665608472667746e+00,1.183982668018275389e-04,-2.171801334090986746e+00,2.149516215137074792e-04
2.470504055456825427e+03,1.293005086114344504e+00,1.659298786534578430e-04,-2.180396254884455320e+00,1.765032935945250213e-04
2.516527051405391830e+03,1.309067601162070771e+00,3.070221895411842910e-04,-2.189203003200434594e+00,1.405877509009654993e-04
2.563407409296515198e+03,1.325160127125083465e+00,2.603377255143907772e-04,-2.197855130291399117e+00,1.470721936881984728e-04
2.611161100917459407e+03,1.341284000077269001e+00,2.818575103940511284e-04,-2.206662445614315793e+00,1.695240948375423317e-04
2.659804395593758272e+03,1.357450504056904483e+00,1.192057401320777854e-04,-2.215565999234888395e+00,1.524878692060988668e-04
2.709353865732051418e+03,1.373463252732883166e+00,3.287168498453382553e-04,-2.224434917746104468e+00,1.484447977093751082e-04
2.759826392466180550e+03,1.389416946761915295e+00,3.255805723715597720e-04,-2.233376385871781444e+00,2.501335310189756298e-04
2.811239171408464244e+03,1.405615560913040074e+00,3.557966702633003401e-04,-2.242339757244914633e+00,1.865299529934175539e-04
2.863609718508115748e+03,1.421690953275812852e+00,4.544543260718352461e-04,-2.251511552535459870e+00,2.443077583589900567e-04
2.916955876018796062e+03,1.437675662941521715e+00,2.753195961374334147e-04,-2.260508858607329863e+00,1.417691175749297226e-04
2.971295818577334103e+03,1.453685160621339900e+00,2.583601768991200943e-04,-2.269604207997117040e+00,1.834344811298511079e-04
3.026648059395692144e+03,1.469372622503126724e+00,2.782209266392050677e-04,-2.278711029308867708e+00,1.780428164588746301e-04
3.083031456568277008e+03,1.485335898676440669e+00,1.887588592845094028e-04,-2.287933435923535708e+00,1.773651511477636507e-04
3.140465219496752070e+03,1.500973918909873195e+00,1.826683526097061701e-04,-2.296956562343809072e+00,2.277974258273330178e-04
3.198968915434537848e+03,1.516843609946184834e+00,2.614187530661806185e-04,-2.306182784698330046e+00,1.347573221824530500e-04
3.258562476153226271e+03,1.532275597196696371e+00,2.373047986374213084e-04,-2.315489141404677209e+00,2.202298689546177692e-04
3.319266204733189625e+03,1.547762998405454171e+00,2.205836075327057824e-04,-2.324728722984561902e+00,1.475018312415996100e-04
3.381100782480685211e+03,1.563044445269005989e+00,3.574647135898983172e-04,-2.334005957741514425e+00,1.499034910219971552e-04
3.444087275973823580e+03,1.578395366014734513e+00,2.257040258841527239e-04,-2.343293811961721929e+00,1.777121456894215274e-04
3.508247144239792306e+03,1.593350547027571285e+00,3.753102321475006685e-04,-2.352605120982110609e+00,1.482661962026261739e-04
3.573602246065788222e+03,1.608296037384874921e+00,1.999671525290256020e-04,-2.361898112261566318e+00,1.572669810418781951e-04
3.640174847446141484e+03,1.623603442834187449e+00,2.213969767238295884e-04,-2.371250483194452752e+00,1.364924690185100313e-04
3.707987629168172589e+03,1.638220375746069823e+00,3.641785747770667032e-04,-2.380487225067500656e+00,1.772695482566107375e-04
3.777063694539364406e+03,1.652646667981839901e+00,2.052657497480815652e-04,-2.389819532683136405e+00,8.808089014467526527e-05
3.847426577258505858e+03,1.666998541673907708e+00,2.838295874077014554e-04,-2.399216990487115897e+00,1.560041073262027542e-04
3.919100249433402041e+03,1.680976012672131814e+00,3.267373361241016007e-04,-2.408414882155136549e+00,1.768940740431596014e-04
3.992109129748053419e+03,1.695078592224814162e+00,3.598087960857987715e-04,-2.417685886683374807e+00,1.859483826117975939e-04
4.066478091781853891e+03,1.708997901920436435e+00,2.386897843992130273e-04,-2.426910346438824639e+00,1.470068870231547515e-04
4.142232472483898164e+03,1.722676913931939779e+00,3.047543752865258847e-04,-2.436296990578965538e+00,1.975439228064431059e-04
4.219398080805023710e+03,1.736279788943626112e+00,2.355065130606686481e-04,-2.445443171202588140e+00,2.014536567997204160e-04
4.298001206490798722e+03,1.749832764031325594e+00,1.845627872042012786e-04,-2.454719725701024036e+00,1.572407643039906537e-04
4.378068629038166364e+03,1.763208621759358552e+00,2.487242948129249668e-04,-2.463932029054347161e+00,1.760526152631586999e-04
4.459627626819095894e+03,1.775865598322831529e+00,1.894392556407596597e-04,-2.473099206145575657e+00,1.819222181283727563e-04
4.542705986374043277e+03,1.788629732055941890e+00,3.019113821747367661e-04,-2.482283598325273566e+00,1.561013818385890289e-04
4.627332011878693265e+03,1.801311389982898969e+00,1.994685406434826551e-04,-2.491257651994327027e+00,1.118089814089925091e-04
4.713534534786906988e+03,1.814002838487734692e+00,2.711516888161185300e-04,-2.500356415108138552e+00,1.495128357140359252e-04
4.801342923653450271e+03,1.825962269981535657e+00,3.033257735975983206e-04,-2.509310118644338949e+00,1.938335869025743091e-04
4.890787094139589499e+03,1.838307515941395520e+00,2.702441625282757192e-04,-2.518420699748610936e+00,1.337169634352386840e-04
4.981897519205160279e+03,1.850114200317973356e+00,2.327418488708950575e-04,-2.527333094707110206e+00,1.408772817346369761e-04
5.074705239490465829e+03,1.861692488841911963e+00,3.607559912780543623e-04,-2.536228423410020305e+00,1.522188862858179007e-04
5.169241873891598516e+03,1.873188050088399281e+00,1.442736506685799076e-04,-2.545147673137081679e+00,1.306637039772783732e-04
5.265539630332755223e+03,1.884244432775106004e+00,2.710545503925374921e-04,-2.553885220860304006e+00,1.950298440471278098e-04
5.363631316739239992e+03,1.895436838826502823e+00,3.491538228794841664e-04,-2.562644968389146349e+00,1.773728365125139836e-04
5.463550352214875602e+03,1.906250315385513927e+00,2.336689148881641420e-04,-2.571392672205231378e+00,1.929648646662334745e-04
5.565330778427645782e+03,1.916499060049255077e+00,3.394987115697650055e-04,-2.580097012011226543e+00,2.237829406771572687e-04
5.669007271207434314e+03,1.926694004717238951e+00,3.507027236369142159e-04,-2.588552861776128644e+00,1.322538813120195200e-04
5.774615152359820058e+03,1.936854284399520676e+00,2.927483783003879329e-04,-2.597185157156020274e+00,1.155309858807186424e-04
5.882190401699956055e+03,1.946954943342763755e+00,2.332101662260522082e-04,-2.605624274271195251e+00,1.506424004087145792e-04
5.991769669310619065e+03,1.956528914969791755e+00,3.415458954110631227e-04,-2.614094703342193515e+00,1.313636935898143080e-04
6.103390288028621399e+03,1.965898220048913458e+00,2.641008806672772986e-04,-2.622420997295761946e+00,9.661773694806957160e-05
6.217090286163826931e+03,1.975165730553012811e+00,3.053387573182140494e-04,-2.630724580888080588e+00,2.157432584165364174e-04
6.332908400455115043e+03,1.984209173475793175e+00,3.085470666014732502e-04,-2.638934281416696503e+00,1.266598507309380016e-04
6.450884089267692616e+03,1.992839388908363762e+00,3.234133597025129351e-04,-2.647142747016700604e+00,1.439530065364430132e-04
6.571057546036270651e+03,2.001229452464410752e+00,3.257682946158870678e-04,-2.655204430514670033e+00,1.073482384456137748e-04
6.693469712958661148e+03,2.009714615910257240e+00,2.013703014475257190e-04,-2.663201740391919703e+00,1.031810685917456056e-04
6.818162294944479072e+03,2.018021567909209502e+00,2.910284211422213899e-04,-2.671080825162461814e+00,1.348017703501115671e-04
6.945177773823696043e+03,2.025617822708697169e+00,4.195513142623144630e-04,-2.679019051255548511e+00,1.949385917005325337e-04
7.074559422819878819e+03,2.033581033533368831e+00,2.789463135066067652e-04,-2.686821732892181736e+00,8.394914642398931261e-05
7.206351321293052024e+03,2.040990148252842751e+00,3.181170492246810570e-04,-2.694461650281305243e+00,8.266613777937148694e-05
7.340598369757211913e+03,2.048288513502033670e+00,3.426514447757458251e-04,-2.702013957873007577e+00,1.655424042627638844e-04
7.477346305177587965e+03,2.055396737511833383e+00,1.536207927768797976e-04,-2.709567887804564368e+00,1.721482022883861075e-04
7.616641716552891921e+03,2.062315202241877365e+00,2.576615687515267897e-04,-2.717165552286599173e+00,1.485278402660409063e-04
7.758532060787835690e+03,2.068951212377164506e+00,4.233666682387379971e-04,-2.724419288594488897e+00,2.023332415048883690e-04
7.903065678861347806e+03,2.075196333873842391e+00,3.544856364077109048e-04,-2.731859350441761425e+00,2.359480437506845647e-04
8.050291812295980890e+03,2.081652325709089979e+00,4.061780854332383236e-04,-2.738915836700384077e+00,2.359876525259830106e-04
8.200260619934129863e+03,2.087767172166585361e+00,2.482299910873802260e-04,-2.746147976503062971e+00,1.624409375000774843e-04
8.353023195026778922e+03,2.093780731337492096e+00,3.236027877591406165e-04,-2.753209655336075201e+00,1.647433090914412893e-04
8.508631582640580746e+03,2.099484582841182778e+00,3.045110067499577286e-04,-2.760161078621424569e+00,1.738842624936002786e-04
8.667138797389232423e+03,2.104905454723982050e+00,4.580338001705628356e-04,-2.767136159603569290e+00,1.989539113588758483e-04
8.828598841495149827e+03,2.110109156990326529e+00,2.616562571632003787e-04,-2.773905929124493408e+00,1.229505805261014268e-04
8.993066723187623211e+03,2.115610989098105410e+00,3.288314380648026634e-04,-2.780532595447877675e+00,8.519707591826683533e-05
9.160598475443708594e+03,2.120496523365038577e+00,3.092265887118120032e-04,-2.787223153172700307e+00,1.544363791546380889e-04
9.331251175078250526e+03,2.125265667919992385e+00,4.026326663083879031e-04,-2.793787260772243375e+00,1.117523923765308808e-04
9.505082962189511818e+03,2.129949513586244514e+00,1.542875687881509054e-04,-2.800362662042414019e+00,1.683509435968451632e-04
9.682153059967076842e+03,2.134330695647741472e+00,4.738707323713181466e-04,-2.806676359395724685e+00,1.423566942688648412e-04
9.862521794868784127e+03,2.138967924300048118e+00,3.315101754971420760e-04,-2.812929136675640596e+00,8.965497993133657512e-05
1.004625061717340213e+04,2.142707444372709880e+00,4.548823424933121800e-04,-2.819198289535298052e+00,2.020708086630700951e-04
1.023340212191642240e+04,2.147167632189904030e+00,2.333766035657003314e-04,-2.825310221092931506e+00,1.646207152420688655e-04
1.042404007021555844e+04,2.150868742984059168e+00,3.913996011379154445e-04,-2.831404441488973411e+00,1.831396038650384001e-04
1.061822941099384661e+04,2.154621020035738077e+00,2.620572575935244748e-04,-2.837353116788767338e+00,2.459267716985621380e-04
1.081603630310709377e+04,2.158298966667941965e+00,2.327969313026883268e-04,-2.843213813338074214e+00,2.509847148517533612e-04
1.101752813788387357e+04,2.161826560118792706e+00,4.499883138763296196e-04,-2.849078584908996792e+00,2.060310466416149611e-04
1.122277356208507081e+04,2.165082134484338727e+00,2.323891027388635326e-04,-2.854826324227831780e+00,1.536176493090351310e-04
1.143184250129150314e+04,2.168134596474915021e+00,3.667235381819681801e-04,-2.860511772051276047e+00,2.233546468865715612e-04
1.164480618372685421e+04,2.171523429996703669e+00,1.446438690372777586e-04,-2.866044706584066404e+00,2.231660875631812449e-04
1.186173716452479130e+04,2.174746074501157089e+00,4.060769456229268112e-04,-2.871489232368200639e+00,1.832534443143032606e-04
1.208270935044775979e+04,2.177354348953385532e+00,3.613840688444096868e-04,-2.876918842701818413e+00,1.479629386167960394e-04
1.230779802506665874e+04,2.180117230402975004e+00,5.710730696569192967e-04,-2.882270037381574390e+00,1.463571615684746720e-04
1.253707987440919715e+04,2.182752708525652174e+00,2.735817317966974670e-04,-2.887562659447006297e+00,1.798125862079930689e-04
1.277063301308644623e+04,2.185521081769582263e+00,5.584815966140943859e-04,-2.892673831822804242e+00,1.803711526469140686e-04
1.300853701090570576e+04,2.187790492725110170e+00,5.415231940395556082e-04,-2.897734652071811023e+00,2.198264069060850583e-04
1.325087291997953798e+04,2.190226713048137874e+00,6.824383226801929506e-04,-2.902820869573840667e+00,2.095906708568925838e-04
1.349772330233941830e+04,2.192563697447781568e+00,3.494391689314229948e-04,-2.907840195955151863e+00,2.075247697198763790e-04
1.374917225806420538e+04,2.194614859461822221e+00,5.109200679241810306e-04,-2.912630862312949098e+00,1.940489653782944443e-04
1.400530545393219654e+04,2.196798029822616627e+00,2.767460533435840762e-04,-2.917405979408081773e+00,2.781792537912840843e-04
1.426621015260735476e+04,2.198660642797707787e+00,2.185448125453106174e-04,-2.922293233630347320e+00,1.545819867220494072e-04
1.453197524236895333e+04,2.200494091245745576e+00,4.051940605419798464e-04,-2.926880592156240191e+00,2.203849629176178571e-04
1.480269126739510102e+04,2.202435816708168570e+00,2.727120447515466936e-04,-2.931538693897646208e+00,1.861214776826964333e-04
1.507845045861051040e+04,2.204271620732870307e+00,3.729167635834022831e-04,-2.936071578746147104e+00,1.883257262229287815e-04
1.535934676510895406e+04,2.205985086563271302e+00,5.888786806063825950e-04,-2.940395448169478954e+00,2.013801372159571294e-04
1.564547588616095891e+04,2.207910986334414183e+00,4.068626289371353043e-04,-2.944821701259605184e+00,2.027289783775295469e-04
1.593693530381776145e+04,2.209446744541879948e+00,4.546562507357074299e-04,-2.949296494145082992e+00,2.276225393809347430e-04
1.623382431612278197e+04,2.210772840188220734e+00,3.548376554491529519e-04,-2.953586218181623035e+00,2.136345236913170177e-04
1.653624407094178605e+04,2.212292703423264228e+00,4.629279101610900716e-04,-2.957602007236185493e+00,2.568982937142322222e-04
1.684429760042315320e+04,2.213969571258588509e+00,5.604511652220347346e-04,-2.961757968984708889e+00,2.950310549163697523e-04
1.715808985610006494e+04,2.215066141615725126e+00,4.729686127889609474e-04,-2.965811801395984659e+00,2.872697244294209547e-04
1.747772774464680697e+04,2.216118965383365058e+00,3.688336323447163542e-04,-2.970016088134873833e+00,2.588951299486434059e-04
1.780332016430111980e+04,2.217783319270939302e+00,5.503397051561616021e-04,-2.973753411475532626e+00,2.044562328401106587e-04
1.813497804196495417e+04,2.218774613427327402e+00,4.377223704203257412e-04,-2.977795266392053275e+00,1.944438023884012816e-04
1.847281437099635878e+04,2.219919214977569943e+00,5.715126234481955614e-04,-2.981680044715803835e+00,2.053226154268493985e-04
1.881694424970555701e+04,2.221175925195534973e+00,4.281012793773952005e-04,-2.985437591947075031e+00,1.783305378588981890e-04
1.916748492056813120e+04,2.221975562672401594e+00,5.669501715396068307e-04,-2.989275654385646686e+00,2.384847158447093714e-04
1.952455581016861106e+04,2.223384963657363045e+00,7.307366078167081566e-04,-2.992840856003465611e+00,1.930010156769177625e-04
1.988827856988811982e+04,2.224023535323921497e+00,7.906546464840620396e-04,-2.996645041539873322e+00,2.456514290809383655e-04
2.025877711735017147e+04,2.224760693887927410e+00,4.670062174595924413e-04,-3.000249598046173194e+00,2.242246796752129481e-04
2.063617767863856716e+04,2.225690437755128759e+00,3.835389068231631095e-04,-3.003889325710715319e+00,2.746807218002338602e-04
2.102060883130158254e+04,2.226759135391791489e+00,4.505407066483336858e-04,-3.007357733671866207e+00,3.045678281664355481e-04
2.141220154815731439e+04,2.227465497481003531e+00,4.527634693747394491e-04,-3.010782758218126354e+00,3.644768961025270050e-04
2.181108924191520055e+04,2.228041650705598897e+00,4.068138473467831353e-04,-3.014128171318028127e+00,2.039439338752248678e-04
2.221740781062882525e+04,2.228766055150635417e+00,5.144496956143349529e-04,-3.017481333300930046e+00,2.268447872753535770e-04
2.263129568399529671e+04,2.229767495172714664e+00,3.702347105231630848e-04,-3.020821320008515443e+00,2.305011668926261372e-04
2.305289387051706217e+04,2.230251141867924058e+00,4.601905885700311154e-04,-3.024280931335787237e+00,2.137042835514059327e-04
2.348234600554276403e+04,2.230799845708387075e+00,2.823907928858410067e-04,-3.027423024246923333e+00,2.688614092952512418e-04
2.391979840020237316e+04,2.231594646336880317e+00,6.065191465270859542e-04,-3.030353048371966729e+00,2.299873449308686090e-04
2.436540009125466167e+04,2.232060311844600076e+00,6.649690088410214030e-04,-3.033845854122880770e+00,3.522945190570936510e-04
2.481930289186252776e+04,2.232766255608694017e+00,5.132138311657045071e-04,-3.036796328351971219e+00,3.320185715744794291e-04
2.528166144331500618e+04,2.233114584351798548e+00,5.605510136908102656e-04,-3.040006402143582864e+00,1.827344263091489410e-04
2.575263326771198626e+04,2.233730690641738015e+00,3.006412684136508810e-04,-3.042976223248231804e+00,2.513102366596192878e-04
2.623237882163123504e+04,2.233908484788602600e+00,6.830581857066212554e-04,-3.046256560269362978e+00,2.564388019446701213e-04
2.672106155079432574e+04,2.234495396242149656e+00,4.239851843762153455e-04,-3.049139848508992667e+00,2.610759811537067187e-04
2.721884794575179694e+04,2.235088992009522268e+00,7.684098871176963134e-04,-3.051866329249760756e+00,2.483560814070412967e-04
2.772590759860481194e+04,2.235862285459682131e+00,4.852284104971199487e-04,-3.054990330611619953e+00,3.142832162701794988e-04
2.824241326078435668e+04,2.236036314875370135e+00,8.836048833853103962e-04,-3.057767508885928187e+00,3.121492663149170684e-04
2.876854090190591523e+04,2.236331178881541426e+00,7.794643273900107210e-04,-3.060743621412457482e+00,2.467681685641537575e-04
2.930446976972144330e+04,2.236820651579912500e+00,7.429474353803399485e-04,-3.063605313954197218e+00,2.968995871533139700e-04
2.985038245118729537e+04,2.237457322269047921e+00,6.299052574739135487e-04,-3.066464084975020210e+00,3.063254499722720950e-04
3.040646493467068649e+04,2.237235616525287352e+00,4.638122285804706021e-04,-3.069030509772772142e+00,2.366792624637630460e-04
3.097290667331406803e+04,2.237577924258539852e+00,6.276978879926573560e-04,-3.071854609956930826e+00,2.753316622131641569e-04
3.154990064958088624e+04,2.237675588837548801e+00,8.203230609851073444e-04,-3.074595635255918502e+00,3.873565067082344491e-04
3.213764344100275775e+04,2.238549026197093728e+00,8.419311094497727854e-04,-3.077416081454588337e+00,3.128193382783498182e-04
3.273633528715247667e+04,2.238583799022577647e+00,5.530767986758986388e-04,-3.080111171630652400e+00,3.357308139985700044e-04
3.334618015786362957e+04,2.239165757608328367e+00,5.548623034520689615e-04,-3.082506753656572673e+00,4.406616044657351303e-04
3.396738582272209896e+04,2.239160805072360816e+00,7.462968778146473851e-04,-3.085370056309999942e+00,4.181126240255520952e-04
3.460016392185108998e+04,2.239210186925539858e+00,6.791274146996988071e-04,-3.087964912547521923e+00,3.319709552706957248e-04
3.524473003801587765e+04,2.239782629720490803e+00,7.166173706505466184e-04,-3.090724373247188961e+00,2.527264243707873638e-04
3.590130377007068455e+04,2.239408086992214386e+00,6.663241930525927231e-04,-3.093167373313127300e+00,2.326778889549156553e-04
3.657010880777485727e+04,2.240230649045018563e+00,8.242061542503854301e-04,-3.095779867114592854e+00,3.597953688399298374e-04
3.725137300800209778e+04,2.240183754959757412e+00,7.983730934820710504e-04,-3.098372802016663208e+00,3.220424254256533956e-04
3.794532847236942325e+04,2.240969025737543419e+00,9.125234672829580325e-04,-3.100975815149993764e+00,3.538082039544129809e-04
3.865221162631261541e+04,2.240715489411990724e+00,1.135008931473882902e-03,-3.103375463460135375e+00,5.056629508642493560e-04
3.937226329963475291e+04,2.240828802130104602e+00,9.740380787422599869e-04,-3.106116898497144785e+00,3.726294411348874888e-04
4.010572880855495896e+04,2.240440070872562028e+00,7.480841532380572145e-04,-3.108527467701609481e+00,3.713155495735288750e-04
4.085285803928565292e+04,2.240552100880044861e+00,1.227262024532915644e-03,-3.110865466531586687e+00,4.032796761960110625e-04
4.161390553316706792e+04,2.241267137792296804e+00,1.051947713466368142e-03,-3.113540013397405382e+00,3.397504716671103080e-04
4.238913057338774524e+04,2.241184286918693758e+00,8.084197915778094847e-04,-3.115856796803594619e+00,3.166905535828804961e-04
4.317879727332021139e+04,2.240801201184225544e+00,1.161536639353904577e-03,-3.118585379081125541e+00,5.656592806750518170e-04
4.398317466650228016e+04,2.241206969022763396e+00,7.522697735188591710e-04,-3.120845559137769065e+00,4.623625417988684269e-04
4.480253679829489556e+04,2.241626061690454641e+00,1.255950059852457010e-03,-3.123203427680886879e+00,3.031306495817474747e-04
4.563716281924754003e+04,2.240997705106930749e+00,1.076638856015853674e-03,-3.125741883403997612e+00,4.994449393445469544e-04
4.648733708020256745e+04,2.241346200079874507e+00,1.358647405419015569e-03,-3.128115754145056382e+00,5.342413590473596300e-04
4.735334922917121003e+04,2.241436155972665656e+00,1.328583476920781013e-03,-3.130897089070292960e+00,4.221109208958235821e-04
4.823549431001467019e+04,2.241644641444451302e+00,1.234341423575010047e-03,-3.133299185442968149e+00,6.452427824095627838e-04
4.913407286296357051e+04,2.241667092706628672e+00,7.069910262066669577e-04,-3.135781865276793923e+00,5.065379420987918199e-04
5.004939102700953663e+04,2.241839350123949082e+00,1.154501487820524478e-03,-3.138378515673720948e+00,5.765648844690647243e-04
5.098176064420429611e+04,2.241243647679099116e+00,1.571645790197805179e-03,-3.140692935693195853e+00,5.187460360854633358e-04
5.193149936590212019e+04,2.241132100461226351e+00,1.036459454837479087e-03,3.140050739465331198e+00,5.942110729807732056e-04
5.289893076098145684e+04,2.241589528937534048e+00,1.392792639740738367e-03,3.137563372341575452e+00,5.713569617468172452e-04
5.388438442608223704e+04,2.242149481320530491e+00,7.571189198337164488e-04,3.135018603118733260e+00,5.090339529824966167e-04
5.488819609789676906e+04,2.241535526831140324e+00,1.311472618969240821e-03,3.132871234482755618e+00,3.737142435752108705e-04
5.591070776755292900e+04,2.241484537567121738e+00,1.503795854545147796e-03,3.129997542013034373e+00,6.159219545331914890e-04
5.695226779712818825e+04,2.241322227926754174e+00,1.404488868230979043e-03,3.127468716277809868e+00,8.024331579607624915e-04
5.801323103833378264e+04,2.241725102486842758e+00,1.122195732111764101e-03,3.125210131951726034e+00,5.477505901352331666e-04
5.909395895340964489e+04,2.241591786200213487e+00,1.156225956711285372e-03,3.122593159616405600e+00,3.628805822899495970e-04
6.019481973827274487e+04,2.241022355215667172e+00,9.767150040824530872e-04,3.120274572336204422e+00,9.495067606788256190e-04
6.131618844795769110e+04,2.241371770267845953e+00,2.263366701538451625e-03,3.117377044793911089e+00,4.782392501282828725e-04
6.245844712439618161e+04,2.240232505767810522e+00,1.395555272008840728e-03,3.114779884038646696e+00,5.944584750269684640e-04
6.362198492657481984e+04,2.241118528964718415e+00,1.847563448836367578e-03,3.112126917418191585e+00,6.693946233940637142e-04
6.480719826311970974e+04,2.241081573190483844e+00,1.745891353031998015e-03,3.109735031153632256e+00,5.605461429257941209e-04
6.601449092734883016e+04,2.240175548782135539e+00,1.336658381075440634e-03,3.106780909202477403e+00,5.167537467153015748e-04
6.724427423484249448e+04,2.240676591951274776e+00,1.376601043061329108e-03,3.104932171034810118e+00,5.581160293168180644e-04
6.849696716357440164e+04,2.239886659278496950e+00,1.888198213927228582e-03,3.101957122817782686e+00,8.250825185361274332e-04
6.977299649665538163e+04,2.240249247105807751e+00,1.284892450577719818e-03,3.099392005546179441e+00,6.892450749729469098e-04
7.107279696773411706e+04,2.240541779724357419e+00,1.172147261532467243e-03,3.096597398332024742e+00,6.173463864529453362e-04
7.239681140910876275e+04,2.239842820876973395e+00,1.119804842453642289e-03,3.093877876999081344e+00,5.054168228504934317e-04
7.374549090259546938e+04,2.239080630940340377e+00,1.499781659698869261e-03,3.091057968289372404e+00,4.133683698352020176e-04
7.511929493320969050e+04,2.238709097808260662e+00,1.237705182286077477e-03,3.088464213536771474e+00,5.789161868475263409e-04
7.651869154570817773e+04,2.239207113671753735e+00,2.007056378762021431e-03,3.085919753485607764e+00,6.495889627650708884e-04
7.794415750404950813e+04,2.238061034359105417e+00,1.562102027817441601e-03,3.082780310041850047e+00,6.709380810206804456e-04
7.939617845382275118e+04,2.237885853756211851e+00,1.797186481457936332e-03,3.080136409661398122e+00,8.083576521652120241e-04
8.087524908770457841e+04,2.237834457793402176e+00,2.220320219570687606e-03,3.077171910206845329e+00,5.461049003507558114e-04
8.238187331399600953e+04,2.238388376283823256e+00,9.982577893342203888e-04,3.074479648294950795e+00,6.961913442903016475e-04
8.391656442830161541e+04,2.237535418971003942e+00,1.587092824783383968e-03,3.071251278939597817e+00,7.846904337501183933e-04
8.547984528840404528e+04,2.236586382658233507e+00,1.562122976700772549e-03,3.068022701258429574e+00,7.903857615729870762e-04
8.707224849239921605e+04,2.235714153115186953e+00,2.113007148530516091e-03,3.064883341714840448e+00,6.573685002105782247e-04
8.869431656014703913e+04,2.237107565177599344e+00,1.430194289555193924e-03,3.061823850859066720e+00,9.411443872116214771e-04
9.034660211810533656e+04,2.235513612514206550e+00,2.082627456160574247e-03,3.059374930912357016e+00,8.628053309373317006e-04
9.202966808760409185e+04,2.233886775807458314e+00,2.236661077723621840e-03,3.056702513029686319e+00,1.101231271035770475e-03
9.374408787662981194e+04,2.233992001523235071e+00,3.065977849541467234e-03,3.052751730938289221e+00,8.492311834416100885e-04
9.549044557518078364e+04,2.233911238051070391e+00,2.050154927176299491e-03,3.048871511190713868e+00,1.027277113247161699e-03
9.726933615426179313e+04,2.233781448975688200e+00,2.375748038551674882e-03,3.046097349680372268e+00,7.893875359292435931e-04
9.908136566858665901e+04,2.232531859234675231e+00,1.850273939295828552e-03,3.042750920020554695e+00,1.032454559591126182e-03
1.009271514630569727e+05,2.231761127104161524e+00,2.389458159892377236e-03,3.038766941417453182e+00,9.164575337248268916e-04
1.028073223830864736e+05,2.232162416415700790e+00,1.408057575358709779e-03,3.035400998789060445e+00,1.301557484045086192e-03
1.047225189888435416e+05,2.230216935233863218e+00,1.342045223507620875e-03,3.031447022565607607e+00,1.156105660839577224e-03
1.066733937734857027e+05,2.229995151437767387e+00,2.032603935837599702e-03,3.027527158387770978e+00,1.018714957372511337e-03
1.086606113854595751e+05,2.228314394361198492e+00,1.785201032295958808e-03,3.024408909170746451e+00,1.041642919469929840e-03
1.106848488549411995e+05,2.228065483488982146e+00,2.898827108739369159e-03,3.020651001984731909e+00,6.260765966760505150e-04
1.127467958244947222e+05,2.226717373867637129e+00,1.625473023677654347e-03,3.015897030171849735e+00,7.714597216574234362e-04
1.148471547840288986e+05,2.226979090918163706e+00,1.659235620245151036e-03,3.012345867419202960e+00,8.723464137511836771e-04
1.169866413101305807e+05,2.224190335359384818e+00,1.163100579902071486e-03,3.008151989985152319e+00,5.324772686712428644e-04
1.191659843098558777e+05,2.224674921616080603e+00,1.401479022528605029e-03,3.003499037139989891e+00,8.479479958048702489e-04
1.213859262690628966e+05,2.223374967421791304e+00,3.332581103901928118e-03,2.999641931043297571e+00,1.022118013818935824e-03
1.236472235053714976e+05,2.221462327846498219e+00,1.918954214810904800e-03,2.995285151992908013e+00,6.370939298922098171e-04
1.259506464258356427e+05,2.219227664641644004e+00,2.406609517455827411e-03,2.990078840502796709e+00,6.699496495346440395e-04
1.282969797894147487e+05,2.216706657879828679e+00,1.487619717088924619e-03,2.985114224788953052e+00,9.888907052511821880e-04
1.306870229743347736e+05,2.216147643545643753e+00,1.885952935017410704e-03,2.980051021501526787e+00,6.496739760620290783e-04
1.331215902504307742e+05,2.216380692162134292e+00,3.341177319822453539e-03,2.975608847949075653e+00,9.201407979421700849e-04
1.356015110565632058e+05,2.214313640482630241e+00,2.443663530744385071e-03,2.969547943886583052e+00,9.874591705925838889e-04
1.381276302832009387e+05,2.210856386509872262e+00,2.386947218660931749e-03,2.964234498193492051e+00,1.561886355158891839e-03
1.407008085602686333e+05,2.209432174788304337e+00,2.015644156871665427e-03,2.959069812111317255e+00,8.779917245875168896e-04
1.433219225503573834e+05,2.207051143537483107e+00,1.894760746987074083e-03,2.952549113554788551e+00,5.120675102351134392e-04
1.459918652473977127e+05,2.204760328382621370e+00,2.008523199498818412e-03,2.946455578716348001e+00,4.494007858783850189e-04
1.487115462808953889e+05,2.202276110145734656e+00,1.738644905336721299e-03,2.939012357767081252e+00,8.693464452586413798e-04
1.514818922258347156e+05,2.198330703934487040e+00,1.993573529944315647e-03,2.932021526265862654e+00,1.004534565201734659e-03
1.543038469183564594e+05,2.193799471360637909e+00,2.371993784532311269e-03,2.925017487821038209e+00,7.473988165620210457e-04
1.571783717773161188e+05,2.190025948858503213e+00,2.210323081794194396e-03,2.915929392675053577e+00,7.788251627847140104e-04
1.601064461318317626e+05,2.185325622623954800e+00,1.568217356006799566e-03,2.908177766467711756e+00,1.088916895846414297e-03
1.630890675549334264e+05,2.181155511288799254e+00,2.370009358602898422e-03,2.898626937303090845e+00,1.288816954874314738e-03
1.661272522034292924e+05,2.173869805062921934e+00,2.054824455654868671e-03,2.888370639137306739e+00,8.674288813683854503e-04
1.692220351641035522e+05,2.165322863835892786e+00,2.185764339807641423e-03,2.877567025841654580e+00,7.420089504451879946e-04
1.723744708063619910e+05,2.159084600912290597e+00,1.216147081080383831e-03,2.866812397875241558e+00,1.211896248987651093e-03
1.755856331414470624e+05,2.148875599668603975e+00,2.387326513976201388e-03,2.853765182245070697e+00,7.984965806135133157e-04
1.788566161883461755e+05,2.139109131630691607e+00,1.351984678950469065e-03,2.840911996778908932e+00,8.477610090104366466e-04
1.821885343465165060e+05,2.128941929925924903e+00,1.523120498193469971e-03,2.827203889752210042e+00,6.840108166423345716e-04
1.855825227755518863e+05,2.114943280323333674e+00,1.831636100106853130e-03,2.812688419787870764e+00,7.134969909136056054e-04
1.890397377819219546e+05,2.099789338610631884e+00,1.185247857928059924e-03,2.797284564789333849e+00,1.111845626574149530e-03
1.925613572129194799e+05,2.085104721978412901e+00,2.370693114052701417e-03,2.780156450311585647e+00,1.229208412605044612e-03
1.961485808579429286e+05,2.066894170428442035e+00,2.498647621843937995e-03,2.763302006718271198e+00,8.966913318458363162e-04
1.998026308572550770e+05,2.048843244148853771e+00,2.067329732068223010e-03,2.745670000146012590e+00,1.225295337751292806e-03
2.035247521183575736e+05,2.028748666840313852e+00,2.717484276573345868e-03,2.727362683251174591e+00,1.233204868693302736e-03
2.073162127401226899e+05,2.007007671932659942e+00,1.441299484147141917e-03,2.706896088317858329e+00,1.551818362692477561e-03
2.111783044448242290e+05,1.985729579002177392e+00,2.582725037320739939e-03,2.687508396235369190e+00,9.640642456463642974e-04
2.151123430182167212e+05,1.963427262774088744e+00,2.470359320032262506e-03,2.666499964845777448e+00,1.389381238707904000e-03
2.191196687578147394e+05,1.937892501156915914e+00,2.474618611233305333e-03,2.646063295245641100e+00,1.885795738919468154e-03
2.232016469295230054e+05,1.913068744627195228e+00,1.450107802010977770e-03,2.624421577871464795e+00,1.335088332427087927e-03
2.273596682327715098e+05,1.888573838256788262e+00,1.737661731261372355e-03,2.602581805275841820e+00,1.257599700980965851e-03
2.315951492743154522e+05,1.861129353202243264e+00,2.167987114209670926e-03,2.579504881063851229e+00,1.449904588178358572e-03
2.359095330508633924e+05,1.833321304474080149e+00,2.508004843901399591e-03,2.557019969232019463e+00,1.184133451168246183e-03
2.403042894406964770e+05,1.806980606735125505e+00,3.059930986818810896e-03,2.533728885323303093e+00,1.114429904383909889e-03
2.447809157044440217e+05,1.779866526892959655e+00,3.387013529586683884e-03,2.510661038842878945e+00,1.648495081067475037e-03
2.493409369951880362e+05,1.749951747456987006e+00,2.424925988678614322e-03,2.487136611181010704e+00,1.288446076191279363e-03
2.539859068780723901e+05,1.721137354665111419e+00,2.016069358541594091e-03,2.462930096071044517e+00,9.224165751686053561e-04
2.587174078595918545e+05,1.692912763881198046e+00,1.687737451447199636e-03,2.440049761631049474e+00,2.323282716291470013e-03
2.635370519267392810e+05,1.663642940788398361e+00,1.681947039017346254e-03,2.417116507468926478e+00,1.197738426928915238e-03
2.684464810961965122e+05,1.637396833191723022e+00,2.502674884751047470e-03,2.393709304941363580e+00,1.901150057216996871e-03
2.734473679737579660e+05,1.608162727853101659e+00,2.352338568406172649e-03,2.371119296876982308e+00,1.425231341482988048e-03
2.785414163241763017e+05,1.582035254812829361e+00,2.624907459969079860e-03,2.348891608789059227e+00,1.380916496659495476e-03
2.837303616516211187e+05,1.554391198825072706e+00,3.393290974084830786e-03,2.324908528878587788e+00,1.466047418061864477e-03
2.890159717909511528e+05,1.524193607538187445e+00,2.106099596611326914e-03,2.302707804546614057e+00,2.054673432533707551e-03
2.944000475100033800e+05,1.498537157100453987e+00,3.797834315625138804e-03,2.279900157411494099e+00,1.706248509378140415e-03
2.998844231231024605e+05,1.473858265222060204e+00,3.048763171003983016e-03,2.257167967273958631e+00,1.959737044118639755e-03
3.054709671159968129e+05,1.447091462620897717e+00,3.134199173178802301e-03,2.234472249437685853e+00,2.694596078492486439e-03
3.111615827824362786e+05,1.419562775193909276e+00,2.852197575291221671e-03,2.212096337134095148e+00,1.854141012871778635e-03
3.169582088726115180e+05,1.394959321139416453e+00,3.404694206989411498e-03,2.190693536504399130e+00,2.075447457385113954e-03
3.228628202536727185e+05,1.369971109673154164e+00,4.031072748309002564e-03,2.170525159583148955e+00,3.087721191658452432e-03
3.288774285825510160e+05,1.344391968149420746e+00,1.707924670921145667e-03,2.147385878581396845e+00,2.692406424040985971e-03
3.350040829913135967e+05,1.319262894967057731e+00,2.925165787126771718e-03,2.128451261701190145e+00,2.539779668180128236e-03
3.412448707852889202e+05,1.294686749564006423e+00,2.168883306986318232e-03,2.106298245726881291e+00,2.372758507085185892e-03
3.476019181541973958e+05,1.271419811543958778e+00,2.494553369290418605e-03,2.086575347371366185e+00,1.877579869084547480e-03
3.540773908965269802e+05,1.248056766571018494e+00,2.790238535080681592e-03,2.067004780692704546e+00,2.041953183998832660e-03
3.606734951574031729e+05,1.226001227690183937e+00,2.922629899779640491e-03,2.044803439926361932e+00,1.807943937957477969e-03
3.673924781802074285e+05,1.202139796430348406e+00,3.482458494728933943e-03,2.026181052276560202e+00,2.902789868837908106e-03
3.742366290721977130e+05,1.179904862295073631e+00,2.490960935809723512e-03,2.007974130547012237e+00,2.526694953369792301e-03
3.812082795843887725e+05,1.157264405514430106e+00,3.923741768218854536e-03,1.989786783373789447e+00,2.398946582392395919e-03
3.883098049059609184e+05,1.137451155726462826e+00,3.353188938699558624e-03,1.969154208506009862e+00,1.383217150177454627e-03
3.955436244734701468e+05,1.118738036905794209e+00,3.308188935284036084e-03,1.952821056780354114e+00,2.542712537727031662e-03
4.029122027951343916e+05,1.094416320200805703e+00,2.046522620193060808e-03,1.934355877998276352e+00,2.188405365974888887e-03
4.104180502904709429e+05,1.075381805131378155e+00,2.273242640001288915e-03,1.919946401493888732e+00,3.655199685331244046e-03
4.180637241455761832e+05,1.054674563983152069e+00,3.085580414388166236e-03,1.900691929654170220e+00,3.350758582152583639e-03
4.258518291843414772e+05,1.037059296735866942e+00,3.489093230917437918e-03,1.881528809498723920e+00,2.565489424247579999e-03
4.337850187558984617e+05,1.016873057888983967e+00,3.145337503194959878e-03,1.867391963133083532e+00,4.069051812399192801e-03
4.418659956385941477e+05,9.959765147607539948e-01,3.417580102246766099e-03,1.850260640964727754e+00,3.132570164255349659e-03
4.500975129608050920e+05,9.786805032280673222e-01,4.768977679095093292e-03,1.834325477533735649e+00,3.050037607388543775e-03
4.584823751389096142e+05,9.572382149444627064e-01,1.658440708962477658e-03,1.817593495173261076e+00,2.691935978339850006e-03
4.670234388327330234e+05,9.432266573790160091e-01,3.061164333999757004e-03,1.803798860405054771e+00,3.697551656387315037e-03
4.757236139187889639e+05,9.255008900352746926e-01,2.141058614597687350e-03,1.791853803374873877e+00,3.343387441569487754e-03
4.845858644816490705e+05,9.073797408024659727e-01,2.007065652946892886e-03,1.779433623622230343e+00,3.525414655832389849e-03
4.936132098237907048e+05,8.918979665240647225e-01,2.848793059213840934e-03,1.766593001513738326e+00,3.337122269715839164e-03
5.028087254942475120e+05,8.748660838492433589e-01,2.777102841850434024e-03,1.754933522563488113e+00,3.079307571208479265e-03
5.121755443364241510e+05,8.579719112756463151e-01,3.802344814299046631e-03,1.742018231137481665e+00,2.701014750512566870e-03
5.217168575554343988e+05,8.444017547179309968e-01,4.017874420060765957e-03,1.733269136031243773e+00,5.307839530897030290e-03
5.314359158053230494e+05,8.326581557765978525e-01,2.397613264661489167e-03,1.719745448353688477e+00,3.241132417094921836e-03
5.413360302965375595e+05,8.181437744788668809e-01,2.601004596849948881e-03,1.701392038711744492e+00,4.394386857936157138e-03
5.514205739240301773e+05,8.086822568068976480e-01,2.835278748609325675e-03,1.684734901251374151e+00,2.960620578858911070e-03
5.616929824163804296e+05,7.958955148123463275e-01,2.874131522755435115e-03,1.662325201545463482e+00,5.155634677491114509e-03
5.721567555063239997e+05,7.833255841452071433e-01,3.695627754441021314e-03,1.644012826894557078e+00,2.726765689595215050e-03
5.828154581230840413e+05,7.680980364672757021e-01,2.723889122538639129e-03,1.619732485795900345e+00,3.348822832817757895e-03
5.936727216069126735e+05,7.574321469070494084e-01,3.478532250075363087e-03,1.603307604943549736e+00,2.636140853112335907e-03
6.047322449462643126e+05,7.432408444093561162e-01,3.784304286414851091e-03,1.583454145425799098e+00,6.854702714567954998e-03
6.159977960380156292e+05,7.322377461402334031e-01,2.781112838243148151e-03,1.565626778257210416e+00,5.579619566224322709e-03
6.274732129711575108e+05,7.182930097919209000e-01,1.732438281391047172e-03,1.550304563945412273e+00,4.608195675505999053e-03
6.391624053344005952e+05,7.033650413942926782e-01,2.452282608118826635e-03,1.534379573533298569e+00,3.035241962751545741e-03
6.510693555481454823e+05,6.913846926161134610e-01,2.315655857917273911e-03,1.518039867779434893e+00,4.437077382178210294e-03
6.631981202212661738e+05,6.814425067258348401e-01,4.268032058867938031e-03,1.499045627033019468e+00,4.168143085396799896e-03
6.755528315331639023e+05,6.686066669103405413e-01,2.336169454698371322e-03,1.482163852368328039e+00,6.375614114205349972e-03
6.881376986415670253e+05,6.540214612084391810e-01,1.302111360300213386e-03,1.470706166221569688e+00,5.281137116074913554e-03
7.009570091165617341e+05,6.451208655894424826e-01,3.539874596418756975e-03,1.452061059368912499e+00,2.665336241273073489e-03
7.140151304013387999e+05,6.348179088550294225e-01,2.758915072737679833e-03,1.437686493635695228e+00,6.983616921292035498e-03
7.273165113001454156e+05,6.214095877245187083e-01,3.323442193493323163e-03,1.426777929564964520e+00,4.840902542383701546e-03
7.408656834939568071e+05,6.116754748187891444e-01,3.481646171016450266e-03,1.407471255166238944e+00,5.213518685235139782e-03
7.546672630843886873e+05,6.006594735802113227e-01,2.850683787068483428e-03,1.396260680666234766e+00,6.161992278443188462e-03
7.687259521663719788e+05,5.911548579051422170e-01,2.483413863098560357e-03,1.378489086115504358e+00,4.392344519538282470e-03
7.830465404301183298e+05,5.803695867062862446e-01,4.023154437902549431e-03,1.364721487553355983e+00,5.534211359100025575e-03
7.976339067929281155e+05,5.692343837825466490e-01,4.169000829726087279e-03,1.351125657452650453e+00,6.835690357014259470e-03
8.124930210614047246e+05,5.606062097439293845e-01,2.562578098149294065e-03,1.335039236164644816e+00,5.129028642720126138e-03
8.276289456246334594e+05,5.505062728633718372e-01,3.459168938537988958e-03,1.322931171395089978e+00,6.531677151926435464e-03
8.430468371788967634e+05,5.407166166999404222e-01,3.517519384269711738e-03,1.301515466232109342e+00,5.162971397239676623e-03
8.587519484845179832e+05,5.329355037748967350e-01,2.323528030116401612e-03,1.293050122260707369e+00,7.026889719142627964e-03
8.747496301554415841e+05,5.225760499953655547e-01,2.762663740540147270e-03,1.272373931910342204e+00,5.910415730898651958e-03
8.910453324821504066e+05,5.127775178143554324e-01,4.000039149466738837e-03,1.263946873556124562e+00,9.373962814079509973e-03
9.076446072885356843e+05,5.050073880129689607e-01,3.316866878064474774e-03,1.247717788667441985e+00,7.682729772281203517e-03
9.245531098233580124e+05,4.979641069730146308e-01,2.409057359094347612e-03,1.229508541575627278e+00,3.745125293351166899e-03
9.417766006869518897e+05,4.853936132260238123e-01,3.878121562824155336e-03,1.218223088069452453e+00,1.004443172108678874e-02
9.593209477938230848e+05,4.830598349313249829e-01,2.868710292385876805e-03,1.203231240677580471e+00,8.786652039690177191e-03
9.771921283717997139e+05,4.703084611073993782e-01,2.518027797857617586e-03,1.191225952339528771e+00,3.916884196858770421e-03
9.953962309984243475e+05,4.639532364122561647e-01,2.348812296218938736e-03,1.175853090275256640e+00,6.040963423554812639e-03
1.013939457675291691e+06,4.539726435886589084e-01,2.705950592518223657e-03,1.156493389045098130e+00,4.555274770535460739e-03
1.032828125941027422e+06,4.479160278073706647e-01,1.746260374238495358e-03,1.148452712021325040e+00,7.643370903486697808e-03
1.052068671023622854e+06,4.406776097364122902e-01,2.247822721393670509e-03,1.129736761893690877e+00,8.066558847966131054e-03
1.071667648032864323e+06,4.337568577476301757e-01,4.101761449736691240e-03,1.111360854610804250e+00,7.704652361907225744e-03
1.091631734193614684e+06,4.297763683922455336e-01,3.320170395939137705e-03,1.094922228767567063e+00,7.583041007545227898e-03
1.111967731120697921e+06,4.242509638408266115e-01,2.471066914461026928e-03,1.079719248914525753e+00,7.884134899347243486e-03
1.132682567136153812e+06,4.173421279725841870e-01,3.568707093101931935e-03,1.058015674101676629e+00,9.487437815841813851e-03
1.153783299629661953e+06,4.106423829952435267e-01,2.170773078271417099e-03,1.049057056493345907e+00,7.402181029912864585e-03
1.175277117462945171e+06,4.062386636844538823e-01,2.329072880319089066e-03,1.029793498511983874e+00,9.568589488074085228e-03
1.197171343418965582e+06,3.990455943382534842e-01,2.891614865940104594e-03,1.015490861210621931e+00,1.314467648420917026e-02
1.219473436696738238e+06,3.942074918891339541e-01,2.823629181803020364e-03,1.001673363354746771e+00,6.447301928810246496e-03
1.242190995452616131e+06,3.874533888409411042e-01,1.899921129732164409e-03,9.870172076295513630e-01,7.457652929668665345e-03
1.265331759388940409e+06,3.829801796453762286e-01,4.147077807733347103e-03,9.728167788553815365e-01,8.585008844766272434e-03
1.288903612390891649e+06,3.762062578497350485e-01,2.083107917592356972e-03,9.618947481200901262e-01,5.051311506199391600e-03
1.312914585212465376e+06,3.700971348574644826e-01,2.216875714896432512e-03,9.426668708701058108e-01,8.515467607300628711e-03
1.337372858212494990e+06,3.665311258614228906e-01,1.938462325710920428e-03,9.251239501816822530e-01,6.757599407770940696e-03
1.362286764141644118e+06,3.611913853265728558e-01,2.807775209352190299e-03,9.085866700260570861e-01,6.145317586262073577e-03
1.387664790981307160e+06,3.563757060737199334e-01,1.336306422668279712e-03,8.911638029589783461e-01,1.020695111143457220e-02
1.413515584835395683e+06,3.503100491446787257e-01,2.799523813647869508e-03,8.816711724290687835e-01,8.590862235836620522e-03
1.439847952876006486e+06,3.485852559656489325e-01,2.963204982787724564e-03,8.652801254578073031e-01,1.030986479305404276e-02
1.466670866343965521e+06,3.434973760224913075e-01,2.037152582866635139e-03,8.385656968129661104e-01,6.362336138103849223e-03
1.493993463605256286e+06,3.382384113108874990e-01,2.918212019989552004e-03,8.332311588410472591e-01,4.765671864126122190e-03
1.521825053264386952e+06,3.335336887320352606e-01,2.765251833494195791e-03,8.148739149724335551e-01,7.324159912996250008e-03
1.550175117335768882e+06,3.292196649644733020e-01,3.000460751959182354e-03,7.986799059722691219e-01,8.244277621153232524e-03
1.579053314474172657e+06,3.256423172640403596e-01,2.840034736296730145e-03,7.814613324052775978e-01,1.061111496175755689e-02
1.608469483265355229e+06,3.225329046752027917e-01,2.521707242769614075e-03,7.638664400002793675e-01,6.862939942894596794e-03
1.638433645577984629e+06,3.184466227089941537e-01,2.609301632379261437e-03,7.538779001353344000e-01,7.448805229967527843e-03
1.668956009978023125e+06,3.132233701089813249e-01,2.696734354635530687e-03,7.339096042531684239e-01,1.013801476759751234e-02
1.700046975206714589e+06,3.088042540072981623e-01,1.857631681915608178e-03,7.142983066770544065e-01,7.767509472207312880e-03
1.731717133723352803e+06,3.075207281862216147e-01,2.473952519634820164e-03,6.955782228047333593e-01,4.905434317734436167e-03
1.763977275314045139e+06,3.024062318284180262e-01,2.093381982290829033e-03,6.811084471793640294e-01,7.252780066713127548e-03
1.796838390767719364e+06,3.007849051421910835e-01,3.890798200077940326e-03,6.647464968067858804e-01,1.021100296875282996e-02
1.830311675620609196e+06,2.968207409971176380e-01,2.368882285892676392e-03,6.421814578753253233e-01,7.026085440076360392e-03
1.864408533970485209e+06,2.936355174254705602e-01,1.770227682548245005e-03,6.310287351889699581e-01,7.065559716488389354e-03
1.899140582361935638e+06,2.908415419783343392e-01,1.462674434670870873e-03,6.092638037530531125e-01,7.558439217893567035e-03
1.934519653744044248e+06,2.903957379447065223e-01,1.665576693434101582e-03,5.973766735476833123e-01,7.612744689570846886e-03
1.970557801501796348e+06,2.857150311407857801e-01,1.840232771821964219e-03,5.731353878440306193e-01,8.014985722324527093e-03
2.007267303562568268e+06,2.847655145442660740e-01,2.393464674048271287e-03,5.609233966210871447e-01,9.143988448953071363e-03
2.044660666579117766e+06,2.819834986115074549e-01,1.942434891164786757e-03,5.383062101624908058e-01,5.978565249860554910e-03
2.082750630190514261e+06,2.795168285496528182e-01,2.290029246792456112e-03,5.214467079567828289e-01,8.638941311256346026e-03
2.121550171362448018e+06,2.763181137623012540e-01,2.530105214761266437e-03,5.067136592824523778e-01,8.711057653573299128e-03
2.161072508808376268e+06,2.741164591106866055e-01,1.976788807033457579e-03,4.923038738651503432e-01,8.096711755410783765e-03
2.201331107493032236e+06,2.721778418091149732e-01,1.889197787500823244e-03,4.702153773941911696e-01,7.784818890831230603e-03
2.242339683219844941e+06,2.709864515347553682e-01,1.656283073707943325e-03,4.553742896900333514e-01,5.036975588165082569e-03
2.284112207303821109e+06,2.687352190852342337e-01,3.007894814701862068e-03,4.343933763651064983e-01,5.010252127506496442e-03
2.326662911331458017e+06,2.681291132609971428e-01,1.848573258941872558e-03,4.194938166462140461e-01,6.339393463888544356e-03
2.370006292009330355e+06,2.658763154258976247e-01,2.705326877243394764e-03,3.981542391505613621e-01,6.220059863193276410e-03
2.414157116103017703e+06,2.638920762499833428e-01,2.495841689149918066e-03,3.820015478659653518e-01,7.420356809205073088e-03
2.459130425468041562e+06,2.630489004017596555e-01,2.188403644627531699e-03,3.660687616475454265e-01,4.565952170811142866e-03
2.504941542174502276e+06,2.616993081987376568e-01,1.873725254369481555e-03,3.444419078698516268e-01,6.089465018627979002e-03
2.551606073727186304e+06,2.598705347251788478e-01,2.973051815347626647e-03,3.291896857722759195e-01,5.693773027826099994e-03
2.599139918382932898e+06,2.602286166431527215e-01,2.177101834803901650e-03,3.093829689678812556e-01,9.021341094271001157e-03
2.647559270567063708e+06,2.576436664502554930e-01,1.473573803452002352e-03,2.908762482186693088e-01,8.984140990264292276e-03
2.696880626390692778e+06,2.564242014014433968e-01,2.809159826561313626e-03,2.699424877599121975e-01,7.662767652656991835e-03
2.747120789270814508e+06,2.556914719429191352e-01,2.304844164179818515e-03,2.546760237811064864e-01,8.196103755581283026e-03
2.798296875655116048e+06,2.535489256757518239e-01,2.882439696554417105e-03,2.341182573244737775e-01,1.049394361855199298e-02
2.850426320853431709e+06,2.547496982984601699e-01,1.553825398132070712e-03,2.165805764223769359e-01,5.116011221568887539e-03
2.903526884977813810e+06,2.538934714913674284e-01,2.483389010568672148e-03,1.985786351169081809e-01,9.353158149721122958e-03
2.957616658993256744e+06,2.514714860352803560e-01,2.451745927248313254e-03,1.833893268637257212e-01,5.247190179877118076e-03
3.012714070881164167e+06,2.524181723447108672e-01,2.523910910635446259e-03,1.636620390245639434e-01,5.555011984907987088e-03
3.068837891917638946e+06,2.500236099584481897e-01,2.364787561456075781e-03,1.480286476336468982e-01,4.287574534807814947e-03
3.126007243068703450e+06,2.509299508220922403e-01,2.387759015203362589e-03,1.273453215396675164e-01,5.803584983567174407e-03
3.184241601504649967e+06,2.490791427737197306e-01,2.556128822254200451e-03,1.083799386218348842e-01,5.314260815558180355e-03
3.243560807235804852e+06,2.491527686320909873e-01,2.059353735750828196e-03,9.331487058512584476e-02,6.979929171125489815e-03
3.303985069871854968e+06,2.493714395725561417e-01,2.124057788763924776e-03,7.644049519916636115e-02,7.208295251818204290e-03
3.365534975507094525e+06,2.485520746134718684e-01,1.418189596201730384e-03,5.632591352057385314e-02,4.438527352415256970e-03
3.428231493733967189e+06,2.492552049353352339e-01,2.030893247145804017e-03,3.517334239155305020e-02,5.416249833202397418e-03
3.492095984787264373e+06,2.477496898044026508e-01,2.579543991195927099e-03,2.055666666719022789e-02,5.976318764110984116e-03
3.557150206821382511e+06,2.490829419033401548e-01,1.520928293471274576e-03,2.254127856171761392e-03,6.144056305315065067e-03
3.623416323323149700e+06,2.466547767172763694e-01,1.518801670647248851e-03,-1.915772737266432241e-02,4.667347828942867115e-03
3.690916910662774462e+06,2.479479983504916107e-01,1.738961726931394659e-03,-3.703117597691725493e-02,8.264978770788619644e-03
3.759674965785460081e+06,2.487086266472548490e-01,1.109254180995443081e-03,-5.074839389887313146e-02,3.880452413896390632e-03
3.829713914046277292e+06,2.481071944478912827e-01,2.000342554169067411e-03,-7.194525639366280978e-02,6.522931639172664491e-03
3.901057617190993391e+06,2.487206143680077974e-01,1.570854169573222218e-03,-8.833007141513507521e-02,5.927619704995370532e-03
3.973730381485604215e+06,2.482811427643346058e-01,9.274402574582987909e-04,-1.057735047262602368e-01,5.190102943721610664e-03
4.047756965997314081e+06,2.483063656583894829e-01,1.451677431246464062e-03,-1.211518016999710845e-01,4.207847708145606193e-03
4.123162591029748321e+06,2.478073562154034515e-01,1.716453434671812378e-03,-1.374371349182560709e-01,3.624590359580597086e-03
4.199972946715306491e+06,2.473254172577402932e-01,1.410287524786474778e-03,-1.513289984628106155e-01,5.703952836145567695e-03
4.278214201767613180e+06,2.475820873429919744e-01,1.228170868575488009e-03,-1.638293449305051885e-01,2.979018195863417443e-03
4.357913012397021055e+06,2.478390627206057961e-01,1.961347367651134366e-03,-1.764531850917729072e-01,4.255366018811310158e-03
4.439096531392166391e+06,2.499320648114308485e-01,1.179753900358717885e-03,-1.866897794614104100e-01,5.093315574890127859e-03
4.521792417370702140e+06,2.518026846979550259e-01,1.500178051778144504e-03,-1.991259346760121951e-01,5.155621668159979590e-03
4.606028844202398323e+06,2.536075023477902812e-01,7.766234937124036905e-04,-2.059977032835020039e-01,3.823716551816676995e-03
4.691834510607789271e+06,2.562391759101178002e-01,1.150871593286439650e-03,-2.191754782283550917e-01,5.736328472931592933e-03
4.779238649935594760e+06,2.583459885110631626e-01,1.481701844498096651e-03,-2.304212141868617891e-01,4.299082298823283903e-03
4.868271040122283623e+06,2.616555045265459567e-01,1.324364596069725012e-03,-2.392074956579312572e-01,6.547417935215185496e-03
4.958962013837211765e+06,2.650521718103480695e-01,1.768766167725875464e-03,-2.489576536679070085e-01,5.107163521294482908e-03
5.051342468816756271e+06,2.687676070225631930e-01,1.035364195088314633e-03,-2.594667211738096446e-01,5.124286756385442593e-03
5.145443878390924074e+06,2.727031369743195266e-01,1.917650105739080596e-03,-2.640161087987257238e-01,5.611620321215137278e-03
5.241298302206061780e+06,2.771600615529446476e-01,1.629249240050325469e-03,-2.748484668760872718e-01,5.096091181781682231e-03
5.338938397147350013e+06,2.810954254674886688e-01,1.788023723667426894e-03,-2.787538002395173464e-01,8.011191942010451386e-03
5.438397428464790806e+06,2.862462168580368616e-01,1.840037419838069354e-03,-2.884063518996311526e-01,3.601863164116967699e-03
5.539709281106400304e+06,2.916248706954889802e-01,1.085493066499163039e-03,-2.940517529903640126e-01,3.083917857098897319e-03
5.642908471262542531e+06,2.968446516123611767e-01,1.817560287449795269e-03,-2.951178627825553624e-01,5.751708941509094120e-03
5.748030158125351183e+06,3.024058037239887864e-01,2.124428239551125717e-03,-3.015490001876795501e-01,4.765206521361824502e-03
5.855110155867232010e+06,3.081728639017448645e-01,2.115310190605520970e-03,-3.073248353711749425e-01,5.597086967842036798e-03
5.964184945842459798e+06,3.119542920419288157e-01,1.569010922940013066e-03,-3.192952832333462720e-01,4.739138769631912398e-03
6.075291689016077667e+06,3.200137159208936710e-01,2.673981243244838088e-03,-3.176745968260073494e-01,3.915456247273377439e-03
6.188468238624382764e+06,3.270748752619405120e-01,3.347482208118163476e-03,-3.185854716813034671e-01,5.435354666454583240e-03
6.303753153071268462e+06,3.289851712231458558e-01,2.887661326995028411e-03,-3.201921778579867595e-01,7.764446797896385616e-03
6.421185709064758383e+06,3.374399495366026680e-01,2.758376203534016347e-03,-3.233964618736545060e-01,8.488829559316355203e-03
6.540805914998259395e+06,3.438984420742343673e-01,2.401824080557263437e-03,-3.254168541989367336e-01,6.726016362183108617e-03
6.662654524581149220e+06,3.495646678263573115e-01,3.401889466255199768e-03,-3.365663761342137517e-01,6.269529816241325645e-03
6.786773050723288208e+06,3.543391031745612985e-01,1.948232751184040363e-03,-3.302619687321954323e-01,9.937979685308481401e-03
6.913203779678127728e+06,3.638810374974524309e-01,4.075763564987854720e-03,-3.375501400470170554e-01,5.207798179642464560e-03
7.041989785449295305e+06,3.723923596213162268e-01,2.785544791298895807e-03,-3.356254094345825223e-01,6.088533287331315130e-03
7.173174944465612993e+06,3.766481449012145655e-01,2.177203707552963219e-03,-3.305736037170697306e-01,6.486367159385344160e-03
7.306803950529492460e+06,3.863989106854284206e-01,2.707377163703219344e-03,-3.326078659260364723e-01,8.451062448402602012e-03
7.442922330043758266e+06,3.935710061143844474e-01,3.259671222131517183e-03,-3.298227699470678842e-01,8.996725166425710574e-03
7.581576457522117533e+06,4.034466638659829352e-01,4.317935744100644124e-03,-3.413494306776151399e-01,8.756486487136297403e-03
7.722813571388642304e+06,4.099846206834267259e-01,3.311580240124065329e-03,-3.254018125579500875e-01,9.906454645132088677e-03
7.866681790071574040e+06,4.216166647644229437e-01,4.467384838642603738e-03,-3.256911331833762802e-01,1.071568712702751329e-02
8.013230128396886401e+06,4.298284990704113184e-01,4.893516429060162931e-03,-3.204362166128083556e-01,6.752102251815069074e-03
8.162508514287220314e+06,4.407504367305654647e-01,3.156838878625833900e-03,-3.224799728608322424e-01,6.200799192995848363e-03
8.314567805772047490e+06,4.514624719910352857e-01,4.936153643427099343e-03,-3.271744178226949074e-01,8.363390653272210692e-03
8.469459808314576745e+06,4.630682298695939503e-01,6.610952298883837619e-03,-3.121375755733440394e-01,1.687062112653932994e-02
8.627237292461451143e+06,4.829972454637332935e-01,4.909671426345599450e-03,-3.179671116357262739e-01,8.337809501537283771e-03
8.787954011821310967e+06,4.911254837892038982e-01,4.498900271834556722e-03,-3.099902260515907115e-01,1.525039114032398710e-02
8.951664721378283575e+06,5.041350507921794621e-01,7.367142605648010177e-03,-3.028116802050563328e-01,1.404318703949027601e-02
9.118425196146562696e+06,5.184963493878811391e-01,5.344757054173380519e-03,-3.121701931546265185e-01,2.166310626037096926e-02
9.288292250172499567e+06,5.358749247839543761e-01,5.271073083575130575e-03,-2.989640653259624803e-01,9.212958398063722867e-03
9.461323755890760571e+06,5.498987232967749161e-01,7.086041087917644039e-03,-2.944562643403408897e-01,1.064392787055130039e-02
9.637578663841068745e+06,5.652577267369979230e-01,5.990282610870186451e-03,-3.054110920222557479e-01,9.557251744570421925e-03
9.817117022752182558e+06,5.886609799619916261e-01,7.435474627723275345e-03,-2.932141059846923303e-01,1.537869935622321327e-02
1.000000000000000000e+07,6.132617423204683726e-01,7.299555596629466424e-03,-2.766431185346628907e-01,1.331681269941500240e-02
