# #Freq[Hz], #Gain_mean[a.u.], #Gain_std[a.u.], #Phase_mean[rad], #Phase_std[rad]
1.000000000000000000e+02,4.514618573520845501e+00,2.814615420596013225e-03,-1.707144425341620364e+00,6.835543260777976384e-04
1.013939457675291749e+02,4.576853324679246882e+00,3.947617458252491128e-03,-1.708900473157648037e+00,5.555735678398787030e-04
1.028073223830864720e+02,4.641227056901835013e+00,2.624371704469753708e-03,-1.711276864496067418e+00,3.598882163358354700e-04
1.042404007021556822e+02,4.703931003271345723e+00,2.856517836005858114e-03,-1.712842246508932131e+00,4.912389177206414118e-04
1.056934553557988323e+02,4.768367423144863615e+00,1.878610085727568015e-03,-1.714886267642561135e+00,7.224174609121190643e-04
1.071667648032863269e+02,4.835315128979886801e+00,2.314615608656810184e-03,-1.717352841546869069e+00,6.028658425976395107e-04
1.086606113854596884e+02,4.899468182503576408e+00,2.837774677152318532e-03,-1.719280161744453750e+00,6.265780635478227422e-04
1.101752813788387328e+02,4.966565925100968393e+00,2.049449306862471260e-03,-1.721152045567716060e+00,4.653904011325502325e-04
1.117110650504824179e+02,5.034614734858441132e+00,1.552361205283836736e-03,-1.723465631088579642e+00,4.701939349867665470e-04
1.132682567136153722e+02,5.103854513581016050e+00,2.933112173512146797e-03,-1.725462090504153112e+00,3.012931798221336953e-04
1.148471547840289020e+02,5.174415983745081604e+00,2.529697667588510970e-03,-1.727482859434144036e+00,6.155428746669720525e-04
1.164480618372686678e+02,5.242590025946600285e+00,3.027954699122376546e-03,-1.729768305910745596e+00,2.830150759390518810e-04
1.180712846666190359e+02,5.314249113039378081e+00,2.202571796463925584e-03,-1.731865368231799263e+00,3.944271457889082181e-04
1.197171343418966813e+02,5.387950240530239299e+00,1.963176624711720792e-03,-1.733804200704761822e+00,5.627255427308636452e-04
1.213859262690627645e+02,5.460767122508872085e+00,2.046899847362771991e-03,-1.736243968289548745e+00,4.449715446261069685e-04
1.230779802506665845e+02,5.534631801794108519e+00,3.508933677494745738e-03,-1.738706815491573021e+00,4.190404913082153293e-04
1.247936205471311411e+02,5.610599701677395856e+00,2.049901362148005401e-03,-1.740730739493737023e+00,4.738835709761986432e-04
1.265331759388942885e+02,5.685763254369579300e+00,3.726783871366900515e-03,-1.743254785468901336e+00,5.593552065443562578e-04
1.282969797894147632e+02,5.763828059472994703e+00,1.495215635501676282e-03,-1.745698054496365170e+00,4.177087696476245826e-04
1.300853701090570667e+02,5.842452013888111750e+00,3.135120494148690203e-03,-1.748274491336028857e+00,4.515877005708921355e-04
1.318986896198670422e+02,5.920546887466946018e+00,3.801686889757569139e-03,-1.750435692019709055e+00,6.090863630907905092e-04
1.337372858212496283e+02,6.000852026330734112e+00,2.970190007836694991e-03,-1.752960000017364184e+00,4.078068797007344901e-04
1.356015110565633393e+02,6.083439168956550347e+00,3.226944824035785173e-03,-1.755666843694513535e+00,5.140960287032278562e-04
1.374917225806419196e+02,6.164001407127569721e+00,2.731591005665030738e-03,-1.757905602678947243e+00,1.998814836237757713e-04
1.394082826282578651e+02,6.247790155312041627e+00,2.106810061651319659e-03,-1.760687529697418707e+00,4.335422692122954452e-04
1.413515584835395771e+02,6.331083533271673502e+00,3.839725914647057307e-03,-1.763133286726350502e+00,2.379388670288094094e-04
1.433219225503573853e+02,6.416110663586698237e+00,3.095697140321638542e-03,-1.766119617493151051e+00,6.840942274610650655e-04
1.453197524236895504e+02,6.503934747069844313e+00,3.156420079137223743e-03,-1.768582471066547201e+00,5.160212245501705295e-04
1.473454309619835954e+02,6.590574555298235104e+00,1.887350642782259372e-03,-1.771440641504648195e+00,4.101398405076457534e-04
1.493993463605257830e+02,6.679425238065419990e+00,1.858721825501030191e-03,-1.774223269728089303e+00,3.857358082139024933e-04
1.514818922258345708e+02,6.768911637599098974e+00,3.128147684617678913e-03,-1.776456266470902490e+00,5.134149045210534496e-04
1.535934676510896963e+02,6.859389963659131340e+00,3.604138874038023601e-03,-1.779201615774410827e+00,4.825936202643705381e-04
1.557344772926135192e+02,6.950311136910825027e+00,4.067193206712576073e-03,-1.782202409683814492e+00,4.413569846056276686e-04
1.579053314474175806e+02,7.041630145261225771e+00,2.989697764026344722e-03,-1.784733227311961823e+00,3.422284418583239948e-04
1.601064461318317740e+02,7.133775217427944071e+00,4.002729843447638131e-03,-1.788102109237379223e+00,4.138773110366906474e-04
1.623382431612278083e+02,7.224660277039944845e+00,2.696035459110597467e-03,-1.791160521336259581e+00,2.215658078007530030e-04
1.646011502308549836e+02,7.322328330147340303e+00,2.627276693838306691e-03,-1.794142102653983439e+00,4.575612604157752532e-04
1.668956009978024895e+02,7.419184047447664909e+00,2.661599177470210572e-03,-1.796844168804156538e+00,2.551839805797892144e-04
1.692220351641037155e+02,7.515387016065146142e+00,3.094509757895103508e-03,-1.799936568225841693e+00,4.169213777063883030e-04
1.715808985610004811e+02,7.614400949082922310e+00,3.022791711368321820e-03,-1.802933421275243031e+00,3.399152870192620230e-04
1.739726432343800866e+02,7.716064148229693664e+00,2.896647678494170593e-03,-1.806193729975501316e+00,4.572234557587443122e-04
1.763977275314045130e+02,7.818182764492736858e+00,3.448551983005421206e-03,-1.809707986646247990e+00,2.962844370551649654e-04
1.788566161883461803e+02,7.920675433978151325e+00,2.305375192895913784e-03,-1.812700918242950321e+00,3.032665965166710803e-04
1.813497804196495338e+02,8.025673197471078879e+00,4.077820511680680694e-03,-1.815919758295034159e+00,3.689955747307759374e-04
1.838776980082326986e+02,8.133016700206763261e+00,2.790621481191558027e-03,-1.819123013678607181e+00,2.573144437602036287e-04
1.864408533970487269e+02,8.236594524322159216e+00,3.749521864991461721e-03,-1.822649375073290612e+00,3.662959926201240514e-04
1.890397377819221560e+02,8.346467286631147786e+00,2.234005686265697760e-03,-1.825668910938037071e+00,3.681058057491828428e-04
1.916748492056815110e+02,8.456412884672042551e+00,4.625176674576914233e-03,-1.829406224046049800e+00,3.156192313014222445e-04
1.943466926536020196e+02,8.564471635125419979e+00,2.612749431278009547e-03,-1.832773339113024091e+00,3.953731844473108562e-04
1.970557801501800270e+02,8.676930554700875931e+00,4.254519015583618606e-03,-1.836174442584546540e+00,2.206635956004686144e-04
1.998026308572550818e+02,8.791372209179156627e+00,2.520533176665261128e-03,-1.839786369234307273e+00,3.620730581557482573e-04
2.025877711735017215e+02,8.903888919057674656e+00,2.453502316220575533e-03,-1.843335838797572679e+00,2.384063942159547278e-04
2.054117348353064187e+02,9.020250066525786536e+00,2.366667656181205542e-03,-1.847111208255079573e+00,4.917846488950251621e-04
2.082750630190514300e+02,9.138285316492019916e+00,4.901870292289802616e-03,-1.850754453665513832e+00,4.450909783448902179e-04
2.111783044448244482e+02,9.255910127006591992e+00,3.160651126694857295e-03,-1.854230402814450063e+00,2.328032540575576117e-04
2.141220154815729302e+02,9.376680090474806661e+00,4.044814064844306015e-03,-1.858195356603179249e+00,3.551742490882857351e-04
2.171067602537264918e+02,9.497834767552866708e+00,3.185621609989287405e-03,-1.861972862877906865e+00,3.563415334478665366e-04
2.201331107493032277e+02,9.618609675804234982e+00,2.848354129153911514e-03,-1.865919385992819368e+00,3.427238324345939307e-04
2.232016469295234629e+02,9.743604838903118903e+00,3.279071910221411854e-03,-1.869730952517359324e+00,3.210419447277096817e-04
2.263129568399529603e+02,9.866776551351085445e+00,4.650926067507345739e-03,-1.873583171465690089e+00,2.709373440294091388e-04
2.294676367231936069e+02,9.995393572442704766e+00,4.736788954563293449e-03,-1.877834840357493817e+00,4.556423309357443292e-04
2.326662911331457906e+02,1.012248337868622983e+01,3.653092397380065630e-03,-1.881728645836555858e+00,2.966134670106192368e-04
2.359095330508636152e+02,1.025134613395579031e+01,2.512397899251549507e-03,-1.885842052050811901e+00,2.625341024684956881e-04
2.391979840020239862e+02,1.038080040137684534e+01,2.920605024342500834e-03,-1.890048587706247174e+00,3.697279075359905637e-04
2.425322741760352869e+02,1.051254206392967561e+01,3.973608695816812156e-03,-1.894202249324891785e+00,3.376724908188183838e-04
2.459130425468044052e+02,1.064875272864949451e+01,5.742604505572825903e-03,-1.898274776320107105e+00,7.506515786332345003e-04
2.493409369951880308e+02,1.077969092360588554e+01,4.158953758718672046e-03,-1.902713299565092386e+00,2.958859628341402336e-04
2.528166144331500504e+02,1.091571280679700529e+01,2.329386616260619054e-03,-1.906881682281782897e+00,3.080005229897893391e-04
2.563407409296514743e+02,1.104963323608278891e+01,3.154136853358241802e-03,-1.911268617295565075e+00,4.030744574182422370e-04
2.599139918382932706e+02,1.118990330128163890e+01,4.328647115828181818e-03,-1.915773275034981182e+00,3.275268240009242098e-04
2.635370519267393092e+02,1.133039510339739664e+01,4.039054671313647288e-03,-1.920145806062023563e+00,3.704453944324145268e-04
2.672106155079435439e+02,1.147248125050334622e+01,4.471980122427008167e-03,-1.924547898548065961e+00,2.957338535385243736e-04
2.709353865732051645e+02,1.161594510295192428e+01,3.402450068673333518e-03,-1.929420472235109596e+00,2.978075238387191772e-04
2.747120789270811656e+02,1.175729340057628036e+01,3.608204602978371933e-03,-1.933906983586146211e+00,2.387673812146454350e-04
2.785414163241769074e+02,1.190164514276958307e+01,2.657109006279984292e-03,-1.938512759441409772e+00,2.977350000541877551e-04
2.824241326078435463e+02,1.204645621691917690e+01,3.095164500648619858e-03,-1.943565837085652559e+00,3.427506427326496648e-04
2.863609718508116089e+02,1.219272720777238916e+01,3.173448737910165417e-03,-1.948112032203750399e+00,1.413670137543926886e-04
2.903526884977814007e+02,1.233780089173432692e+01,3.056159966652110052e-03,-1.952893420599872698e+00,2.943298333276560329e-04
2.944000475100033896e+02,1.248789506869022858e+01,3.343727776238149610e-03,-1.957847295026209355e+00,2.913221765298604996e-04
2.985038245118732334e+02,1.263948506162029695e+01,2.869151645518826666e-03,-1.962712051532650603e+00,4.568769881157695397e-04
3.026648059395691917e+02,1.279136703030291322e+01,2.627281209500737045e-03,-1.967674880756886679e+00,3.279251919449028044e-04
3.068837891917642082e+02,1.294572203265473931e+01,4.480852074506620070e-03,-1.972571675294895410e+00,2.792404211511858008e-04
3.111615827824359712e+02,1.309981356826577326e+01,3.252001577253269514e-03,-1.977811743875011574e+00,2.989883979726719386e-04
3.154990064958088283e+02,1.325549523174721855e+01,4.188875150534713057e-03,-1.983136879869919600e+00,4.200131500697048235e-04
3.198968915434537621e+02,1.341517649343785124e+01,5.183379541629297080e-03,-1.987999009783113724e+00,2.173004354799260148e-04
3.243560807235811581e+02,1.357350333812252074e+01,3.083101348061194867e-03,-1.993182144773584241e+00,3.636791707342901486e-04
3.288774285825510333e+02,1.373368546307771965e+01,8.657983852313404921e-03,-1.998569070208498832e+00,6.719953158312736699e-04
3.334618015786362548e+02,1.389465595826497690e+01,4.431222385299001323e-03,-2.003889508363175587e+00,1.798622325735784312e-04
3.381100782480685325e+02,1.405541633404163804e+01,5.222171051107040753e-03,-2.009334871381068588e+00,3.637144332285245684e-04
3.428231493733970865e+02,1.422203883188936757e+01,4.810062693717778899e-03,-2.014728867548090552e+00,2.211224654513431595e-04
3.476019181541977332e+02,1.438769133836125924e+01,5.993916621193897711e-03,-2.020216981173411419e+00,2.950811477691174067e-04
3.524473003801587652e+02,1.454920882824237971e+01,4.459318431923820804e-03,-2.025679576028790674e+00,2.935569682167834334e-04
3.573602246065788108e+02,1.471608110305571415e+01,4.292039871436297352e-03,-2.031336721477818852e+00,2.152412706226316933e-04
3.623416323323149868e+02,1.488418362514801530e+01,5.250220015255779166e-03,-2.037194825641825524e+00,2.765485192484748878e-04
3.673924781802074335e+02,1.505363736730191704e+01,4.187546217114927923e-03,-2.043050566564716952e+00,2.635138814094375114e-04
3.725137300800209346e+02,1.522715382306832943e+01,5.395072639751014205e-03,-2.048450640756400709e+00,3.388732710452751519e-04
3.777063694539368726e+02,1.539338977068066505e+01,4.245230614163315701e-03,-2.054325663443742123e+00,2.667130359827765652e-04
3.829713914046280934e+02,1.556565209009966466e+01,4.559631417349236521e-03,-2.060435068821407256e+00,2.855365194003956029e-04
3.883098049059605046e+02,1.573841847490509771e+01,5.172874051039614424e-03,-2.066036720213767275e+00,3.684811965249154119e-04
3.937226329963483522e+02,1.591344253070636761e+01,7.917197007265354067e-03,-2.071994709460021511e+00,3.242028224601867584e-04
3.992109129748053533e+02,1.608592543409147169e+01,8.746483103649112939e-03,-2.078042800477852836e+00,3.000911418890116590e-04
4.047756965997322141e+02,1.626777464714488275e+01,5.632529680071118178e-03,-2.083868938157963591e+00,2.754578692908853706e-04
4.104180502904709442e+02,1.644459854393666021e+01,4.916229172550728305e-03,-2.090002252947348538e+00,3.566293726382036770e-04
4.161390553316707042e+02,1.661770801425925725e+01,6.353804755864061668e-03,-2.096308581605530907e+00,3.157839055026039239e-04
4.219398080805024165e+02,1.679656145628968389e+01,5.163279410353062947e-03,-2.102329153899977765e+00,2.656970866184814447e-04
4.278214201767617055e+02,1.697440962935444730e+01,4.754785779184036824e-03,-2.108630864522897497e+00,4.009939484197223565e-04
4.337850187558988750e+02,1.715232354260736969e+01,4.377388233935941217e-03,-2.114942326131147077e+00,2.804764880343804754e-04
4.398317466650223651e+02,1.733060795576768953e+01,4.132133203148256537e-03,-2.121321685179642369e+00,2.974514934551634581e-04
4.459627626819095667e+02,1.751513711192127687e+01,6.194392996475239950e-03,-2.127813754653774758e+00,3.130967506590862808e-04
4.521792417370701855e+02,1.769651023612477303e+01,6.234596515747726012e-03,-2.134268076430013927e+00,3.195284603199951418e-04
4.584823751389096174e+02,1.787954066706861056e+01,3.530251268804665467e-03,-2.140766819451060510e+00,3.502138773993363342e-04
4.648733708020256472e+02,1.805994282312919097e+01,3.028032844779491532e-03,-2.147325054465577754e+00,3.302553016997017898e-04
4.713534534786907102e+02,1.824626932328209605e+01,4.667406533227780319e-03,-2.153866360447959316e+00,2.229272159452118959e-04
4.779238649935600165e+02,1.842667311164611732e+01,4.698163967487621259e-03,-2.160327622650044521e+00,3.131384059649245147e-04
4.845858644816495939e+02,1.861180238713643575e+01,4.450533895948115617e-03,-2.166951269009497416e+00,2.631251005166265018e-04
4.913407286296362031e+02,1.880144591168152601e+01,7.713501793018049009e-03,-2.173713906241382610e+00,2.246801954754066644e-04
4.981897519205165281e+02,1.898418312879540082e+01,9.893491212293532497e-03,-2.180270112814548078e+00,3.775770300655570118e-04
5.051342468816766313e+02,1.917051895721868959e+01,3.529149474692678048e-03,-2.187406875799496220e+00,3.049302316315258862e-04
5.121755443364240818e+02,1.935215185664768711e+01,6.515892686865461768e-03,-2.194026863018017082e+00,3.425324135033970974e-04
5.193149936590211837e+02,1.953787835598195599e+01,4.325444988005232652e-03,-2.201168426510244469e+00,3.321981209296505366e-04
5.265539630332755223e+02,1.972070736995795315e+01,5.095092746637784435e-03,-2.207980959617509953e+00,2.351541576853876476e-04
5.338938397147350088e+02,1.991026413989256838e+01,5.542649022530586091e-03,-2.214864128702117796e+00,2.945402956744522975e-04
5.413360302965380697e+02,2.009413422235324020e+01,8.844470646472995037e-03,-2.221859142807415921e+00,2.646009446695971393e-04
5.488819609789671858e+02,2.028315778848251938e+01,5.284335139590772348e-03,-2.229026476561421166e+00,3.168239429687215924e-04
5.565330778427645555e+02,2.046698766089612320e+01,6.216513516395632752e-03,-2.236189510564710936e+00,1.661199907887873852e-04
5.642908471262542207e+02,2.065461012595167034e+01,4.594488866986727940e-03,-2.243173659401717313e+00,3.340135387063540226e-04
5.721567555063252257e+02,2.083878825262701895e+01,7.454654436115203640e-03,-2.250394377118332567e+00,3.152411672073820678e-04
5.801323103833378809e+02,2.102432640928719465e+01,7.523401147181624400e-03,-2.257511508549989721e+00,2.341085435364508081e-04
5.882190401699955373e+02,2.121218034698362942e+01,6.959028743653841546e-03,-2.264621085019606017e+00,3.180358268233798229e-04
5.964184945842459911e+02,2.139730173714301742e+01,1.048965751359292806e-02,-2.271868401989110886e+00,2.234051011516676962e-04
6.047322449462649274e+02,2.157790299644435805e+01,6.058150815613358962e-03,-2.279235751061147841e+00,2.707946166143714701e-04
6.131618844795775658e+02,2.176061277574797970e+01,6.775938324017552819e-03,-2.286411400859729603e+00,4.210880851642341354e-04
6.217090286163827386e+02,2.194196201579314831e+01,6.448782294235662002e-03,-2.293644641365456316e+00,1.674278392403236334e-04
6.303753153071281758e+02,2.213022604466869581e+01,6.371760287762667611e-03,-2.301130161736649082e+00,3.260964908996616353e-04
6.391624053344005461e+02,2.231063313748106935e+01,8.343457690779411406e-03,-2.308511493312734419e+00,3.554057427736132218e-04
6.480719826311971019e+02,2.249445592583830589e+01,4.443787356077006680e-03,-2.315887664103937205e+00,1.971305985285561491e-04
6.571057546036270196e+02,2.267798523167945035e+01,4.381305269700343924e-03,-2.323369041643933208e+00,2.226437427799556686e-04
6.662654524581149644e+02,2.285966962427469440e+01,4.320440624872298914e-03,-2.330768145184693996e+00,2.151311590453437869e-04
6.755528315331639533e+02,2.303948496422239955e+01,6.798112588966257960e-03,-2.338154113668228895e+00,1.459230469010315665e-04
6.849696716357447031e+02,2.321880385623596865e+01,5.605976563129258863e-03,-2.345764988531588990e+00,3.605319940125297656e-04
6.945177773823696725e+02,2.339631377340743867e+01,7.111675026361155040e-03,-2.353233895989152114e+00,3.076050743486967616e-04
7.041989785449288775e+02,2.357445909238716197e+01,5.796444166613654719e-03,-2.360743788192025683e+00,2.162892003435691970e-04
7.140151304013403433e+02,2.375254690984280259e+01,5.217166692793963334e-03,-2.368325412508251571e+00,2.771249536825923275e-04
7.239681140910877275e+02,2.393061086022552786e+01,8.928857086604222171e-03,-2.376015053522683385e+00,2.563626152454338055e-04
7.340598369757211685e+02,2.410642506638959048e+01,6.464244724625210596e-03,-2.383764143375171951e+00,3.400552996790155128e-04
7.442922330043758166e+02,2.427928161466137880e+01,3.774873416007270503e-03,-2.391287544475162896e+00,1.926766296017866364e-04
7.546672630843886509e+02,2.445446550798641994e+01,4.400550038014879907e-03,-2.398663371496501551e+00,2.750774941334724029e-04
7.651869154570825913e+02,2.462460759523566978e+01,5.300572409710004561e-03,-2.406472124939171842e+00,2.583414427451855510e-04
7.758532060787836144e+02,2.479238252096002881e+01,8.679641800981678645e-03,-2.413928302083412802e+00,2.296292095833047514e-04
7.866681790071581872e+02,2.496234741538183499e+01,5.053559979019016032e-03,-2.421609173606086962e+00,2.120284115931596574e-04
7.976339067929280873e+02,2.512677139077016619e+01,8.202355724629375316e-03,-2.429380116546881574e+00,2.871257158637448010e-04
8.087524908770457159e+02,2.529549574484394014e+01,5.211521025598956323e-03,-2.437006546886383518e+00,2.402624228293319701e-04
8.200260619934131228e+02,2.545891872478691909e+01,7.270204367375106627e-03,-2.444754807903250171e+00,2.209669136920088645e-04
8.314567805772063593e+02,2.562390429921243395e+01,6.218715285386187432e-03,-2.452425275490361489e+00,3.007995049349413298e-04
8.430468371788966806e+02,2.579375443391277756e+01,8.420394661912945777e-03,-2.459957205892402410e+00,3.161211724870235701e-04
8.547984528840413532e+02,2.595086640517299514e+01,8.566716325959598116e-03,-2.467607894502220400e+00,2.187890620299981579e-04
8.667138797389233105e+02,2.611075116877694313e+01,8.873436999433050379e-03,-2.475366360186049164e+00,2.147412274441775151e-04
8.787954011821319682e+02,2.626256062404929637e+01,9.072737210682338752e-03,-2.483076678569605011e+00,3.189888225940737247e-04
8.910453324821512524e+02,2.642550916670164796e+01,6.593252855086394887e-03,-2.490586930754328687e+00,2.464689088991053509e-04
9.034660211810534065e+02,2.657567475936134471e+01,6.508854284944898955e-03,-2.498293418701310831e+00,3.405462327281050727e-04
9.160598475443709958e+02,2.672531708186279431e+01,3.901607017835644932e-03,-2.506012601085438884e+00,2.428019376613764762e-04
9.288292250172498825e+02,2.688344743445330920e+01,6.282042433609713941e-03,-2.513752745368515562e+00,3.135200152348524083e-04
9.417766006869518378e+02,2.703078277728401346e+01,6.711907197267621972e-03,-2.521436765159928761e+00,2.555810119438101493e-04
9.549044557518077454e+02,2.717950521053690949e+01,8.196452370597536938e-03,-2.529255724961392726e+00,2.026840861523315654e-04
9.682153059967085937e+02,2.732931755332167612e+01,1.036723760712940888e-02,-2.536793051677308508e+00,2.277070583514821276e-04
9.817117022752192952e+02,2.747155156673240839e+01,1.142926501227694951e-02,-2.544510062432139730e+00,3.072489076880916101e-04
9.953962309984233343e+02,2.761781357916225943e+01,1.340254652262894142e-02,-2.552076221156355018e+00,3.269354221876402482e-04
1.009271514630571801e+03,2.775334934315461055e+01,6.752610600105369947e-03,-2.559652202504471230e+00,4.067807015304359341e-04
1.023340212191642308e+03,2.789396858577269356e+01,1.040444780778556136e-02,-2.567197326717275185e+00,3.027244425234775892e-04
1.037605019766911710e+03,2.803416338180067058e+01,7.244251655799088807e-03,-2.574978425714168573e+00,2.714152481747939775e-04
1.052068671023622755e+03,2.816711370017661054e+01,7.138530941770049668e-03,-2.582451053656176221e+00,4.189822610982001701e-04
1.066733937734857136e+03,2.830538529648559276e+01,1.231666174251440718e-02,-2.590077386512945168e+00,3.054821289201417470e-04
1.081603630310709377e+03,2.844206698847164105e+01,6.331008777963177334e-03,-2.597790280945580399e+00,2.614126781426889595e-04
1.096680598336868570e+03,2.856944834159761371e+01,1.045698429783177216e-02,-2.605511802496249807e+00,5.141100318597688606e-04
1.111967731120699000e+03,2.869949064032018526e+01,8.614560692411822596e-03,-2.612930511259437427e+00,2.352754319577964764e-04
1.127467958244947340e+03,2.882611322417112731e+01,6.684291941198954902e-03,-2.620502976756949653e+00,3.631671613645726516e-04
1.143184250129150314e+03,2.894709099953207598e+01,5.227214198640038438e-03,-2.627894395297093233e+00,1.710993835631631065e-04
1.159119618598885609e+03,2.907280338800430286e+01,9.926324659143637499e-03,-2.635438088784921362e+00,2.930258634432513398e-04
1.175277117462945171e+03,2.919181127610603355e+01,6.827983637258039883e-03,-2.643035862176385642e+00,2.286185883399869843e-04
1.191659843098558667e+03,2.930647669074763328e+01,1.004526207930615291e-02,-2.650291198248372559e+00,3.535636699759612546e-04
1.208270935044776024e+03,2.943033856122665526e+01,1.167574442908270518e-02,-2.657776054915131247e+00,2.392381525333178065e-04
1.225113576604119089e+03,2.954241046290296779e+01,6.140264126666290616e-03,-2.665441103588295668e+00,3.203422688647460494e-04
1.242190995452617472e+03,2.965982973842950088e+01,5.440433173607019113e-03,-2.672901014283020960e+00,2.258420152372300673e-04
1.259506464258357710e+03,2.977548772095219221e+01,8.409140209544212555e-03,-2.680257793230425012e+00,2.816388298531576702e-04
1.277063301308644668e+03,2.988287011433951790e+01,6.530091297458195249e-03,-2.687817727918573318e+00,3.779498588937834974e-04
1.294864871145904999e+03,2.998698456254798117e+01,7.586432114950330229e-03,-2.694993997290488608e+00,2.663695073200361566e-04
1.312914585212465227e+03,3.009372264088607807e+01,8.936864986312543016e-03,-2.702278432649953377e+00,4.149517791990160113e-04
1.331215902504307678e+03,3.019714337623246436e+01,9.520605632862154735e-03,-2.709656687988823975e+00,2.510836712773503645e-04
1.349772330233941830e+03,3.030417415687844596e+01,7.073927978441015528e-03,-2.716864472798843799e+00,2.609100523989366376e-04
1.368587424502517706e+03,3.040075138021633805e+01,1.012629030813374034e-02,-2.724082666938688391e+00,3.557891115397976531e-04
1.387664790981308442e+03,3.049977524422498121e+01,1.164138996883932846e-02,-2.731383941976087470e+00,3.043638986707006668e-04
1.407008085602685014e+03,3.059559785109094676e+01,9.438384945813556998e-03,-2.738421556149519098e+00,2.535586902170085754e-04
1.426621015260738432e+03,3.069469486465008501e+01,8.028090535188261642e-03,-2.745739976487077794e+00,2.435581871122289243e-04
1.446507338521647171e+03,3.079176429095112866e+01,1.158765796047005713e-02,-2.753057733397428652e+00,2.794375084273984910e-04
1.466670866343968555e+03,3.087750884721796751e+01,9.930602580922131759e-03,-2.760069255815687406e+00,2.429379652181916502e-04
1.487115462808953680e+03,3.096559834875449013e+01,9.365138923951219635e-03,-2.767316237464567230e+00,2.493052842648338526e-04
1.507845045861050949e+03,3.105514967286832118e+01,1.303768819341610992e-02,-2.774214110060329919e+00,2.388200210648275560e-04
1.528863588058729420e+03,3.113663963095576648e+01,9.620629028710131828e-03,-2.781553101476059275e+00,3.354428238432049505e-04
1.550175117335770437e+03,3.122591034117215969e+01,7.789136222589407299e-03,-2.788562586293569900e+00,4.030587540851200603e-04
1.571783717773162834e+03,3.130181990164272676e+01,6.214367147328532341e-03,-2.795664965805394697e+00,3.635813323204285818e-04
1.593693530381776100e+03,3.138011100384527552e+01,9.312602040178455734e-03,-2.802595893388609483e+00,2.606497816032576518e-04
1.615908753895919062e+03,3.145900342426232754e+01,1.008380862300531020e-02,-2.809811047045587706e+00,3.087764124493427181e-04
1.638433645577984635e+03,3.153390066513548362e+01,8.095782375478387249e-03,-2.816658204533624588e+00,3.593707483526941272e-04
1.661272522034292933e+03,3.160445146119185011e+01,7.965465048162605546e-03,-2.823490087523855330e+00,2.389141296464371506e-04
1.684429760042315138e+03,3.168225506999731778e+01,9.168273904128665386e-03,-2.830628576549250486e+00,2.198174879106475934e-04
1.707909797389426785e+03,3.175745854646336852e+01,7.990099106344003554e-03,-2.837510868740810377e+00,2.621300735940873799e-04
1.731717133723352845e+03,3.182354318427538686e+01,1.429920269698591734e-02,-2.844317917312741084e+00,3.395439797968098053e-04
1.755856331414468741e+03,3.189093327203721628e+01,6.609813998550695228e-03,-2.851180165808684386e+00,2.012058234016917281e-04
1.780332016430113754e+03,3.195693102711918598e+01,8.701572454912768345e-03,-2.858267267171235027e+00,2.242529270375086140e-04
1.805148879221110064e+03,3.202180001936659437e+01,7.086364065165439395e-03,-2.864860415277668437e+00,2.613777072709406275e-04
1.830311675620612959e+03,3.209042947811548174e+01,9.235816756599440208e-03,-2.871849990724613111e+00,3.694287974246514175e-04
1.855825227755518881e+03,3.215111354589724613e+01,1.489330336835944374e-02,-2.878489743392192768e+00,3.261112159860578914e-04
1.881694424970555474e+03,3.221276500867092807e+01,7.220866494891267987e-03,-2.885390411146137701e+00,3.013588453232648881e-04
1.907924224765265080e+03,3.226899003287326906e+01,8.005411805872313796e-03,-2.892132230725056985e+00,3.519867542283738621e-04
1.934519653744044263e+03,3.232359482313121646e+01,7.146108154803081786e-03,-2.898985951480857803e+00,3.170609819268496482e-04
1.961485808579431477e+03,3.238209547444702707e+01,1.015509119393339516e-02,-2.905842903231054652e+00,3.522140521426912600e-04
1.988827856988809799e+03,3.243351437764356149e+01,1.072636404089763983e-02,-2.912382350824096910e+00,4.397764683402788973e-04
2.016551038724748423e+03,3.248293845774580291e+01,8.462109767761297890e-03,-2.919085697928751166e+00,2.777562835848765440e-04
2.044660666579117787e+03,3.253982994504413995e+01,8.285534348723529868e-03,-2.925699421682357304e+00,1.964440205595033642e-04
2.073162127401230919e+03,3.258700106422476495e+01,8.079186451707999483e-03,-2.932396327345425213e+00,2.056510431010491512e-04
2.102060883130158345e+03,3.262821213973870016e+01,9.437090540091204807e-03,-2.939181135159380176e+00,3.627918873425450938e-04
2.131362471841437582e+03,3.268327057282587589e+01,9.697404398250526053e-03,-2.945794018160431182e+00,2.938313650796576257e-04
2.161072508808376369e+03,3.272009930866843064e+01,1.170466713562718156e-02,-2.952349344416467680e+00,3.741496173369147677e-04
2.191196687578147248e+03,3.276469764097329573e+01,9.237805867426963566e-03,-2.958931837140954979e+00,3.047375802477486325e-04
2.221740781062884707e+03,3.280227101980586468e+01,7.338843775105520842e-03,-2.965686277485464206e+00,2.941685000915445435e-04
2.252710642645980442e+03,3.284620048251589708e+01,1.089381709350926465e-02,-2.972343130716279092e+00,3.377991649340409894e-04
2.284112207303825471e+03,3.288755162951274258e+01,7.531062875982317759e-03,-2.978984284690419315e+00,1.837857333417538619e-04
2.315951492743154631e+03,3.292567829044573813e+01,1.145848255551305817e-02,-2.985478725756039786e+00,3.098985315453026395e-04
2.348234600554276312e+03,3.296221322788047559e+01,1.319521314874533106e-02,-2.991998211428269716e+00,4.277037290739863309e-04
2.380967717380358408e+03,3.299053212851744377e+01,6.870857006355304483e-03,-2.998722298922995577e+00,2.206498810669568951e-04
2.414157116103017870e+03,3.303280132337052066e+01,9.901954697097318375e-03,-3.005342361629820491e+00,3.080015492073410305e-04
2.447809157044440326e+03,3.306906595844229457e+01,9.887250875003892464e-03,-3.011820261613134431e+00,2.216231195047255350e-04
2.481930289186255322e+03,3.308486280235809573e+01,1.421381333543303080e-02,-3.018461405538010567e+00,3.653829705082575589e-04
2.516527051405391830e+03,3.311722122730019180e+01,1.115216583548504607e-02,-3.024864934651275039e+00,4.178884685001720283e-04
2.551606073727186413e+03,3.314934465139509001e+01,9.033392459379353465e-03,-3.031464039232323326e+00,2.408534459413925837e-04
2.587174078595923675e+03,3.317664842072930043e+01,1.072241905295756755e-02,-3.038197682025432833e+00,3.685247156208742015e-04
2.623237882163123686e+03,3.319382958339440393e+01,8.640317459394178737e-03,-3.044900421990631934e+00,3.351512905145633643e-04
2.659804395593758272e+03,3.322037012031852043e+01,1.257514214583310870e-02,-3.051421524533773244e+00,3.375211836654424158e-04
2.696880626390692669e+03,3.324732314103857078e+01,1.266958025871652363e-02,-3.058007529342826381e+00,3.922828031325035721e-04
2.734473679737579914e+03,3.326759698761885176e+01,1.185272481177489928e-02,-3.064702060133517758e+00,1.789697004684237839e-04
2.772590759860481285e+03,3.328172018512502461e+01,1.025982173890199571e-02,-3.071220419145699765e+00,2.159438949575717172e-04
2.811239171408464244e+03,3.330084137318024062e+01,9.955329504353691364e-03,-3.077896174603205193e+00,3.257594420383408363e-04
2.850426320853434845e+03,3.331927787264406504e+01,1.487514594146498344e-02,-3.084279420544446371e+00,3.551515886296120143e-04
2.890159717909511528e+03,3.332187260279627594e+01,1.243387584484592460e-02,-3.091162876386052805e+00,3.299630018523356254e-04
2.930446976972144512e+03,3.334381496717526261e+01,1.460921235313088727e-02,-3.097577270557612561e+00,3.282839585065308336e-04
2.971295818577334103e+03,3.335145578144915390e+01,1.144881351471395414e-02,-3.104347166087171761e+00,2.655167653230218450e-04
3.012714070881164389e+03,3.336846242605398771e+01,1.174410645096308180e-02,-3.110887176874937321e+00,2.669154972869065877e-04
3.054709671159967911e+03,3.337203507669511993e+01,8.245124463186979599e-03,-3.117677018851742421e+00,2.507218920776838316e-04
3.097290667331406894e+03,3.338466153431946282e+01,1.196500278494105375e-02,-3.124362426742975707e+00,3.746379782136747606e-04
3.140465219496752070e+03,3.338668829116805625e+01,9.902373866040122333e-03,-3.131037705677198524e+00,3.422331754561861480e-04
3.184241601504652863e+03,3.338779710814884538e+01,9.680184106874786462e-03,-3.137729514647371154e+00,3.168776145606539080e-04
3.228628202536733625e+03,3.338791319304925054e+01,1.135607805977392054e-02,3.138938879249999481e+00,3.799591380735471962e-04
3.273633528715247849e+03,3.338426486360657464e+01,1.313559261479880190e-02,3.131776011425661643e+00,3.338974619216811810e-04
3.319266204733189625e+03,3.338663200721914137e+01,1.335098187480688973e-02,3.124979278202942190e+00,3.222781146890506352e-04
3.365534975507094259e+03,3.339008133922001065e+01,9.692815731425925493e-03,3.118102081979974294e+00,3.363012040380506198e-04
3.412448707852889584e+03,3.339228736648719575e+01,1.467709692229152672e-02,3.111360523054453431e+00,3.762095108495037738e-04
3.460016392185108998e+03,3.338020268526079803e+01,1.039010757849207281e-02,3.104438585502144576e+00,3.038372170611549641e-04
3.508247144239788668e+03,3.337459328676701631e+01,1.069842601647246275e-02,3.097384545983414394e+00,3.824972439563972728e-04
3.557150206821385837e+03,3.336713463584014505e+01,1.251920181770579434e-02,3.090538256848709864e+00,3.150256791039318617e-04
3.606734951574027946e+03,3.335161226452645167e+01,6.844785414592497418e-03,3.083271305436074528e+00,2.936569847942754191e-04
3.657010880777493185e+03,3.334216654970973792e+01,1.155721454544940408e-02,3.076350738884658487e+00,3.243877606379830291e-04
3.707987629168172589e+03,3.333141341031598159e+01,1.359717395525416282e-02,3.069441547156015471e+00,2.604983339435050765e-04
3.759674965785467521e+03,3.331373612794801886e+01,1.848623007144817310e-02,3.062212716978597982e+00,2.234115469470427436e-04
3.812082795843888107e+03,3.329497677984048920e+01,1.221791602353025988e-02,3.055083788018799762e+00,1.680115229768541795e-04
3.865221162631261905e+03,3.327488650942849802e+01,1.628442202900447916e-02,3.047926130042692527e+00,2.466801060674472953e-04
3.919100249433402041e+03,3.325334945329139202e+01,7.409700545765477049e-03,3.040575164748926529e+00,1.781762363291615589e-04
3.973730381485608177e+03,3.322341981830116708e+01,6.411679564360889608e-03,3.033415208621486947e+00,3.091793809898433273e-04
4.029122027951347718e+03,3.320214534117048544e+01,1.622184496060745038e-02,3.026029571118542982e+00,2.392627527454534674e-04
4.085285803928565656e+03,3.317584486035921998e+01,9.489106753007308173e-03,3.018652742726740890e+00,3.563884790192991246e-04
4.142232472483898164e+03,3.314395375150245115e+01,1.066581672623305964e-02,3.011211032626330386e+00,3.131990749917845456e-04
4.199972946715306534e+03,3.311315678047013478e+01,1.600441031739412504e-02,3.003574604122209557e+00,4.090555179263486926e-04
4.258518291843414772e+03,3.306899219163535264e+01,1.452360283214280436e-02,2.996111644950718578e+00,2.707643214197686201e-04
4.317879727332021503e+03,3.303261260500458718e+01,7.210667509231579245e-03,2.988387950172126661e+00,3.637006325298695777e-04
4.378068629038166364e+03,3.299587075368621214e+01,1.523111954147549074e-02,2.980511231149394646e+00,3.748534004426831603e-04
4.439096531392170618e+03,3.295129014194585437e+01,1.321295242378733165e-02,2.972779315924512833e+00,3.212050491338270782e-04
4.500975129608046700e+03,3.290711395860365940e+01,1.281343340899454564e-02,2.965515425376417991e+00,3.107781219986334702e-04
4.563716281924758732e+03,3.286245035217224597e+01,1.680115517076468876e-02,2.957328089474427824e+00,2.657876552363579777e-04
4.627332011878693265e+03,3.281284894989143197e+01,7.280106389949555883e-03,2.949450163830092286e+00,3.306815115722685290e-04
4.691834510607798620e+03,3.275525532592862987e+01,8.612001096498591440e-03,2.941480224478937977e+00,3.773348355198483518e-04
4.757236139187889421e+03,3.270180778341905636e+01,1.271804794163883950e-02,2.933206613661949014e+00,2.367354720464486851e-04
4.823549431001467383e+03,3.263614509914372519e+01,1.145182757841812886e-02,2.925217671459544810e+00,4.706783583225453366e-04
4.890787094139589499e+03,3.258034415770343628e+01,1.411331810705948944e-02,2.917005116519400865e+00,2.922151504695578951e-04
4.958962013837211998e+03,3.251549014755253353e+01,9.652835997674880444e-03,2.908717176065796828e+00,5.082830860243019383e-04
5.028087254942480286e+03,3.244359091761312186e+01,1.369946863095552678e-02,2.900305949032139896e+00,2.646461052601552471e-04
5.098176064420425064e+03,3.237610362386897123e+01,1.324483822714242996e-02,2.892009540046541538e+00,3.393972531552358861e-04
5.169241873891603973e+03,3.230440432214192015e+01,7.535654504059061988e-03,2.883332501626589384e+00,4.923126810537877592e-04
5.241298302206061635e+03,3.222643428293552148e+01,1.203065886915290900e-02,2.874641845120457617e+00,4.859777404212660325e-04
5.314359158053241117e+03,3.214706755515822323e+01,1.227026303269838393e-02,2.866007841270394430e+00,2.444828016304046022e-04
5.388438442608223340e+03,3.205805355661885159e+01,1.440959843566323902e-02,2.857543021437981334e+00,3.771099568868778234e-04
5.463550352214875602e+03,3.197946158924964877e+01,9.273894706322156553e-03,2.848603145811694048e+00,4.883983418233716050e-04
5.539709281106400340e+03,3.188255196213649967e+01,1.526779233183959972e-02,2.839732088275331190e+00,2.700551412387301319e-04
5.616929824163809826e+03,3.179174301212993825e+01,9.729311269031473350e-03,2.830660458272273416e+00,4.488558328570486922e-04
5.695226779712825191e+03,3.168606761951705408e+01,1.582071665688195711e-02,2.821531674696572178e+00,3.167139648067080924e-04
5.774615152359820058e+03,3.158509265233611885e+01,1.050319500065044140e-02,2.812304458604866220e+00,5.100717277250943395e-04
5.855110155867243520e+03,3.148035548736667266e+01,9.561556930439767468e-03,2.803241817855210982e+00,2.341716132394140336e-04
5.936727216069126371e+03,3.136685193192000654e+01,7.015851798132898345e-03,2.794037455938003234e+00,4.879328912521214783e-04
6.019481973827274487e+03,3.125443673111620768e+01,1.002247483829423608e-02,2.784624101192676449e+00,3.516939814841382479e-04
6.103390288028621399e+03,3.113295433823475378e+01,7.855137385856737070e-03,2.774880381329613233e+00,3.321509248114491784e-04
6.188468238624383048e+03,3.100848347395629645e+01,6.896407480324350837e-03,2.765397492575038640e+00,4.546746248632021602e-04
6.274732129711574999e+03,3.088950829487321670e+01,1.310586716071329358e-02,2.755813102680467530e+00,5.319314276057544345e-04
6.362198492657488714e+03,3.076072101173939544e+01,1.022367841761723933e-02,2.746216119391039712e+00,3.116461687262516702e-04
6.450884089267692616e+03,3.062009612031283723e+01,1.561054100863438002e-02,2.736439214145735654e+00,3.630430579528369874e-04
6.540805914998259141e+03,3.047802227186271651e+01,8.814295100122023288e-03,2.726585653985728719e+00,3.172433483085238806e-04
6.631981202212675271e+03,3.033855774612622014e+01,1.306908670960765621e-02,2.716532539916280076e+00,3.788490399543183954e-04
6.724427423484249630e+03,3.019177529057317955e+01,1.547917107777385323e-02,2.706538142523406076e+00,3.979767092753014410e-04
6.818162294944479072e+03,3.003603176915304473e+01,1.144716287473663933e-02,2.696325770128850330e+00,5.335922975745072952e-04
6.913203779678127830e+03,2.987546181049285821e+01,9.553220548249443528e-03,2.686683441491235946e+00,2.872051569652265277e-04
7.009570091165617669e+03,2.971216332622925549e+01,1.049283837006609321e-02,2.676259137756310302e+00,3.520628896059829456e-04
7.107279696773419346e+03,2.955235907524162897e+01,8.639120558413622766e-03,2.666176014097344726e+00,3.585829932000146668e-04
7.206351321293052024e+03,2.938767513071035609e+01,9.242044171417053769e-03,2.655797632906536698e+00,4.340350161303786498e-04
7.306803950529507347e+03,2.921092567118611072e+01,1.088449651705732102e-02,2.645553966096054754e+00,4.360516875022992477e-04
7.408656834939567489e+03,2.902807792758894223e+01,1.155883664544229972e-02,2.634996147878625461e+00,2.168230950295504391e-04
7.511929493320968504e+03,2.883991254613758315e+01,1.301948384774649116e-02,2.624784652704162724e+00,4.068755515898493809e-04
7.616641716552891921e+03,2.866294805515814303e+01,9.812273238244144727e-03,2.614029406379286158e+00,3.340893538328569817e-04
7.722813571388642231e+03,2.847656969761517232e+01,1.056239868673434709e-02,2.603654159008335522e+00,6.630669126692465172e-04
7.830465404301183298e+03,2.827419701664506846e+01,1.253246748686254013e-02,2.593108815110603871e+00,2.954534274600448371e-04
7.939617845382275846e+03,2.808028368833510768e+01,8.386874626151655590e-03,2.582871499089161915e+00,4.305915000046484954e-04
8.050291812295980890e+03,2.788111532319592811e+01,1.455235635908250572e-02,2.572316067732185907e+00,4.289594122444587002e-04
8.162508514287228536e+03,2.767158770432891401e+01,6.601236049158197387e-03,2.561961393054134284e+00,3.350775147190155419e-04
8.276289456246351619e+03,2.746380537753172035e+01,9.750271325016681562e-03,2.550987617184990786e+00,5.818996101566716950e-04
8.391656442830160813e+03,2.726347624040801065e+01,1.125752910898865540e-02,2.540726274274025975e+00,4.046208205847293560e-04
8.508631582640580746e+03,2.704441071919553252e+01,1.095456271377296710e-02,2.530200940538219978e+00,4.171842636871492867e-04
8.627237292461450124e+03,2.682747113778287229e+01,1.549559268676325638e-02,2.519857777931778120e+00,4.380571784644485657e-04
8.747496301554416277e+03,2.661104143110811293e+01,1.143039538931692710e-02,2.509611260350799178e+00,6.064826043653120122e-04
8.869431656014703549e+03,2.638582729263910664e+01,1.015861480461089164e-02,2.498909975907101177e+00,3.807073071688513752e-04
8.993066723187623211e+03,2.616018990447565784e+01,1.377847884904325089e-02,2.488625372403281411e+00,5.433155817355743693e-04
9.118425196146570670e+03,2.593059795338502482e+01,1.304123769297092610e-02,2.478593725490004118e+00,6.394810135448634851e-04
9.245531098233579542e+03,2.570562745294777329e+01,1.637243072603791760e-02,2.467813516131139639e+00,5.135274932529360591e-04
9.374408787663000112e+03,2.548139412968014739e+01,6.947400168236599408e-03,2.457532679590157976e+00,4.479392096359456014e-04
9.505082962189511818e+03,2.525114780592717878e+01,1.003459127109175390e-02,2.447421333448283054e+00,6.185951070534336047e-04
9.637578663841088201e+03,2.502225154257638806e+01,1.172322781160443222e-02,2.437402399885146398e+00,5.151458433550990283e-04
9.771921283717996630e+03,2.478753946654605045e+01,1.242738090081101435e-02,2.427200049577910690e+00,6.339005003798266159e-04
9.908136566858665901e+03,2.455848698001765840e+01,9.639203620373534495e-03,2.417377780477452553e+00,7.154890563001229092e-04
1.004625061717340213e+04,2.430669764288400714e+01,1.264479030972099488e-02,2.407097738187583325e+00,3.817435682463220475e-04
1.018628990244688612e+04,2.406962193632966418e+01,1.176515980916969205e-02,2.397530996933290304e+00,2.158691766725396514e-04
1.032828125941027429e+04,2.384125116185438742e+01,8.038294425977799557e-03,2.387617506596970252e+00,5.001511711694043910e-04
1.047225189888435489e+04,2.360140379661276455e+01,1.114679311603249297e-02,2.377528542044500703e+00,5.619322141009911809e-04
1.061822941099384661e+04,2.335605474236517765e+01,1.085892222469601182e-02,2.368027988378678561e+00,5.152935659957554732e-04
1.076624177045493343e+04,2.312064263276724319e+01,1.254462050835836694e-02,2.358289795879460193e+00,3.469480857004726779e-04
1.091631734193614830e+04,2.288184645678131446e+01,1.795033038879053841e-02,2.348676748839211736e+00,6.193577070715378888e-04
1.106848488549411923e+04,2.265224596949245139e+01,1.028916367229525813e-02,2.339514486495496648e+00,4.811795519446214454e-04
1.122277356208509445e+04,2.240737030005783481e+01,1.342745840070233565e-02,2.330340046570551493e+00,4.913962482959759659e-04
1.137921293915313981e+04,2.217473176882952401e+01,7.286282748266947364e-03,2.320977563220418372e+00,4.400436510929338959e-04
1.153783299629661997e+04,2.193532650415187035e+01,1.099890824719410888e-02,2.311842580760850918e+00,6.885196717695132385e-04
1.169866413101305807e+04,2.169915792206115057e+01,1.227293641532270496e-02,2.302729061989541748e+00,5.802049075324081269e-04
1.186173716452479130e+04,2.146465720424958334e+01,6.973484819767892737e-03,2.293766685815131101e+00,6.482433074979992386e-04
1.202708334768512032e+04,2.122896631383643040e+01,1.342171977927543274e-02,2.285349486953477616e+00,6.241778124434017904e-04
1.219473436696738281e+04,2.098691364009373217e+01,1.410504687232683359e-02,2.276176205050079560e+00,9.207029239929898903e-04
1.236472235053714940e+04,2.076209140600039760e+01,5.050639238457523689e-03,2.267738878743203124e+00,5.757858996937409391e-04
1.253707987440919715e+04,2.052561706351449899e+01,8.780574745045024998e-03,2.259023116259152975e+00,5.281315276511048184e-04
1.271183996869030125e+04,2.030514998985433550e+01,5.576763487406341188e-03,2.250673114518125573e+00,6.321753908493429192e-04
1.288903612390891612e+04,2.007562707906422617e+01,1.049801548551401037e-02,2.242296596815475773e+00,4.986088287013633845e-04
1.306870229743347591e+04,1.984192693447841194e+01,7.163359133252466572e-03,2.234080623111823094e+00,4.831781493894371960e-04
1.325087291997951070e+04,1.962386705638766315e+01,1.048656869631860167e-02,2.225849675601663247e+00,8.032634441152346292e-04
1.343558290220826348e+04,1.939547005538976521e+01,4.425276671333797270e-03,2.217741452834355531e+00,5.218428886831936661e-04
1.362286764141646745e+04,1.917671579758851053e+01,1.290620971399373401e-02,2.209764766825683679e+00,6.674844222796112161e-04
1.381276302832009424e+04,1.894281972431894800e+01,9.172055331517613846e-03,2.202012636730235506e+00,5.676001742410836113e-04
1.400530545393219654e+04,1.873138902130080652e+01,7.812354248615148086e-03,2.194016646242082480e+00,8.012180043987496194e-04
1.420053181653681713e+04,1.851302460688537010e+01,7.963984725514523799e-03,2.186206379876467487e+00,4.498532441464599433e-04
1.439847952876009549e+04,1.829723197732882767e+01,1.026936797016500709e-02,2.178717401330497072e+00,5.174548782554118462e-04
1.459918652473977090e+04,1.808308288938337682e+01,1.584618202176017385e-02,2.171133316708533378e+00,5.110030399636918607e-04
1.480269126739510102e+04,1.786854015214643354e+01,4.269079956000109213e-03,2.163791053092070094e+00,5.214654512081897710e-04
1.500903275579736510e+04,1.765362531705051907e+01,1.377012668058828077e-02,2.156375544165106017e+00,4.460679982427338320e-04
1.521825053264387134e+04,1.744245572088760809e+01,8.182734686867988369e-03,2.148867577793146744e+00,4.698518730090611175e-04
1.543038469183564484e+04,1.723727424351088189e+01,8.521590213056371918e-03,2.141762256001693565e+00,4.757705084098931580e-04
1.564547588616095891e+04,1.703606460053050142e+01,1.011738823655881046e-02,2.135223505716981496e+00,7.774423965662827837e-04
1.586356533508589564e+04,1.683562342069636841e+01,8.489783783702454373e-03,2.128177322522489145e+00,5.660660541806855975e-04
1.608469483265355120e+04,1.663584452687620541e+01,1.419754154203429694e-02,2.120949822587598899e+00,6.498866181385955579e-04
1.630890675549334264e+04,1.643253903458877829e+01,7.976343649665543906e-03,2.114358864327257059e+00,7.171261978978726815e-04
1.653624407094178605e+04,1.622768590432728431e+01,7.805810636021538219e-03,2.107491234638222188e+00,6.293476755010470698e-04
1.676675034527701064e+04,1.604313741719456488e+01,1.409290169447675184e-02,2.100882741182692470e+00,7.725196084893527033e-04
1.700046975206717980e+04,1.584720712188950209e+01,8.655068345214726733e-03,2.094561827071682369e+00,2.566799721122540838e-04
1.723744708063620055e+04,1.565832550739527562e+01,1.065864706454940775e-02,2.088205891163704031e+00,8.593038000283219737e-04
1.747772774464680697e+04,1.546621742378603415e+01,9.614430462633081348e-03,2.081327003849132051e+00,6.296536184954845206e-04
1.772135779080358407e+04,1.528014865419865131e+01,6.089889538417236382e-03,2.075477606199425562e+00,8.033741995931293874e-04
1.796838390767723104e+04,1.509377655001190632e+01,1.419390186639468351e-02,2.069049204808339759e+00,7.057338350663295082e-04
1.821885343465165352e+04,1.491196238614691616e+01,1.182094822286976557e-02,2.062860031073802780e+00,4.945647479117948504e-04
1.847281437099635878e+04,1.472257716721194321e+01,7.875024231741457187e-03,2.057012062304523159e+00,7.069180097635733694e-04
1.873031538506434663e+04,1.455426270141352063e+01,6.235808645246544366e-03,2.050839995103689084e+00,5.565584346455382768e-04
1.899140582361935594e+04,1.437871673215297186e+01,5.619072232331180465e-03,2.044484089204299693e+00,8.505389110964080290e-04
1.925613572129198656e+04,1.419732478661223674e+01,9.111017417393209306e-03,2.038791807830666603e+00,7.395276696818184857e-04
1.952455581016861106e+04,1.403085982261161746e+01,7.924043981374506371e-03,2.033293301589544910e+00,8.075636114382200078e-04
1.979671752951332746e+04,1.385547145135672586e+01,6.868219750715982494e-03,2.027345177790621733e+00,8.267192068136073203e-04
2.007267303562568486e+04,1.368985241365676053e+01,8.579297662972803010e-03,2.021986951565442947e+00,8.826595115783502591e-04
2.035247521183579738e+04,1.351463631391305498e+01,7.702666507488304358e-03,2.015987549240345622e+00,8.819239738137211277e-04
2.063617767863856716e+04,1.335472174166002368e+01,6.574894621997191130e-03,2.010442883270624481e+00,1.062343405931578813e-03
2.092383480396979212e+04,1.319601457697597979e+01,8.319451385558850748e-03,2.005099535199380334e+00,7.421428272289745534e-04
2.121550171362448236e+04,1.303180288193829384e+01,1.194428708469609871e-02,1.999464134834249451e+00,9.429933213031334478e-04
2.151123430182167067e+04,1.287262588984195943e+01,6.540089102533175325e-03,1.994272904742657060e+00,5.860663839633372492e-04
2.181108924191520055e+04,1.271287523669987607e+01,8.834750220823337635e-03,1.988761510667332644e+00,6.485003592056972927e-04
2.211512399725488649e+04,1.255205995371974481e+01,1.278913889104507304e-02,1.984032887739365147e+00,8.669770741144246706e-04
2.242339683219845028e+04,1.240535267222373683e+01,8.997911110129938952e-03,1.978894941013201514e+00,1.339920140698811196e-03
2.273596682327715098e+04,1.224955794879091364e+01,7.657379665518892348e-03,1.974140205088172451e+00,7.554310322531219242e-04
2.305289387051710582e+04,1.210049992537831898e+01,8.335318916268673328e-03,1.968685637940776001e+00,9.706637011336111034e-04
2.337423870891812476e+04,1.195057704948724009e+01,7.947479371752269942e-03,1.963464195590217898e+00,7.784954602014763523e-04
2.370006292009330355e+04,1.180712921864255627e+01,8.414415426268591347e-03,1.958221939117045007e+00,1.210768895024948123e-03
2.403042894406969572e+04,1.166672226106405219e+01,1.444955451363487062e-02,1.952888334326217334e+00,1.041816067119822600e-03
2.436540009125466167e+04,1.151552128384586204e+01,1.336785540230642222e-02,1.949347562110201437e+00,6.825907047533952450e-04
2.470504055456825517e+04,1.137822405143065652e+01,8.086181758221719362e-03,1.943535131995499654e+00,1.169633447269570557e-03
2.504941542174502320e+04,1.123924880035004392e+01,8.588272166948700617e-03,1.938917846990850125e+00,1.254841506162896782e-03
2.539859068780729285e+04,1.109959114648567891e+01,8.249469917687836037e-03,1.933519661273366497e+00,1.745071827133917947e-03
2.575263326771198626e+04,1.096613801507782249e+01,1.115410825719007418e-02,1.929612596460386964e+00,1.252599250910370245e-03
2.611161100917462318e+04,1.083921986086213529e+01,8.134697240194759676e-03,1.925203834491541199e+00,1.138458655469006507e-03
2.647559270567063868e+04,1.070069751143826764e+01,1.058569672304215253e-02,1.919851267895756219e+00,7.310980163755371151e-04
2.684464810961965122e+04,1.056602826340167844e+01,1.214162545002550608e-02,1.915491681010954794e+00,9.482375792045949795e-04
2.721884794575179694e+04,1.043667581802193567e+01,9.206426615094662896e-03,1.911203723986944825e+00,1.277060858230345082e-03
2.759826392466180550e+04,1.030575288948216972e+01,7.804323189057688938e-03,1.906409787895847030e+00,1.384597213609832511e-03
2.798296875655115946e+04,1.017778472760623387e+01,7.831412075057444036e-03,1.901600694316980977e+00,9.056663463791593625e-04
2.837303616516211332e+04,1.005802960911524480e+01,1.147983164685127677e-02,1.896933568795444058e+00,1.456577515086328756e-03
2.876854090190597344e+04,9.933515811815075480e+00,4.406333879116024026e-03,1.892776030466124082e+00,9.590180172419475197e-04
2.916955876018793060e+04,9.812651838306653218e+00,8.605620149884710135e-03,1.888658844694256711e+00,8.126331991272489749e-04
2.957616658993256715e+04,9.694094277154329475e+00,8.252945893427048735e-03,1.884645910996483265e+00,1.414872507764760754e-03
2.998844231231024605e+04,9.566811252070625216e+00,9.861277142365941842e-03,1.879704885293144612e+00,9.693120657109366434e-04
3.040646493467068649e+04,9.445473665445959455e+00,1.162432472243343090e-02,1.875820751042782675e+00,5.814819886221563733e-04
3.083031456568276917e+04,9.328598193710936570e+00,1.274809532658318333e-02,1.870885671819298324e+00,8.757657199107559288e-04
3.126007243068703610e+04,9.220841440403676259e+00,1.238380922822938934e-02,1.866424590166258835e+00,1.312414938746157660e-03
3.169582088726115035e+04,9.106299960531247351e+00,1.217500381424944586e-02,1.862370660534560018e+00,1.225615216965853915e-03
3.213764344100275775e+04,8.989139010123299300e+00,1.163441772141324271e-02,1.857869973557105592e+00,1.617321474013086284e-03
3.258562476153229727e+04,8.877915036547431527e+00,9.440326302840935241e-03,1.853698138948194796e+00,1.272593840772664412e-03
3.303985069871854648e+04,8.771979281563657693e+00,9.926458786718857577e-03,1.849631940437816979e+00,1.258883797184329970e-03
3.350040829913136258e+04,8.659754115275095643e+00,6.390788152286338598e-03,1.844861955868581926e+00,9.928618785660240156e-04
3.396738582272202621e+04,8.547522161039021071e+00,8.371212123341532571e-03,1.841414044576129339e+00,1.301221678395133880e-03
3.444087275973823125e+04,8.448883982442975338e+00,1.071675347728546709e-02,1.837175920779621663e+00,1.338363992290130889e-03
3.492095984787271300e+04,8.349447322899019142e+00,7.450642801221788077e-03,1.832944267814559769e+00,1.696942345641588596e-03
3.540773908965269948e+04,8.243906528088054131e+00,1.500006658438474139e-02,1.829013837962812916e+00,1.533823237556629446e-03
3.590130377007068455e+04,8.143005563579967188e+00,8.493361145319703806e-03,1.824412119208550065e+00,1.250157708660964767e-03
3.640174847446137574e+04,8.036626954524374256e+00,1.097911049383403295e-02,1.820814123421242714e+00,1.729723856946945113e-03
3.690916910662782175e+04,7.944069583585951833e+00,1.376201946591134977e-02,1.817450734565595472e+00,1.336371952097215347e-03
3.742366290721976839e+04,7.846560895884655551e+00,7.144199449192167352e-03,1.811725812177292783e+00,1.312502188386049278e-03
3.794532847236942325e+04,7.742297012403604128e+00,1.017853711837108169e-02,1.809189377428797485e+00,1.121172419789040909e-03
3.847426577258505858e+04,7.651742845142142535e+00,9.147559961637659678e-03,1.804328381991158636e+00,2.252931225386655637e-03
3.901057617190993187e+04,7.559203680794351676e+00,1.238094181926342394e-02,1.800841582932808382e+00,1.394311014762019373e-03
3.955436244734701904e+04,7.453710252698792615e+00,9.964250936964014205e-03,1.795262784785380150e+00,1.424872742179190488e-03
4.010572880855495896e+04,7.362420448256800753e+00,9.685005624874133343e-03,1.792808637934933724e+00,1.173264528837308614e-03
4.066478091781862167e+04,7.267724223957053198e+00,1.426905608019578969e-02,1.788206916997716389e+00,1.214237259078491471e-03
4.123162591029748000e+04,7.175654715047945054e+00,3.800877272778361779e-03,1.784845849217626013e+00,1.825438420403150200e-03
4.180637241455761978e+04,7.097700707820337129e+00,1.129181972019814746e-02,1.780199919027251054e+00,1.476132358707200019e-03
4.238913057338774524e+04,7.002168284365529516e+00,1.162859715360789990e-02,1.776409649467972640e+00,1.987253611491197110e-03
4.298001206490798359e+04,6.910827889870017948e+00,4.968715509967181615e-03,1.773625724081875132e+00,1.594876752691063186e-03
4.357913012397029524e+04,6.831537004872378027e+00,1.595007383745044444e-02,1.768136675353834786e+00,2.401896557018802763e-03
4.418659956385941041e+04,6.746104709761965523e+00,1.343694553723902632e-02,1.764128381582276806e+00,1.601490206369477615e-03
4.480253679829489556e+04,6.664753264983964698e+00,1.235731522989395523e-02,1.760371007373050745e+00,1.161280113907375931e-03
4.542705986374042550e+04,6.578910022386669887e+00,1.335674005197506203e-02,1.757259299885106874e+00,1.064293168498761828e-03
4.606028844202407345e+04,6.495202131438740700e+00,1.455149413030357684e-02,1.752132100599242293e+00,2.413163520540779171e-03
4.670234388327330817e+04,6.413541935201936717e+00,1.208106472463134351e-02,1.748271555241605268e+00,2.246310120392383623e-03
4.735334922917121003e+04,6.334054839225058409e+00,8.395733108747962734e-03,1.744012019568699001e+00,2.867513375462659147e-03
4.801342923653445177e+04,6.257294635818124284e+00,1.419435870432032669e-02,1.740511292634034479e+00,2.182098599460592647e-03
4.868271040122283739e+04,6.177583459866260895e+00,1.876165343990339809e-02,1.736105433424653954e+00,3.018414317775074129e-03
4.936132098237916944e+04,6.092459607246993869e+00,1.504074954424665725e-02,1.733004333264393626e+00,2.761222792781660440e-03
5.004939102700953663e+04,6.020915339525877208e+00,7.357469080561877643e-03,1.728688840714690755e+00,2.208990789615545344e-03
5.074705239490466192e+04,5.945884942073027091e+00,1.316901085908437317e-02,1.726108075141374654e+00,2.858021429966252792e-03
5.145443878390924510e+04,5.862335164894230566e+00,1.844450064166714906e-02,1.720734885800111247e+00,2.039787233498700780e-03
5.217168575554354175e+04,5.794000630073609770e+00,9.142286763643788297e-03,1.717984638759285421e+00,1.516740705133833630e-03
5.289893076098145684e+04,5.719931552156257482e+00,1.084109353687020584e-02,1.713511609330617080e+00,2.670294208122949570e-03
5.363631316739245813e+04,5.651412671819072919e+00,1.200442415735053329e-02,1.709064269687298632e+00,2.049838872418754000e-03
5.438397428464801487e+04,5.567202458325089864e+00,1.133540639355883929e-02,1.705884277765080892e+00,2.830102496426011548e-03
5.514205739240301773e+04,5.501831807060476365e+00,1.155209175215213095e-02,1.701673925923572028e+00,1.540767832223312794e-03
5.591070776755292900e+04,5.425186600363590017e+00,1.583135223473624772e-02,1.697355791896485000e+00,1.976387498201955840e-03
5.669007271207433951e+04,5.365605230426482741e+00,8.014816811802098762e-03,1.693035824102187004e+00,2.479634328525302540e-03
5.748030158125350863e+04,5.288438847965157841e+00,1.492099244851227517e-02,1.688501097823289054e+00,2.992815051774880622e-03
5.828154581230839540e+04,5.223097198405979746e+00,1.740213528787161804e-02,1.687097136280905074e+00,2.568729324383984148e-03
5.909395895340976858e+04,5.150959364472536883e+00,1.135520525851311732e-02,1.681554371782348012e+00,2.730392987421581888e-03
5.991769669310612517e+04,5.090937311754567318e+00,1.295514402316978210e-02,1.678225743133953785e+00,1.918382293640638440e-03
6.075291689016076998e+04,5.027136818577244703e+00,2.110205816239807061e-02,1.675410026574533529e+00,3.439824776201518605e-03
6.159977960380168952e+04,4.950207602381364147e+00,1.596626127755863822e-02,1.670364641487099622e+00,3.191916554143941175e-03
6.245844712439618161e+04,4.888083547534696649e+00,1.273133079972561983e-02,1.665855938469680719e+00,3.761554773556688176e-03
6.332908400455114315e+04,4.820553953514725265e+00,1.315848906506698196e-02,1.661923450093885091e+00,3.133762164395892738e-03
6.421185709064757975e+04,4.769843026081510118e+00,1.127641361693895554e-02,1.659090987888325319e+00,2.706924901409446527e-03
6.510693555481467774e+04,4.713020981185808367e+00,1.676206006576633212e-02,1.654477110975660192e+00,3.390690695812600269e-03
6.601449092734883016e+04,4.644988619632404614e+00,1.091244868084574084e-02,1.650711185023315819e+00,3.655458873960326736e-03
6.693469712958668242e+04,4.585647162378514885e+00,1.190308108389454347e-02,1.645488925500929511e+00,3.392051412648392546e-03
6.786773050723288907e+04,4.523399497434749783e+00,1.994780274264050524e-02,1.641516050627239931e+00,4.567193873041526866e-03
6.881376986415669671e+04,4.456587551405176484e+00,1.690669083931395367e-02,1.635124252386100041e+00,3.251884664732932351e-03
6.977299649665538163e+04,4.401860315017541048e+00,1.689934450409798575e-02,1.633913111951635688e+00,4.267667593276903461e-03
7.074559422819878091e+04,4.343961678375462654e+00,1.840637323864857677e-02,1.629339536506428487e+00,4.032837709806113245e-03
7.173174944465613225e+04,4.286271464546685728e+00,1.798421756434216007e-02,1.626265905435672510e+00,3.332550240143047036e-03
7.273165113001453574e+04,4.226483388556493637e+00,2.404698360998323500e-02,1.622654082551122645e+00,4.653296177835043040e-03
7.374549090259561490e+04,4.180340099449147750e+00,2.197616844283050222e-02,1.617321893019154189e+00,3.155367847696536297e-03
7.477346305177580507e+04,4.113689409300379296e+00,1.679253837942736027e-02,1.616228971404896297e+00,4.740057055455782105e-03
7.581576457522118289e+04,4.057820502251487937e+00,2.290157636338084959e-02,1.608706555581300490e+00,4.018485825212640000e-03
7.687259521663720079e+04,4.009323331518755751e+00,1.291228585968718159e-02,1.606457182507584402e+00,4.594040772805045407e-03
7.794415750404950813e+04,3.958489456541801843e+00,1.667697074034729318e-02,1.604959306477358183e+00,3.130875093658365763e-03
7.903065678861347260e+04,3.897615788210194498e+00,2.043835894231909450e-02,1.598269329342183465e+00,3.775931831169752981e-03
8.013230128396885993e+04,3.858599422287286806e+00,1.961106356033945688e-02,1.592554098338975432e+00,3.296267125183303254e-03
8.124930210614047246e+04,3.803739004303919646e+00,2.209566314526481556e-02,1.588903619390248156e+00,6.872702584908642852e-03
8.238187331399600953e+04,3.755548475135997766e+00,1.226995325549327248e-02,1.587914826650513422e+00,6.119248948771016487e-03
8.353023195026787289e+04,3.696251207005088357e+00,1.203079962876042394e-02,1.580377080853506033e+00,6.225594581805956804e-03
8.469459808314575639e+04,3.646959361209319184e+00,2.155492144593865525e-02,1.578068565323641481e+00,4.075806442924092762e-03
8.587519484845179250e+04,3.605584586237866596e+00,1.909444252123808361e-02,1.577040153164962488e+00,4.759824137419100577e-03
8.707224849239921605e+04,3.559170467218026879e+00,2.731838120914435036e-02,1.569407799861453956e+00,5.052381374420416432e-03
8.828598841495149827e+04,3.511051850470003899e+00,2.183815567281231426e-02,1.564802643544072724e+00,5.211449671687287330e-03
8.951664721378301329e+04,3.455296281440399131e+00,1.865404938223760856e-02,1.559445316203348586e+00,5.254202970436249072e-03
9.076446072885356261e+04,3.412215081982590270e+00,1.839476898077145595e-02,1.555551528333356526e+00,4.205530067016246577e-03
9.202966808760428103e+04,3.355817999845328359e+00,2.495474829624413221e-02,1.555178426119804724e+00,5.647948427571315017e-03
9.331251175078240340e+04,3.315372068014592166e+00,2.492013029408159108e-02,1.549837413370961148e+00,4.343165232678468032e-03
9.461323755890778557e+04,3.268639417035624994e+00,2.700813634234014785e-02,1.546086181472882570e+00,6.180764633854758661e-03
9.593209477938231430e+04,3.227589784313368515e+00,2.313387045533622441e-02,1.540990446434198358e+00,6.783269409045375453e-03
9.726933615426179313e+04,3.179224386441277250e+00,2.367423157809996070e-02,1.538065096602140525e+00,6.739647633217351469e-03
9.862521794868784491e+04,3.137288703414001567e+00,2.659932251545441689e-02,1.533518490727243222e+00,4.047714690252080319e-03
1.000000000000000000e+05,3.103393694656161550e+00,1.836753212873759589e-02,1.531770546262297028e+00,3.960966662364777402e-03
