1.000000000000000000e+01 4.431504373013541165e-01 nan 8.629175124918369022e-01 nan
1.035321843295662170e+01 4.508587213336576749e-01 nan 8.404888398156638019e-01 nan
1.071891319205127502e+01 4.643687007170257952e-01 nan 8.296511723713924091e-01 nan
1.109752496412072098e+01 4.714243539148241235e-01 nan 8.168254410895068318e-01 nan
1.148951000187309113e+01 4.771905661686756672e-01 nan 7.890041619755665536e-01 nan
1.189534067370319548e+01 4.917747310037150488e-01 nan 7.672074970382216641e-01 nan
1.231550603292825485e+01 4.962437673940668370e-01 nan 7.546944527893222343e-01 nan
1.275051240713012923e+01 5.077579623087261629e-01 nan 7.355850555801159985e-01 nan
1.320088400831418163e+01 5.147479503433597392e-01 nan 7.273160338227402377e-01 nan
1.366716356462006665e+01 5.227630258267992325e-01 nan 7.051457820739228666e-01 nan
1.414991297434575834e+01 5.317072864871901228e-01 nan 6.907264943371984600e-01 nan
1.464971398307285533e+01 5.339922591713230915e-01 nan 6.707334613879889496e-01 nan
1.516716888470922520e+01 5.423179753264238956e-01 nan 6.622807734185531814e-01 nan
1.570290124729377546e+01 5.529342661549129234e-01 nan 6.380133837530808094e-01 nan
1.625755666443794212e+01 5.584000226493111008e-01 nan 6.256569902969442154e-01 nan
1.683180353330956791e+01 5.677214207241102484e-01 nan 6.098719873506790456e-01 nan
1.742633386009649854e+01 5.709867271373209041e-01 nan 5.859084871736008893e-01 nan
1.804186409392071866e+01 5.791719938868472584e-01 nan 5.712717129719799836e-01 nan
1.867913599020782911e+01 5.818373133836850508e-01 nan 5.580665090950698293e-01 nan
1.933891750455230962e+01 5.941956630692819541e-01 nan 5.403734598796514632e-01 nan
2.002200371815584390e+01 5.953677899571639953e-01 nan 5.293043297768367239e-01 nan
2.072921779595370850e+01 6.057293916528414535e-01 nan 5.058349061998095308e-01 nan
2.146141197858403515e+01 6.056957537835060412e-01 nan 4.960152228009309106e-01 nan
2.221946860939523916e+01 6.131586375656730148e-01 nan 4.823599484458926945e-01 nan
2.300430119772918047e+01 6.171359708551475975e-01 nan 4.692330086898377495e-01 nan
2.381685551976158166e+01 6.212502709130438561e-01 nan 4.558127210497473492e-01 nan
2.465811075822602660e+01 6.240639720613173624e-01 nan 4.355879945871263814e-01 nan
2.552908068239516481e+01 6.298724026064159709e-01 nan 4.292237379652039664e-01 nan
2.643081486974105587e+01 6.341388338353429743e-01 nan 4.142196923048069301e-01 nan
2.736439997074670671e+01 6.339957872977324271e-01 nan 3.990014018467054058e-01 nan
2.833096101839324277e+01 6.374851204027252027e-01 nan 3.824913160907392751e-01 nan
2.933166278390043757e+01 6.412414524431110374e-01 nan 3.849318376521724261e-01 nan
3.036771118035457562e+01 6.424476558946203841e-01 nan 3.647622384650741623e-01 nan
3.144035471591499942e+01 6.444331601418684663e-01 nan 3.469327506944441808e-01 nan
3.255088599835058005e+01 6.515624902485158687e-01 nan 3.356728324880142722e-01 nan
3.370064329271928472e+01 6.519333627254120245e-01 nan 3.286572935793192762e-01 nan
3.489101213406773638e+01 6.553296359955850248e-01 nan 3.221150658227833752e-01 nan
3.612342699709430605e+01 6.573043956665753917e-01 nan 3.128957757619099667e-01 nan
3.739937302478797676e+01 6.614016277839426250e-01 nan 2.961552980041215477e-01 nan
3.872038781812555186e+01 6.643842108649953282e-01 nan 2.895709547254461391e-01 nan
4.008806328898464244e+01 6.673227870400977313e-01 nan 2.834289348104452877e-01 nan
4.150404757850476756e+01 6.627560989777440126e-01 nan 2.662801862153525434e-01 nan
4.297004704320839608e+01 6.698488220731146914e-01 nan 2.529630056482212730e-01 nan
4.448782831127585524e+01 6.729850965653315642e-01 nan 2.549043193149449493e-01 nan
4.605922041145105794e+01 6.738509225030383520e-01 nan 2.329912306807306877e-01 nan
4.768611697714469244e+01 6.763866207578289602e-01 nan 2.266386345733510943e-01 nan
4.937047852839003781e+01 6.660581062561079513e-01 nan 2.282359274354028855e-01 nan
5.111433483440165304e+01 6.708807031797929810e-01 nan 2.112563494742536463e-01 nan
5.291978735958441860e+01 6.765215481886257542e-01 nan 2.185070135634847865e-01 nan
5.478901179593942317e+01 6.738445327389170902e-01 nan 2.082414785007244973e-01 nan
5.672426068491977702e+01 6.700705726183511235e-01 nan 1.867122699972343369e-01 nan
5.872786613189482807e+01 6.751839845419103092e-01 nan 1.932294806960657141e-01 nan
6.080224261649421180e+01 6.765340956708516540e-01 nan 1.801909773862409025e-01 nan
6.294988990221887804e+01 6.809270117626506913e-01 nan 1.746734677513188672e-01 nan
6.517339604882423032e+01 6.814885393049350260e-01 nan 1.698101809729273270e-01 nan
6.747544053110692630e+01 6.883241457824125220e-01 nan 1.583990077938590701e-01 nan
6.985879746785249722e+01 6.798115909549021785e-01 nan 1.556269527649374318e-01 nan
7.232633896483532965e+01 6.834291193970130074e-01 nan 1.591931430563890970e-01 nan
7.488103857590023438e+01 6.856108483454294023e-01 nan 1.421891150556278127e-01 nan
7.752597488629460543e+01 6.851081665844477309e-01 nan 1.397657957224263114e-01 nan
8.026433522257174502e+01 6.856448790382330127e-01 nan 1.250615454916186309e-01 nan
8.309941949353395785e+01 6.831699206636108190e-01 nan 1.229039191895400229e-01 nan
8.603464416684499838e+01 6.884499840678655058e-01 nan 1.165083308883514412e-01 nan
8.907354638610439679e+01 6.876318043872139407e-01 nan 1.140962375434253495e-01 nan
9.221978823334326592e+01 6.889320736898607578e-01 nan 1.106925627800632306e-01 nan
9.547716114208056126e+01 6.927210444122402500e-01 nan 1.013431113735756561e-01 nan
9.884959046625586154e+01 6.930859422387523061e-01 nan 1.019505806337761555e-01 nan
1.023411402105452765e+02 6.848714264733680723e-01 nan 9.788246935554667516e-02 nan
1.059560179277615930e+02 6.807802678926841988e-01 nan 9.051486568560740409e-02 nan
1.096985797892384085e+02 6.887016433087603806e-01 nan 8.703863207863093976e-02 nan
1.135733358343105124e+02 6.867637338590187879e-01 nan 8.120593667502085111e-02 nan
1.175849554052155810e+02 6.857310407188141888e-01 nan 8.008000219874222836e-02 nan
1.217382727739662016e+02 6.879839359766042328e-01 nan 7.309430709928221859e-02 nan
1.260382929679727368e+02 6.940042054475407118e-01 nan 7.128590921856448048e-02 nan
1.304901978014401607e+02 6.890293639356119826e-01 nan 6.806392524072624184e-02 nan
1.350993521198026599e+02 6.903403297776953274e-01 nan 6.154551835842125840e-02 nan
1.398713102647238600e+02 6.867045702635623527e-01 nan 6.408720821066760109e-02 nan
1.448118227674532932e+02 6.872545307682580429e-01 nan 4.695967734231620838e-02 nan
1.499268432786045651e+02 6.875504688756802762e-01 nan 5.473243533835336905e-02 nan
1.552225357427047925e+02 6.888095996892140693e-01 nan 4.673835597178221946e-02 nan
1.607052818261638549e+02 6.913148031704795526e-01 nan 4.686152209040805872e-02 nan
1.663816886076127446e+02 6.989774523318660338e-01 nan 3.646526623279244816e-02 nan
1.722585965398787380e+02 6.887326984313933975e-01 nan 3.445491549263790532e-02 nan
1.783430876931909381e+02 6.865429308106539841e-01 nan 4.129509148242682670e-02 nan
1.846424942895542642e+02 6.882955531701763219e-01 nan 3.089953825494173856e-02 nan
1.911644075385701740e+02 6.851973149116873385e-01 nan 2.817495574460160412e-02 nan
1.979166867853557505e+02 6.900792086080289600e-01 nan 2.354810343875168854e-02 nan
2.049074689815846000e+02 6.889850147317919671e-01 nan 2.723701014198987025e-02 nan
2.121451784910629783e+02 6.934449680258032433e-01 nan 1.688525458339729113e-02 nan
2.196385372416546886e+02 6.902352512699806431e-01 nan 1.041850664483412459e-02 nan
2.273965752357927386e+02 6.928083136913048001e-01 nan 6.649410716769388330e-03 nan
2.354286414322415339e+02 6.932972352038540009e-01 nan 5.714919017977493354e-03 nan
2.437444150122221629e+02 6.918982573505610967e-01 nan 8.012033964552855991e-04 nan
2.523539170434765992e+02 6.962278636899958961e-01 nan -5.121196472194000648e-03 nan
2.612675225563326649e+02 6.944964631158794255e-01 nan -5.303694063649722068e-03 nan
2.704959730463134520e+02 6.902972198520462843e-01 nan -3.461256698080283911e-03 nan
2.800503894183631246e+02 6.889617999276339555e-01 nan -1.169802812458975438e-02 nan
2.899422853882875302e+02 6.900165859413012193e-01 nan -1.207420508093592915e-02 nan
3.001835813575589214e+02 6.956330545574659352e-01 nan -1.670958008998102429e-02 nan
3.107866187782013867e+02 6.909100752815631186e-01 nan -2.361561505934162142e-02 nan
3.217641750250735413e+02 6.886849987561152187e-01 nan -2.590768482503236214e-02 nan
3.331294787934673423e+02 6.864459872361297066e-01 nan -2.606280378376624185e-02 nan
3.448962260405759821e+02 6.948100519277288223e-01 nan -3.261589652792196148e-02 nan
3.570785964900462659e+02 6.902461768346918047e-01 nan -3.112883303191349427e-02 nan
3.696912707195024836e+02 6.910434894743748835e-01 nan -3.474417930195894400e-02 nan
3.827494478516310892e+02 6.876202780975103623e-01 nan -4.201749456146108841e-02 nan
3.962688638701478112e+02 6.888055738016000129e-01 nan -4.771452382860630337e-02 nan
4.102658105827190411e+02 6.894100919699346353e-01 nan -4.582501402189897988e-02 nan
4.247571552536898594e+02 6.914094081336336073e-01 nan -5.139586486910996399e-02 nan
4.397603609302720997e+02 6.899760428094399156e-01 nan -5.859644057115520610e-02 nan
4.552935074866947502e+02 6.864521374293061085e-01 nan -6.123702308614165091e-02 nan
4.713753134116723800e+02 6.888424314336850651e-01 nan -6.468108473128797442e-02 nan
4.880251583654433603e+02 6.853672455640543726e-01 nan -6.547022308934558055e-02 nan
5.052631065335679637e+02 6.923368000821275015e-01 nan -7.386626325244405322e-02 nan
5.231099308056258224e+02 6.877103005740391461e-01 nan -7.502002867217294479e-02 nan
5.415871378079471015e+02 6.909439129845141858e-01 nan -8.190429784166397553e-02 nan
5.607169938205457811e+02 6.918251037322862285e-01 nan -8.688537938322760112e-02 nan
5.805225516094895966e+02 6.903920751641781095e-01 nan -8.584491018038065135e-02 nan
6.010276782070382069e+02 6.920300009887597747e-01 nan -1.004802526537833529e-01 nan
6.222570836730230894e+02 6.913519660715292670e-01 nan -9.576905688120440630e-02 nan
6.442363508721369953e+02 6.869792605123332674e-01 nan -1.064477382290149876e-01 nan
6.669919663030121910e+02 6.835771928699456712e-01 nan -1.051983587468736658e-01 nan
6.905513520162330678e+02 6.887029608203720787e-01 nan -1.126665793082448630e-01 nan
7.149428986597577023e+02 6.866833007868587968e-01 nan -1.192878991508301567e-01 nan
7.401959996915636566e+02 6.900503147283586491e-01 nan -1.220205773971301255e-01 nan
7.663410868007454155e+02 6.863500518809956263e-01 nan -1.307445040193364605e-01 nan
7.934096665797492278e+02 6.871187674405289103e-01 nan -1.270671778854577383e-01 nan
8.214343584919421346e+02 6.844438098376242063e-01 nan -1.418948796310566252e-01 nan
8.504489341802677700e+02 6.877164630297043502e-01 nan -1.492165364027524532e-01 nan
8.804883581643464368e+02 6.880699354420418690e-01 nan -1.483569381571001600e-01 nan
9.115888299750818078e+02 6.792310832425805245e-01 nan -1.588155422531976058e-01 nan
9.437878277775381548e+02 6.828208496580616682e-01 nan -1.576653239889846958e-01 nan
9.771241535346501905e+02 6.798226629626615836e-01 nan -1.735214180812540974e-01 nan
1.011637979766207081e+03 6.786385766187935653e-01 nan -1.830928175115467127e-01 nan
1.047370897959449849e+03 6.807782668960439265e-01 nan -1.734577920242195148e-01 nan
1.084365968689609872e+03 6.779331485058388562e-01 nan -1.918689300070504089e-01 nan
1.122667773510813504e+03 6.780988264336744731e-01 nan -1.950012678275356848e-01 nan
1.162322468679851909e+03 6.770199521574294943e-01 nan -2.079095174054472750e-01 nan
1.203377840777589199e+03 6.759037246288314149e-01 nan -2.123004446813556712e-01 nan
1.245883364295008050e+03 6.701641931478282688e-01 nan -2.193989621524092826e-01 nan
1.289890261253308154e+03 6.718940524218313115e-01 nan -2.297997840705754413e-01 nan
1.335451562929898728e+03 6.690225089432569883e-01 nan -2.426209064788906744e-01 nan
1.382622173764654917e+03 6.687889501260406711e-01 nan -2.451499592749826206e-01 nan
1.431458937523478653e+03 6.684555823364680682e-01 nan -2.596069375978355964e-01 nan
1.482020705798858671e+03 6.660919304107509875e-01 nan -2.638759184436860750e-01 nan
1.534368408930011583e+03 6.674260243953424876e-01 nan -2.700819404456513695e-01 nan
1.588565129428052614e+03 6.632306998246989549e-01 nan -2.891086707113537102e-01 nan
1.644676177994662794e+03 6.605215237854449306e-01 nan -2.959633214617145569e-01 nan
1.702769172225899638e+03 6.562800675670270589e-01 nan -3.043213106700157766e-01 nan
1.762914118095947970e+03 6.566314922399365539e-01 nan -3.186552672194054026e-01 nan
1.825183494319042438e+03 6.560200406837227716e-01 nan -3.242727351265219937e-01 nan
1.889652339691209590e+03 6.519117071244997508e-01 nan -3.349422450194694534e-01 nan
1.956398343517062813e+03 6.469568620971735129e-01 nan -3.480267993660426384e-01 nan
2.025501939230666494e+03 6.491841596634732037e-01 nan -3.557252118274512043e-01 nan
2.097046401323232658e+03 6.441128773075585068e-01 nan -3.636963855521511135e-01 nan
2.171117945694502851e+03 6.402437691902564953e-01 nan -3.899575393829906034e-01 nan
2.247805833548725332e+03 6.391100141183276850e-01 nan -3.956988387013531394e-01 nan
2.327202478960407461e+03 6.363454763622776733e-01 nan -4.085780886385066424e-01 nan
2.409403560239524268e+03 6.285517797871563728e-01 nan -4.238019373337067464e-01 nan
2.494508135230316384e+03 6.276435455005558994e-01 nan -4.374427485944245575e-01 nan
2.582618760682674747e+03 6.246921233313772470e-01 nan -4.565561067463779210e-01 nan
2.673841615839946826e+03 6.186253262361325334e-01 nan -4.648127428732351518e-01 nan
2.768286630392063671e+03 6.128189074209717813e-01 nan -4.818626460634032327e-01 nan
2.866067616948250361e+03 6.082937037091866728e-01 nan -4.898235934839902939e-01 nan
2.967302408188869322e+03 6.055308705611689435e-01 nan -4.980117711078353437e-01 nan
3.072112998861755841e+03 5.970003260643156340e-01 nan -5.181709608095594888e-01 nan
3.180625692794119004e+03 5.937634081895738491e-01 nan -5.392313021959864727e-01 nan
3.292971255097148060e+03 5.926923306012977788e-01 nan -5.538473140411035445e-01 nan
3.409285069746811132e+03 5.812310802114313280e-01 nan -5.718197721557931601e-01 nan
3.529707302730650099e+03 5.746469235193348846e-01 nan -5.901265966592319501e-01 nan
3.654383070957254404e+03 5.689043609218206177e-01 nan -5.896102983483011428e-01 nan
3.783462617131929164e+03 5.595370956290020015e-01 nan -6.192230217238900991e-01 nan
3.917101490809256575e+03 5.556690525931637925e-01 nan -6.373712085245504255e-01 nan
4.055460735840827510e+03 5.510914733717776626e-01 nan -6.506108507547203601e-01 nan
4.198707084443910389e+03 5.384695583188180423e-01 nan -6.598150226786962946e-01 nan
4.347013158125021619e+03 5.362842472558954077e-01 nan -6.893830470547577249e-01 nan
4.500557675700497384e+03 5.227405941357692321e-01 nan -7.026691647360703286e-01 nan
4.659525668664677141e+03 5.170492369870591798e-01 nan -7.215719169299319447e-01 nan
4.824108704165369090e+03 5.083443597004824177e-01 nan -7.359091028439035398e-01 nan
4.994505115855139593e+03 5.070513910067221408e-01 nan -7.517769368473921077e-01 nan
5.170920242896755553e+03 4.966593683198216591e-01 nan -7.636263773091123142e-01 nan
5.353566677410723969e+03 4.867944457354609900e-01 nan -7.974451730014457951e-01 nan
5.542664520663101939e+03 4.740740697914504476e-01 nan -8.004630540615789158e-01 nan
5.738441648302392423e+03 4.690055586860537584e-01 nan -8.193701124172640959e-01 nan
5.941133984965033960e+03 4.611263896116619132e-01 nan -8.386293739824033366e-01 nan
6.150985788580497683e+03 4.489338513502604822e-01 nan -8.679845162642187972e-01 nan
6.368249944718586448e+03 4.384799083294718680e-01 nan -8.846536984645059221e-01 nan
6.593188271333541707e+03 4.352017019296544609e-01 nan -8.871724220620684775e-01 nan
6.826071834272385786e+03 4.214638220489574372e-01 nan -9.240901446232854255e-01 nan
7.067181273927491020e+03 4.161687407982189724e-01 nan -9.324762027799966546e-01 nan
7.316807143427192386e+03 4.057994448816867883e-01 nan -9.338157033495910753e-01 nan
7.575250258771912740e+03 3.900591286493529375e-01 nan -9.400135829944691324e-01 nan
7.842822061337681589e+03 3.769000533286928634e-01 nan -9.707705364784118274e-01 nan
8.119844993184008672e+03 3.731053508031676458e-01 nan -9.864712437699623138e-01 nan
8.406652885618324945e+03 3.644781296444645213e-01 nan -9.957541748512550583e-01 nan
8.703591361485156085e+03 3.542000916408256095e-01 nan -1.038241749916108958e+00 nan
9.011018251665018397e+03 3.504632059197873573e-01 nan -1.043550338169300318e+00 nan
9.329304026284686188e+03 3.307102103297563378e-01 nan -1.062694611222232410e+00 nan
9.658832241158697798e+03 3.247000268351569185e-01 nan -1.053694807585767279e+00 nan
1.000000000000000000e+04 3.199110600572997454e-01 nan -1.086945268651547281e+00 nan
