4.499999999999998295e+02 6.931137127271181919e-01 nan -6.132047400416951177e-02 nan
4.499999999999998295e+02 6.882171482212844360e-01 nan -6.098047780683701902e-02 nan
4.499999999999998295e+02 6.930463929340713314e-01 nan -5.725183036363645783e-02 nan
4.499999999999998295e+02 6.897828828905837595e-01 nan -5.726969688315275420e-02 nan
4.499999999999998295e+02 6.918622986408389242e-01 nan -5.453342581866049699e-02 nan
4.499999999999998295e+02 6.890738552302424491e-01 nan -6.038869880589992079e-02 nan
4.499999999999998295e+02 6.904598027169306373e-01 nan -6.088296896648515144e-02 nan
4.499999999999998295e+02 6.897683658700908271e-01 nan -5.660811495382223058e-02 nan
4.499999999999998295e+02 6.883609275823990847e-01 nan -6.317871462096391610e-02 nan
4.499999999999998295e+02 6.871690102400459521e-01 nan -6.155391031830248494e-02 nan
4.499999999999998295e+02 6.866806812229647727e-01 nan -6.191959304944560927e-02 nan
4.499999999999998295e+02 6.893322994684177862e-01 nan -5.850064308582858530e-02 nan
4.499999999999998295e+02 6.904789531288465509e-01 nan -5.983800952885154345e-02 nan
4.499999999999998295e+02 6.878864222001384032e-01 nan -5.973002079410782983e-02 nan
4.499999999999998295e+02 6.903516335548738336e-01 nan -5.745798265833457208e-02 nan
4.499999999999998295e+02 6.839818506582917568e-01 nan -6.096186795411018267e-02 nan
4.499999999999998295e+02 6.893893544155844655e-01 nan -5.840482624412146606e-02 nan
4.499999999999998295e+02 6.921744989530586034e-01 nan -5.776005432374731186e-02 nan
4.499999999999998295e+02 6.920372638436826929e-01 nan -5.887624255792900385e-02 nan
4.499999999999998295e+02 6.884099616406538225e-01 nan -5.877453162544199472e-02 nan
4.499999999999998295e+02 6.900422393164054036e-01 nan -6.217665207029909880e-02 nan
4.499999999999998295e+02 6.935380034796589932e-01 nan -5.892863827548922018e-02 nan
4.499999999999998295e+02 6.928688131184921328e-01 nan -5.832929146837129153e-02 nan
4.499999999999998295e+02 6.890959162044456576e-01 nan -5.581966151794759412e-02 nan
4.499999999999998295e+02 6.919260706338289380e-01 nan -6.070585245627668769e-02 nan
4.499999999999998295e+02 6.882756472871414122e-01 nan -5.404453500551653633e-02 nan
4.499999999999998295e+02 6.919270600880647049e-01 nan -5.663845339266515566e-02 nan
4.499999999999998295e+02 6.891552647004105525e-01 nan -5.919889989476878611e-02 nan
4.499999999999998295e+02 6.893090101794474567e-01 nan -6.260463692847473283e-02 nan
4.499999999999998295e+02 6.887783780986478366e-01 nan -5.319875841934251781e-02 nan
4.499999999999998295e+02 6.853174967446660215e-01 nan -6.343542385266509598e-02 nan
4.499999999999998295e+02 6.889582903497867283e-01 nan -6.041073604506053130e-02 nan
4.499999999999998295e+02 6.891229252108485026e-01 nan -5.475808669699855358e-02 nan
4.499999999999998295e+02 6.937340444049909793e-01 nan -6.197194849974074771e-02 nan
4.499999999999998295e+02 6.924484497573570874e-01 nan -5.725280092444817726e-02 nan
4.499999999999998295e+02 6.914768751761172227e-01 nan -5.757171489278434251e-02 nan
4.499999999999998295e+02 6.889724343710160737e-01 nan -6.038278118373874293e-02 nan
4.499999999999998295e+02 6.893114231236382450e-01 nan -5.889242447480835807e-02 nan
4.499999999999998295e+02 6.957236612320020219e-01 nan -6.498165353892915164e-02 nan
4.499999999999998295e+02 6.903856412694111544e-01 nan -6.413428388490061138e-02 nan
4.499999999999998295e+02 6.835310828874445743e-01 nan -5.723236488365035513e-02 nan
4.499999999999998295e+02 6.883750441082067129e-01 nan -5.382128314305578698e-02 nan
4.499999999999998295e+02 6.878157088390397522e-01 nan -5.878264445505987368e-02 nan
4.499999999999998295e+02 6.868848266179821138e-01 nan -5.642369921499224006e-02 nan
4.499999999999998295e+02 6.884229696630460582e-01 nan -6.043539785074969473e-02 nan
4.499999999999998295e+02 6.921176256000387550e-01 nan -5.785429882407866486e-02 nan
4.499999999999998295e+02 6.873026046178056792e-01 nan -5.998669540303236403e-02 nan
4.499999999999998295e+02 6.931131264040965023e-01 nan -5.279674451526528145e-02 nan
4.499999999999998295e+02 6.873616020237314217e-01 nan -5.592402065643753417e-02 nan
4.499999999999998295e+02 6.900131715913372377e-01 nan -5.922110923197720922e-02 nan
4.499999999999998295e+02 6.898658610882799636e-01 nan -6.209966365087726814e-02 nan
4.499999999999998295e+02 6.887824265818680569e-01 nan -5.391449545846782598e-02 nan
4.499999999999998295e+02 6.900510947284086427e-01 nan -5.152720605646221586e-02 nan
4.499999999999998295e+02 6.906305824785595737e-01 nan -6.021219431158009172e-02 nan
4.499999999999998295e+02 6.897458231175981336e-01 nan -6.020879260566847080e-02 nan
4.499999999999998295e+02 6.884033933285201856e-01 nan -5.438819487821788812e-02 nan
4.499999999999998295e+02 6.870099259311940321e-01 nan -5.709056646312937744e-02 nan
4.499999999999998295e+02 6.897764554118338554e-01 nan -6.142200503081918228e-02 nan
4.499999999999998295e+02 6.912242924557492341e-01 nan -5.946801191051953595e-02 nan
4.499999999999998295e+02 6.862468276888158414e-01 nan -5.777032103192247803e-02 nan
4.499999999999998295e+02 6.937111382188178021e-01 nan -5.890055987199671605e-02 nan
4.499999999999998295e+02 6.898998787989869541e-01 nan -5.712537161215713866e-02 nan
4.499999999999998295e+02 6.889748463002394185e-01 nan -5.434721765542072092e-02 nan
4.499999999999998295e+02 6.883763175510811960e-01 nan -6.163188747118120148e-02 nan
4.499999999999998295e+02 6.902461734541465166e-01 nan -5.969960557185771677e-02 nan
4.499999999999998295e+02 6.868679194775846319e-01 nan -5.725120576713926823e-02 nan
4.499999999999998295e+02 6.913477548541214768e-01 nan -5.525014931601290868e-02 nan
4.499999999999998295e+02 6.870579340136917512e-01 nan -6.311824870291715683e-02 nan
4.499999999999998295e+02 6.876871814068052924e-01 nan -5.983732851157874677e-02 nan
4.499999999999998295e+02 6.899122452914816517e-01 nan -5.943056358711729104e-02 nan
4.499999999999998295e+02 6.887532360221620964e-01 nan -6.342704927463493902e-02 nan
4.499999999999998295e+02 6.874311190551631867e-01 nan -5.922481468644846814e-02 nan
4.499999999999998295e+02 6.910456198217261869e-01 nan -5.809924117671805277e-02 nan
4.499999999999998295e+02 6.917435661244718537e-01 nan -5.643745948720546579e-02 nan
4.499999999999998295e+02 6.887355141474355014e-01 nan -5.416564093398790192e-02 nan
4.499999999999998295e+02 6.857435751276936831e-01 nan -6.148704211879874038e-02 nan
4.499999999999998295e+02 6.873048571558204589e-01 nan -6.512755735029251980e-02 nan
4.499999999999998295e+02 6.845174304098838869e-01 nan -5.885122273943466098e-02 nan
4.499999999999998295e+02 6.880448493445747715e-01 nan -6.274561248660859292e-02 nan
4.499999999999998295e+02 6.910020636642163483e-01 nan -5.708068979717362268e-02 nan
4.499999999999998295e+02 6.880166859391906309e-01 nan -6.197537579217993198e-02 nan
4.499999999999998295e+02 6.875233475132911387e-01 nan -6.395893865321955474e-02 nan
4.499999999999998295e+02 6.890113889683788795e-01 nan -5.557769489743336067e-02 nan
4.499999999999998295e+02 6.881078922176425694e-01 nan -6.010691505891152531e-02 nan
4.499999999999998295e+02 6.920075364430318121e-01 nan -5.769263044646333327e-02 nan
4.499999999999998295e+02 6.909387888700248004e-01 nan -6.013260036645107220e-02 nan
4.499999999999998295e+02 6.875748776642601756e-01 nan -5.805626660606133527e-02 nan
4.499999999999998295e+02 6.880213079702930390e-01 nan -6.091871878924326467e-02 nan
4.499999999999998295e+02 6.859762850882081819e-01 nan -5.874284680412067416e-02 nan
4.499999999999998295e+02 6.894819373265193008e-01 nan -5.686341287765150909e-02 nan
4.499999999999998295e+02 6.879026874366834798e-01 nan -6.165215922278477478e-02 nan
4.499999999999998295e+02 6.929017658011067393e-01 nan -5.996695890684122787e-02 nan
4.499999999999998295e+02 6.899050190354216738e-01 nan -6.042134602103033103e-02 nan
4.499999999999998295e+02 6.910901421302015901e-01 nan -6.249622113307928828e-02 nan
4.499999999999998295e+02 6.856746873566142986e-01 nan -5.604913204345374211e-02 nan
4.499999999999998295e+02 6.861257646705879454e-01 nan -5.638760484430038744e-02 nan
4.499999999999998295e+02 6.858174780080646959e-01 nan -6.048985197314804552e-02 nan
4.499999999999998295e+02 6.883958443105331337e-01 nan -6.126510560481168710e-02 nan
4.499999999999998295e+02 6.929751259592209500e-01 nan -5.619548672141760903e-02 nan
4.499999999999998295e+02 6.933201674515280244e-01 nan -5.645685489387419764e-02 nan
4.499999999999998295e+02 6.946781886935197159e-01 nan -5.954257933231410505e-02 nan
4.499999999999998295e+02 6.881035171082627855e-01 nan -6.193357126335108376e-02 nan
4.499999999999998295e+02 6.929432327608945341e-01 nan -5.220604023064101540e-02 nan
4.499999999999998295e+02 6.909586988265863372e-01 nan -6.123450689406695346e-02 nan
4.499999999999998295e+02 6.871302081836579978e-01 nan -5.814422961260845568e-02 nan
4.499999999999998295e+02 6.904878816262441932e-01 nan -5.769254476265572862e-02 nan
4.499999999999998295e+02 6.904200600070986571e-01 nan -5.937184406931272918e-02 nan
4.499999999999998295e+02 6.917083455800634439e-01 nan -5.918119310586700266e-02 nan
4.499999999999998295e+02 6.853885486798061422e-01 nan -6.024332080480121476e-02 nan
4.499999999999998295e+02 6.879390455433365137e-01 nan -5.622935316171551179e-02 nan
4.499999999999998295e+02 6.881935311245398479e-01 nan -5.798384030821379653e-02 nan
4.499999999999998295e+02 6.914797345713288301e-01 nan -5.536967435026873829e-02 nan
4.499999999999998295e+02 6.924141717331490087e-01 nan -5.927854687855838023e-02 nan
4.499999999999998295e+02 6.936276884835876899e-01 nan -5.883478356106230933e-02 nan
4.499999999999998295e+02 6.847501014687326082e-01 nan -5.814031595584001622e-02 nan
4.499999999999998295e+02 6.923808287926138672e-01 nan -5.926134894447576684e-02 nan
4.499999999999998295e+02 6.908238215044536501e-01 nan -5.493879317373817628e-02 nan
4.499999999999998295e+02 6.896036985696057942e-01 nan -6.084549058137334043e-02 nan
4.499999999999998295e+02 6.913625559370335516e-01 nan -5.637633699201316517e-02 nan
4.499999999999998295e+02 6.870646397819651918e-01 nan -5.748458141432255530e-02 nan
4.499999999999998295e+02 6.901111943557501904e-01 nan -5.982288187929940548e-02 nan
4.499999999999998295e+02 6.900092982670256170e-01 nan -5.705425065759950343e-02 nan
4.499999999999998295e+02 6.941235486359036422e-01 nan -5.468217725198076806e-02 nan
4.499999999999998295e+02 6.892578867390551922e-01 nan -5.858097141587625956e-02 nan
4.499999999999998295e+02 6.914085180427377297e-01 nan -5.905228725232269937e-02 nan
4.499999999999998295e+02 6.930261812814344502e-01 nan -5.395270716805633526e-02 nan
4.499999999999998295e+02 6.904647995254745707e-01 nan -5.672987357106151762e-02 nan
4.499999999999998295e+02 6.922732824826249853e-01 nan -5.406305394216914806e-02 nan
4.499999999999998295e+02 6.892956991127554556e-01 nan -5.919312503731610775e-02 nan
4.499999999999998295e+02 6.917131738640561744e-01 nan -5.713267422410339691e-02 nan
4.499999999999998295e+02 6.896099053216698804e-01 nan -5.842659646342340807e-02 nan
4.499999999999998295e+02 6.951130122531161692e-01 nan -5.900204846470735731e-02 nan
4.499999999999998295e+02 6.898087623144097957e-01 nan -5.126582724848738337e-02 nan
4.499999999999998295e+02 6.897728096373426654e-01 nan -5.586882539306081696e-02 nan
4.499999999999998295e+02 6.895363466445629808e-01 nan -5.420583889002372757e-02 nan
4.499999999999998295e+02 6.907539478866937532e-01 nan -5.752007874080078409e-02 nan
4.499999999999998295e+02 6.910344270623549612e-01 nan -5.937632602701681250e-02 nan
4.499999999999998295e+02 6.886552359457018824e-01 nan -5.549823945735354869e-02 nan
4.499999999999998295e+02 6.967599275233641309e-01 nan -6.114524375225727226e-02 nan
4.499999999999998295e+02 6.895108057267970159e-01 nan -5.666977787891314122e-02 nan
4.499999999999998295e+02 6.924970328591802948e-01 nan -6.243857653144591069e-02 nan
4.499999999999998295e+02 6.904810250125622550e-01 nan -6.512130432408014258e-02 nan
4.499999999999998295e+02 6.844894127130899397e-01 nan -5.993326344887250912e-02 nan
4.499999999999998295e+02 6.864913639427101533e-01 nan -6.010697798014064119e-02 nan
4.499999999999998295e+02 6.919886001008090926e-01 nan -5.919960875256302657e-02 nan
4.499999999999998295e+02 6.905452293767885275e-01 nan -5.360009458279790806e-02 nan
4.499999999999998295e+02 6.915749339958442432e-01 nan -5.984439008286379647e-02 nan
4.499999999999998295e+02 6.934022306956800774e-01 nan -6.279067899656709528e-02 nan
4.499999999999998295e+02 6.901693439917772066e-01 nan -5.865924626326357583e-02 nan
4.499999999999998295e+02 6.873399844066795383e-01 nan -5.465400491022265328e-02 nan
4.499999999999998295e+02 6.940363889090671590e-01 nan -5.774700601396931532e-02 nan
4.499999999999998295e+02 6.911425167114376711e-01 nan -5.737339869359026068e-02 nan
4.499999999999998295e+02 6.843465947181319731e-01 nan -6.299565495097070311e-02 nan
4.499999999999998295e+02 6.856305983727203346e-01 nan -5.848499635118553641e-02 nan
4.499999999999998295e+02 6.942797188867148028e-01 nan -5.841009380017192498e-02 nan
4.499999999999998295e+02 6.844974161676425917e-01 nan -5.762845481579548235e-02 nan
4.499999999999998295e+02 6.866033090372826164e-01 nan -5.746485129166689632e-02 nan
4.499999999999998295e+02 6.919697688558694715e-01 nan -4.951116416878642568e-02 nan
4.499999999999998295e+02 6.898518773196937737e-01 nan -5.959949430398703285e-02 nan
4.499999999999998295e+02 6.896265267249753750e-01 nan -5.515747597757236775e-02 nan
4.499999999999998295e+02 6.892715992020754801e-01 nan -5.669679768422541954e-02 nan
4.499999999999998295e+02 6.910174921973583073e-01 nan -5.456780337565625416e-02 nan
4.499999999999998295e+02 6.914203489862815744e-01 nan -5.442151672814565799e-02 nan
4.499999999999998295e+02 6.898371230378719243e-01 nan -5.725188904873057538e-02 nan
4.499999999999998295e+02 6.926032878321051189e-01 nan -5.819026147124883863e-02 nan
4.499999999999998295e+02 6.853182983541244999e-01 nan -6.211194505279404865e-02 nan
4.499999999999998295e+02 6.926037496911398028e-01 nan -5.931448001775496692e-02 nan
4.499999999999998295e+02 6.945053684113533521e-01 nan -5.812367454240607856e-02 nan
4.499999999999998295e+02 6.918002239978482404e-01 nan -6.216123727816835753e-02 nan
4.499999999999998295e+02 6.855685622880178798e-01 nan -6.107739691726621345e-02 nan
4.499999999999998295e+02 6.889623625306207089e-01 nan -6.139004737680275881e-02 nan
4.499999999999998295e+02 6.925884638035459950e-01 nan -6.077667675249776025e-02 nan
4.499999999999998295e+02 6.886829705738650720e-01 nan -5.125451931944313699e-02 nan
4.499999999999998295e+02 6.894404960518292214e-01 nan -5.535102740442754410e-02 nan
4.499999999999998295e+02 6.878206659499088715e-01 nan -5.566429385491300508e-02 nan
4.499999999999998295e+02 6.901384356353597038e-01 nan -6.066266882421089690e-02 nan
4.499999999999998295e+02 6.905362515135026191e-01 nan -5.287988151943068260e-02 nan
4.499999999999998295e+02 6.907742450827141223e-01 nan -5.302282263316460131e-02 nan
4.499999999999998295e+02 6.890967434345496301e-01 nan -5.581919408710689368e-02 nan
4.499999999999998295e+02 6.945986747730775734e-01 nan -5.670181013671093950e-02 nan
4.499999999999998295e+02 6.954290162652889684e-01 nan -5.708716649280365374e-02 nan
4.499999999999998295e+02 6.917421008210836719e-01 nan -5.322362465574403956e-02 nan
4.499999999999998295e+02 6.934503542001677623e-01 nan -5.734179713112030896e-02 nan
4.499999999999998295e+02 6.869241191339369168e-01 nan -6.099273492642431904e-02 nan
4.499999999999998295e+02 6.867501562263500503e-01 nan -6.224228800281705887e-02 nan
4.499999999999998295e+02 6.929842935264636239e-01 nan -5.885525144750403115e-02 nan
4.499999999999998295e+02 6.895347619136564798e-01 nan -5.602405045312952581e-02 nan
4.499999999999998295e+02 6.908270686972933783e-01 nan -6.786415656410227371e-02 nan
4.499999999999998295e+02 6.921891791667650340e-01 nan -6.284659247232937673e-02 nan
4.499999999999998295e+02 6.942868989649135791e-01 nan -6.250477029828438447e-02 nan
4.499999999999998295e+02 6.889513279293663084e-01 nan -5.009668248085485942e-02 nan
4.499999999999998295e+02 6.894586824970440064e-01 nan -6.025691799633126067e-02 nan
4.499999999999998295e+02 6.886699949732442150e-01 nan -5.623194805474351909e-02 nan
4.499999999999998295e+02 6.844954529903554130e-01 nan -5.947832081452819608e-02 nan
4.499999999999998295e+02 6.866628126206379967e-01 nan -5.244930069095943281e-02 nan
4.499999999999998295e+02 6.875117449981253959e-01 nan -6.359970002096559938e-02 nan
4.499999999999998295e+02 6.890649876709644683e-01 nan -5.882619136850308905e-02 nan
4.499999999999998295e+02 6.890386171931378589e-01 nan -5.573668246450580455e-02 nan
4.499999999999998295e+02 6.873178926704198721e-01 nan -6.179554801290443322e-02 nan
4.499999999999998295e+02 6.892480424778459902e-01 nan -5.694208982602999569e-02 nan
