1.000000000000000000e+01 6.763959209719380139e-01 nan 8.195344491143066179e-01 nan
1.022017985682630226e+01 6.857364338980900254e-01 nan 8.087070040211301603e-01 nan
1.044520763058780943e+01 6.936192561949577895e-01 nan 7.977482663600325985e-01 nan
1.067519006265018966e+01 7.013503314407040223e-01 nan 7.868331757405160332e-01 nan
1.091023624460897778e+01 7.090077383605234429e-01 nan 7.759249102487189020e-01 nan
1.115045767003689114e+01 7.165755915627389783e-01 nan 7.649722728038712560e-01 nan
1.139596828737053791e+01 7.240592433885230106e-01 nan 7.540243550848044762e-01 nan
1.164688455396157529e+01 7.314192985046236162e-01 nan 7.431902694792342778e-01 nan
1.190332549131794870e+01 7.387660213980070667e-01 nan 7.322472024263739776e-01 nan
1.216541274156147345e+01 7.459281201702189223e-01 nan 7.213637949747297995e-01 nan
1.243327062512846126e+01 7.530895422149711527e-01 nan 7.105344315529666943e-01 nan
1.270702619974080605e+01 7.599372669943086356e-01 nan 6.997132683124065444e-01 nan
1.298680932067550486e+01 7.669077365844436667e-01 nan 6.889207253170601675e-01 nan
1.327275270236118665e+01 7.737149328939243453e-01 nan 6.781734273742197061e-01 nan
1.356499198133086637e+01 7.802525497752716976e-01 nan 6.675222103469784507e-01 nan
1.386366578056080279e+01 7.867710553497497816e-01 nan 6.568779579409249614e-01 nan
1.416891577522596002e+01 7.932724500195144079e-01 nan 6.462520155426085822e-01 nan
1.448088675990327800e+01 7.994779840044569097e-01 nan 6.357267087514362203e-01 nan
1.479972671725461808e+01 8.057310745797751084e-01 nan 6.252629840557872853e-01 nan
1.512558688822196906e+01 8.117477745602319494e-01 nan 6.148436684765461457e-01 nan
1.545862184376821880e+01 8.176282693473327923e-01 nan 6.045159702705933391e-01 nan
1.579898955819750128e+01 8.232909645571254709e-01 nan 5.942731449649905073e-01 nan
1.614685148408992532e+01 8.290289287944362373e-01 nan 5.840611091644785091e-01 nan
1.650237262888617451e+01 8.344610920888304584e-01 nan 5.739898073016940216e-01 nan
1.686572163315841877e+01 8.399708488157633379e-01 nan 5.639302315211347505e-01 nan
1.723707085060452826e+01 8.451398421430559305e-01 nan 5.540253724714965244e-01 nan
1.761659642980361795e+01 8.503227059443232427e-01 nan 5.441651356483605539e-01 nan
1.800447839777170955e+01 8.553360458265785171e-01 nan 5.344466092919342159e-01 nan
1.840090074535707032e+01 8.600263330279541707e-01 nan 5.247882202530886886e-01 nan
1.880605151451584334e+01 8.647619596574784850e-01 nan 5.152445149460600504e-01 nan
1.922012288750925890e+01 8.693322433581506248e-01 nan 5.057629388518156688e-01 nan
1.964331127806482868e+01 8.738350314582690181e-01 nan 4.964130262674961713e-01 nan
2.007581742454470941e+01 8.782366987643336342e-01 nan 4.871455637414356943e-01 nan
2.051784648516543186e+01 8.824863430867297964e-01 nan 4.780457594296785295e-01 nan
2.096960813531420698e+01 8.866394702114914761e-01 nan 4.689891450638077330e-01 nan
2.143131666700793048e+01 8.906591909003301888e-01 nan 4.600903834257765723e-01 nan
2.190319109054201618e+01 8.945706255338139457e-01 nan 4.512622615166517193e-01 nan
2.238545523837749229e+01 8.983241485855772979e-01 nan 4.425501034408618750e-01 nan
2.287833787131524588e+01 9.019574421608846926e-01 nan 4.339534956858703829e-01 nan
2.338207278700824077e+01 9.053641158357100815e-01 nan 4.254511973077557130e-01 nan
2.389689893086280748e+01 9.087876321848967764e-01 nan 4.171114131775555123e-01 nan
2.442306050938180562e+01 9.120414918498247481e-01 nan 4.088529838912053904e-01 nan
2.496080710600338293e+01 9.154235026805954689e-01 nan 4.007473071235128081e-01 nan
2.551039379949025943e+01 9.183342599745402124e-01 nan 3.926999935929043062e-01 nan
2.607208128492569443e+01 9.214958836344624427e-01 nan 3.848082065022024878e-01 nan
2.664613599737355898e+01 9.244085230775613837e-01 nan 3.769853516501653345e-01 nan
2.723283023826114402e+01 9.272379335332441297e-01 nan 3.693213648039148644e-01 nan
2.783244230454467782e+01 9.296840833311951213e-01 nan 3.617175538316885763e-01 nan
2.844525662071878713e+01 9.323673013768214446e-01 nan 3.542526701442403336e-01 nan
2.907156387373250084e+01 9.350241736363836820e-01 nan 3.468582268875257668e-01 nan
2.971166115087602577e+01 9.374673345706373562e-01 nan 3.397232514128423198e-01 nan
3.036585208070315645e+01 9.398511643053211184e-01 nan 3.325708891465768424e-01 nan
3.103444697705696242e+01 9.418846912835543428e-01 nan 3.256049990348541812e-01 nan
3.171776298626613055e+01 9.440187987796906377e-01 nan 3.186829778213691178e-01 nan
3.241612423758281381e+01 9.461738633144723964e-01 nan 3.118946589441105033e-01 nan
3.312986199693227007e+01 9.484321752260477245e-01 nan 3.052259665645133957e-01 nan
3.385931482404824067e+01 9.503045133623398977e-01 nan 2.986892478466418588e-01 nan
3.460482873306780505e+01 9.520078983139770301e-01 nan 2.922084428623015206e-01 nan
3.536675735666236164e+01 9.538569802463667813e-01 nan 2.858526134324406165e-01 nan
3.614546211378240770e+01 9.557602775252242999e-01 nan 2.796272984047352139e-01 nan
3.694131238109572024e+01 9.572531687826872915e-01 nan 2.734490086201031289e-01 nan
3.775468566820027405e+01 9.590775176509033217e-01 nan 2.674256704349220470e-01 nan
3.858596779669488797e+01 9.606570655391231117e-01 nan 2.614775974982386231e-01 nan
3.943555308319296415e+01 9.619381283081750444e-01 nan 2.556558624808200619e-01 nan
4.030384452636528891e+01 9.634038867934804351e-01 nan 2.498436736450124762e-01 nan
4.119125399810177868e+01 9.649642093515031771e-01 nan 2.442125977810012394e-01 nan
4.209820243888154323e+01 9.661041778065341257e-01 nan 2.386481481214470790e-01 nan
4.302512005744532786e+01 9.675686578091555745e-01 nan 2.332182282570918197e-01 nan
4.397244653486360022e+01 9.685796621749559465e-01 nan 2.278362348976825658e-01 nan
4.494063123309845054e+01 9.698411437804584923e-01 nan 2.225668239460127928e-01 nan
4.593013340815717527e+01 9.709164438803236097e-01 nan 2.173416485308266033e-01 nan
4.694142242793927267e+01 9.720851447794027766e-01 nan 2.120912396273597622e-01 nan
4.797497799487993575e+01 9.730308059582624125e-01 nan 2.072374709598898690e-01 nan
4.903129037349570041e+01 9.740376496373222004e-01 nan 2.023156744273135743e-01 nan
5.011086062294020849e+01 9.751775129207717052e-01 nan 1.974588285583025460e-01 nan
5.121420083468038342e+01 9.759996899917769975e-01 nan 1.926921902414973076e-01 nan
5.234183437540574602e+01 9.770254619943390395e-01 nan 1.880200749000717764e-01 nan
5.349429613528600669e+01 9.778073327676737314e-01 nan 1.834229246301330996e-01 nan
5.467213278169514012e+01 9.785312500885738896e-01 nan 1.788935045359947296e-01 nan
5.587590301852132768e+01 9.793212709495767720e-01 nan 1.744125920181698319e-01 nan
5.710617785118719070e+01 9.801232667488565253e-01 nan 1.700334113840185069e-01 nan
5.836354085750433995e+01 9.807992619366250331e-01 nan 1.657536070326628419e-01 nan
5.964858846449249796e+01 9.814842030758904601e-01 nan 1.614862708197191132e-01 nan
6.096193023129279709e+01 9.822024545614961299e-01 nan 1.573302856051581600e-01 nan
6.230418913831089611e+01 9.828978564893522396e-01 nan 1.532012897078232072e-01 nan
6.367600188272611206e+01 9.834651133840994763e-01 nan 1.492340299329217856e-01 nan
6.507801918050711265e+01 9.840952014819064342e-01 nan 1.452145775532089900e-01 nan
6.651090607507744323e+01 9.845688439633147881e-01 nan 1.413009265644928902e-01 nan
6.797534225277726705e+01 9.852023708232438004e-01 nan 1.375143270957357444e-01 nan
6.947202236527083130e+01 9.856155731209188531e-01 nan 1.337249329985108481e-01 nan
7.100165635905268857e+01 9.861926127761555527e-01 nan 1.298996778021792586e-01 nan
7.256496981220938380e+01 9.865566897724533657e-01 nan 1.262780424887717245e-01 nan
7.416270427859505787e+01 9.869813112389457244e-01 nan 1.226831533672250174e-01 nan
7.579561763958633946e+01 9.875304062531879978e-01 nan 1.191159804345698348e-01 nan
7.746448446358081696e+01 9.878589617029546188e-01 nan 1.156252358136211633e-01 nan
7.917009637341232065e+01 9.883424054537358616e-01 nan 1.121279935128187688e-01 nan
8.091326242185455442e+01 9.885907576903045779e-01 nan 1.087500237747489606e-01 nan
8.269480947539385340e+01 9.889981779016712160e-01 nan 1.053684753153873999e-01 nan
8.451558260645090570e+01 9.894330964935749151e-01 nan 1.020665559243632003e-01 nan
8.637644549423887952e+01 9.896910648695504964e-01 nan 9.881192834823337989e-02 nan
8.827828083444752849e+01 9.900735888690003206e-01 nan 9.556769205386705934e-02 nan
9.022199075794759437e+01 9.903896507411911188e-01 nan 9.250733453866644140e-02 nan
9.220849725871447333e+01 9.905649072649533871e-01 nan 8.926052795994587896e-02 nan
9.423874263117369310e+01 9.909835788255506595e-01 nan 8.615698354622436383e-02 nan
9.631368991717599215e+01 9.911147865731522177e-01 nan 8.313195951228546932e-02 nan
9.843432336281361472e+01 9.914464610740779671e-01 nan 8.009056335891262535e-02 nan
1.006016488852953756e+02 9.917717747530572225e-01 nan 7.717598315040063994e-02 nan
1.028166945501008485e+02 9.918772753986481172e-01 nan 7.420921595546303706e-02 nan
1.050805110586403828e+02 9.921684815759572729e-01 nan 7.126374997590811944e-02 nan
1.073941722466530564e+02 9.923424656433613711e-01 nan 6.836548565973821212e-02 nan
1.097587755935777238e+02 9.924339517248174092e-01 nan 6.551635126963617495e-02 nan
1.121754427431400813e+02 9.927492523580034867e-01 nan 6.271355464482297748e-02 nan
1.146453200354012978e+02 9.928602437076256004e-01 nan 5.989472201966128395e-02 nan
1.171695790505213779e+02 9.930119537907250438e-01 nan 5.716846961123467352e-02 nan
1.197494171644954974e+02 9.931675577368335173e-01 nan 5.442563397898592115e-02 nan
1.223860581171266091e+02 9.933548134804370822e-01 nan 5.171559626871946591e-02 nan
1.250807525925031030e+02 9.934470288066222787e-01 nan 4.901758013482737653e-02 nan
1.278347788122575110e+02 9.936270088704548531e-01 nan 4.635217552275605613e-02 nan
1.306494431418879287e+02 9.936437379500722145e-01 nan 4.370112241597823299e-02 nan
1.335260807104295679e+02 9.937939929546679707e-01 nan 4.109438303020507277e-02 nan
1.364660560437695835e+02 9.939163810833385737e-01 nan 3.846381997865755409e-02 nan
1.394707637119063861e+02 9.940311947454045782e-01 nan 3.586140903606027663e-02 nan
1.425416289904607083e+02 9.941173537933286619e-01 nan 3.329753994472017808e-02 nan
1.456801085367513906e+02 9.941690280733506135e-01 nan 3.077039422228367016e-02 nan
1.488876910807574916e+02 9.943098281056177434e-01 nan 2.823615684939495551e-02 nan
1.521658981312935737e+02 9.943798813268638348e-01 nan 2.564646324747066330e-02 nan
1.555162846977330275e+02 9.944600572556934193e-01 nan 2.315547908414927747e-02 nan
1.589404400276234810e+02 9.944838358933387745e-01 nan 2.060223710802011610e-02 nan
1.624399883605425430e+02 9.945441743388364619e-01 nan 1.815214374516749274e-02 nan
1.660165896985516554e+02 9.945652336397770021e-01 nan 1.562625576048670695e-02 nan
1.696719405936135558e+02 9.945880252385399523e-01 nan 1.313960791963308949e-02 nan
1.734077749523477223e+02 9.945820521587712681e-01 nan 1.067414249429177175e-02 nan
1.772258648585051901e+02 9.947290423910799539e-01 nan 8.235989418041711474e-03 nan
1.811280214135515791e+02 9.947141834726606069e-01 nan 5.770584145451174152e-03 nan
1.851160955957583951e+02 9.946947949043706272e-01 nan 3.293149820914109682e-03 nan
1.891919791382101153e+02 9.946350422650079848e-01 nan 8.141119980575872717e-04 nan
1.933576054261437775e+02 9.947477958734523007e-01 nan -1.626574278943415663e-03 nan
1.976149504140441877e+02 9.946691693153268954e-01 nan -4.107884731269884071e-03 nan
2.019660335629343706e+02 9.947101686730018821e-01 nan -6.594557953607527168e-03 nan
2.064129187983007796e+02 9.946721372648943404e-01 nan -9.001166975539653947e-03 nan
2.109577154891115640e+02 9.946421635929608707e-01 nan -1.150050382819811645e-02 nan
2.156025794483910829e+02 9.946636870104857975e-01 nan -1.400376412082149358e-02 nan
2.203497139558240008e+02 9.945789735863911352e-01 nan -1.646100439986231123e-02 nan
2.252013708028751182e+02 9.945439274985565792e-01 nan -1.894982715593940270e-02 nan
2.301598513609213796e+02 9.944099992390311726e-01 nan -2.145890596925958960e-02 nan
2.352275076729023056e+02 9.944434213952686452e-01 nan -2.397381657591779458e-02 nan
2.404067435690051866e+02 9.943104522234644804e-01 nan -2.648972519869952080e-02 nan
2.457000158069154168e+02 9.942352410633840121e-01 nan -2.907347610136801208e-02 nan
2.511098352371739679e+02 9.941651884334431477e-01 nan -3.162142557419844735e-02 nan
2.566387679941935289e+02 9.941237507391199602e-01 nan -3.415940518084736865e-02 nan
2.622894367134976505e+02 9.940339093546207705e-01 nan -3.678523217145102109e-02 nan
2.680645217757607384e+02 9.939726636454170317e-01 nan -3.934226507665439243e-02 nan
2.739667625782406617e+02 9.938377550787984571e-01 nan -4.197145626365639259e-02 nan
2.799989588342048137e+02 9.937126622842372692e-01 nan -4.460138567329696713e-02 nan
2.861639719009675105e+02 9.935687879148042967e-01 nan -4.726058167769808804e-02 nan
2.924647261371677587e+02 9.935144664682519222e-01 nan -4.994210610214722124e-02 nan
2.989042102899304041e+02 9.933398844250297399e-01 nan -5.265604801920842348e-02 nan
3.054854789125718639e+02 9.932411162160427187e-01 nan -5.535142282200311570e-02 nan
3.122116538135201154e+02 9.930515338817429427e-01 nan -5.812176588189466031e-02 nan
3.190859255371366316e+02 9.928804705339560055e-01 nan -6.088241102080083067e-02 nan
3.261115548771422823e+02 9.927467106474872072e-01 nan -6.369210909558553624e-02 nan
3.332918744233672896e+02 9.925676327564683099e-01 nan -6.652691929336995713e-02 nan
3.406302901425577829e+02 9.923963994708860925e-01 nan -6.938289128849106646e-02 nan
3.481302829939870094e+02 9.921944243544700281e-01 nan -7.230655227059212820e-02 nan
3.557954105806387588e+02 9.919088118827928957e-01 nan -7.524249456525033963e-02 nan
3.636293088367489759e+02 9.917725054335798651e-01 nan -7.818090867615090644e-02 nan
3.716356937525010267e+02 9.915344096922952266e-01 nan -8.116753927278708147e-02 nan
3.798183631366977124e+02 9.912589239883037306e-01 nan -8.420348203620076077e-02 nan
3.881811984182417632e+02 9.910336031536676193e-01 nan -8.768232141396836710e-02 nan
3.967281664872810438e+02 9.907353146613268047e-01 nan -9.041020447060965637e-02 nan
4.054633215768939181e+02 9.904704535425289391e-01 nan -9.350342733042538157e-02 nan
4.143908071862054499e+02 9.901815904441646499e-01 nan -9.672341851452515016e-02 nan
4.235148580458450738e+02 9.898796474888686969e-01 nan -1.000026479702498250e-01 nan
4.328398021266798992e+02 9.894673939517139027e-01 nan -1.032522366608104036e-01 nan
4.423700626927773669e+02 9.892052922710393714e-01 nan -1.065820411669600176e-01 nan
4.521101603995709297e+02 9.887880618133501054e-01 nan -1.099960663124091020e-01 nan
4.620647154382205599e+02 9.884603186817710885e-01 nan -1.134179407381701310e-01 nan
4.722384497271881401e+02 9.880493581787724855e-01 nan -1.168914179170870149e-01 nan
4.826361891520690506e+02 9.876440872023346529e-01 nan -1.204230929508396386e-01 nan
4.932628658547382656e+02 9.871791990517385651e-01 nan -1.240199957759506866e-01 nan
5.041235205729007589e+02 9.867407949758386643e-01 nan -1.275980733473951467e-01 nan
5.152233050311522220e+02 9.862466731090145933e-01 nan -1.313540419200291964e-01 nan
5.265674843846858266e+02 9.857079576301476243e-01 nan -1.350757218445410857e-01 nan
5.381614397168061714e+02 9.852601954238805471e-01 nan -1.388741806305122672e-01 nan
5.500106705914341774e+02 9.847692207669185294e-01 nan -1.427546241027677354e-01 nan
5.621207976618104567e+02 9.841658362822550687e-01 nan -1.467099595014378366e-01 nan
5.744975653366371944e+02 9.836136852468049252e-01 nan -1.507228627937604593e-01 nan
5.871468445049248430e+02 9.830055497230479888e-01 nan -1.547559241495193305e-01 nan
6.000746353208354549e+02 9.822694682365546992e-01 nan -1.589014023460313396e-01 nan
6.132870700498394854e+02 9.817056874247324094e-01 nan -1.631485324639134760e-01 nan
6.267904159775393964e+02 9.810098986298687596e-01 nan -1.674148872891381146e-01 nan
6.405910783825422641e+02 9.802998687423347679e-01 nan -1.717453577576035784e-01 nan
6.546956035747900842e+02 9.795307947123250703e-01 nan -1.761175254897180409e-01 nan
6.691106820007803435e+02 9.787262301383489183e-01 nan -1.806520038002439321e-01 nan
6.838431514171688832e+02 9.779388432114918261e-01 nan -1.852101901896103797e-01 nan
6.989000001342370751e+02 9.771197059799464624e-01 nan -1.898569079815302096e-01 nan
7.142883703307826408e+02 9.761881803773218014e-01 nan -1.945776794423959011e-01 nan
7.300155614419946914e+02 9.752885407371422177e-01 nan -1.996525404319973163e-01 nan
7.460890336219221126e+02 9.742793154957523072e-01 nan -2.042715209547614208e-01 nan
7.625164112821773870e+02 9.732888250148176157e-01 nan -2.093006222728588384e-01 nan
7.793054867085585329e+02 9.722447293905090993e-01 nan -2.143320287490864118e-01 nan
7.964642237573023067e+02 9.711542730799278544e-01 nan -2.194834777158511940e-01 nan
8.140007616327180813e+02 9.700174064203062052e-01 nan -2.247587196997167247e-01 nan
8.319234187479977436e+02 9.688333400569925091e-01 nan -2.300905339804932837e-01 nan
8.502406966710354936e+02 9.675805369812308099e-01 nan -2.354776352482890189e-01 nan
8.689612841571274657e+02 9.663257687632388349e-01 nan -2.409970824622136298e-01 nan
8.880940612704595196e+02 9.649729321908095958e-01 nan -2.465878148747311371e-01 nan
9.076481035963417980e+02 9.635966480076220142e-01 nan -2.523177792429773802e-01 nan
9.276326865461929856e+02 9.621563317240890978e-01 nan -2.582114026466655332e-01 nan
9.480572897573063074e+02 9.606958494067184828e-01 nan -2.639810805609883460e-01 nan
9.689316015894953580e+02 9.591137832009983821e-01 nan -2.699988428567241527e-01 nan
9.902655237207412711e+02 9.574986011382368156e-01 nan -2.761144791088607775e-01 nan
1.012069175844026404e+03 9.558197392644418589e-01 nan -2.822662234949833149e-01 nan
1.034352900467592008e+03 9.540360795508159297e-01 nan -2.886740964480098981e-01 nan
1.057127267820874977e+03 9.522557904881174817e-01 nan -2.950276908496363149e-01 nan
1.080403080868472443e+03 9.503645063981581709e-01 nan -3.015840888539687015e-01 nan
1.104191380434504481e+03 9.483903568743655699e-01 nan -3.081833155756612541e-01 nan
1.128503450439794506e+03 9.463704988040693156e-01 nan -3.149477100164896903e-01 nan
1.153350823254377246e+03 9.442554472531846654e-01 nan -3.217910652914062197e-01 nan
1.178745285167841303e+03 9.421267292352359934e-01 nan -3.287589923754037358e-01 nan
1.204698881980135184e+03 9.398470073389153523e-01 nan -3.358797745349404451e-01 nan
1.231223924715453904e+03 9.375345100106906582e-01 nan -3.430108641075166886e-01 nan
1.258332995461950986e+03 9.350724357083061156e-01 nan -3.503632450532783160e-01 nan
1.286038953340012768e+03 9.324734556863151225e-01 nan -3.577189591465566032e-01 nan
1.314354940601958560e+03 9.299152861079973409e-01 nan -3.652380728857758108e-01 nan
1.343294388866026111e+03 9.271782119892318930e-01 nan -3.729466640350871387e-01 nan
1.372871025487636416e+03 9.243676773518479939e-01 nan -3.806981379352145645e-01 nan
1.403098880070920131e+03 9.214579274204646175e-01 nan -3.887391902136858590e-01 nan
1.433992291123636960e+03 9.184999100505487624e-01 nan -3.965714311149524107e-01 nan
1.465565912858599859e+03 9.153758058339230841e-01 nan -4.046408345019654185e-01 nan
1.497834722144870739e+03 9.121765840676976378e-01 nan -4.128609781582843752e-01 nan
1.530814025612003434e+03 9.088759439095872583e-01 nan -4.212495806763820738e-01 nan
1.564519466910697247e+03 9.054088711388881272e-01 nan -4.297220197774258565e-01 nan
1.598967034133333982e+03 9.018883208429622211e-01 nan -4.382377918233593128e-01 nan
1.634173067397878640e+03 8.982876549550986578e-01 nan -4.470289088623253804e-01 nan
1.670154266598785853e+03 8.944886267916682954e-01 nan -4.557396920755700798e-01 nan
1.706927699328540712e+03 8.906035249956623101e-01 nan -4.646625489811322396e-01 nan
1.744510808973642270e+03 8.866317919766197875e-01 nan -4.737003694775321350e-01 nan
1.782921422988816630e+03 8.824889943672209469e-01 nan -4.828480944766964100e-01 nan
1.822177761353439791e+03 8.782299827487177746e-01 nan -4.920792537558114077e-01 nan
1.862298445214126104e+03 8.739004601965683072e-01 nan -5.014833347772897909e-01 nan
1.903302505717636222e+03 8.693639908202559496e-01 nan -5.109328154195633687e-01 nan
1.945209393038242297e+03 8.647746892401045882e-01 nan -5.201458294955552120e-01 nan
1.988038985603874835e+03 8.600217420499932652e-01 nan -5.301300531452892706e-01 nan
2.031811599525412703e+03 8.551543197304651844e-01 nan -5.398988911479492003e-01 nan
2.076547998233564158e+03 8.501575681354774927e-01 nan -5.497613067060016512e-01 nan
2.122269402327965963e+03 8.449905677594894415e-01 nan -5.597164531865681525e-01 nan
2.168997499643106494e+03 8.397019281008627489e-01 nan -5.697357250311769761e-01 nan
2.216754455535909983e+03 8.343197173338611217e-01 nan -5.799756921482597249e-01 nan
2.265562923399805186e+03 8.288287826109393963e-01 nan -5.900823477470842349e-01 nan
2.315446055410321151e+03 8.232000713297686900e-01 nan -6.004261489124771423e-01 nan
2.366427513507246658e+03 8.173269256938161531e-01 nan -6.108096442564026063e-01 nan
2.418531480618632941e+03 8.114397038577002563e-01 nan -6.212829291771830853e-01 nan
2.471782672131882919e+03 8.054017743196962842e-01 nan -6.318203228902463664e-01 nan
2.526206347617457141e+03 7.992145569546800221e-01 nan -6.424248891005719386e-01 nan
2.581828322810666577e+03 7.929066309504129162e-01 nan -6.532052038307902819e-01 nan
2.638674981857322564e+03 7.865418904448828741e-01 nan -6.638518288680685941e-01 nan
2.696773289828972793e+03 7.800173860189586472e-01 nan -6.746235764112569200e-01 nan
2.756150805513725118e+03 7.733319830040153997e-01 nan -6.854927536308039748e-01 nan
2.816835694488697300e+03 7.665247638615177994e-01 nan -6.963526022950503602e-01 nan
2.878856742480269531e+03 7.596798672575488798e-01 nan -7.073242509311761239e-01 nan
2.942243369018545309e+03 7.526682370413904088e-01 nan -7.182769267995912088e-01 nan
3.007025641392407579e+03 7.455441380727402256e-01 nan -7.293046773952873707e-01 nan
3.073234288911889053e+03 7.383467613909004967e-01 nan -7.401308866531959296e-01 nan
3.140900717484517372e+03 7.310210759736746056e-01 nan -7.512940266869363448e-01 nan
3.210057024512655971e+03 7.236214369336060326e-01 nan -7.624653531757505931e-01 nan
3.280736014118800540e+03 7.160892187846260581e-01 nan -7.735713397340813202e-01 nan
3.352971212706158894e+03 7.085046240117420790e-01 nan -7.846551672992472248e-01 nan
3.426796884861792932e+03 7.008472101252211095e-01 nan -7.957693196116135681e-01 nan
3.502248049609963346e+03 6.931081954160351888e-01 nan -8.068864933509303228e-01 nan
3.579360497023292737e+03 6.852305744075074534e-01 nan -8.179790911909670115e-01 nan
3.658170805199725692e+03 6.773261757835972174e-01 nan -8.291154418092752110e-01 nan
3.738716357613230684e+03 6.693593584340986613e-01 nan -8.401796131250165445e-01 nan
3.821035360846572530e+03 6.613517859260829024e-01 nan -8.512089584054383096e-01 nan
3.905166862714517720e+03 6.532880310079247632e-01 nan -8.623382809207722488e-01 nan
3.991150770786045996e+03 6.451243378935658246e-01 nan -8.732735787250121007e-01 nan
4.079027871314433469e+03 6.369672410429702003e-01 nan -8.840063920667056152e-01 nan
4.168839848584081665e+03 6.287150706753840135e-01 nan -8.953356379628250039e-01 nan
4.260629304683386181e+03 6.204684856285359595e-01 nan -9.060206016846859001e-01 nan
4.354439779712897689e+03 6.121898147856515982e-01 nan -9.169096446466902250e-01 nan
4.450315772438493696e+03 6.038548339645185559e-01 nan -9.276999785814705746e-01 nan
4.548302761399225346e+03 5.955506550281352007e-01 nan -9.383903025124400443e-01 nan
4.648447226479983328e+03 5.872119374662375657e-01 nan -9.491033467041170013e-01 nan
4.750796670959079165e+03 5.788497915022611240e-01 nan -9.597473987945956964e-01 nan
4.855399644041345709e+03 5.705239909011425858e-01 nan -9.702834448616428631e-01 nan
4.962305763887298781e+03 5.621493092306835138e-01 nan -9.807437661528215500e-01 nan
5.071565741149399400e+03 5.538444350407842887e-01 nan -9.911402708358210134e-01 nan
5.183231403026547014e+03 5.455156696705456554e-01 nan -1.001287177483671798e+00 nan
5.297355717848142376e+03 5.371961091883558082e-01 nan -1.011711494678651846e+00 nan
5.413992820199524431e+03 5.289241501440942184e-01 nan -1.021874398750693302e+00 nan
5.533198036600537307e+03 5.206769777713361469e-01 nan -1.031932489167392220e+00 nan
5.655027911749568375e+03 5.124975980946834264e-01 nan -1.041958994129693394e+00 nan
5.779540235345341898e+03 5.043106517069001482e-01 nan -1.051827504645324041e+00 nan
5.906794069499363104e+03 4.961808441813060910e-01 nan -1.061689669580360373e+00 nan
6.036849776751842001e+03 4.880845223564830304e-01 nan -1.071408895813954487e+00 nan
6.169769048704556553e+03 4.800191110948375250e-01 nan -1.080977291871555224e+00 nan
6.305614935284064813e+03 4.720088635398158039e-01 nan -1.090554751336455297e+00 nan
6.444451874649332240e+03 4.640756729592158125e-01 nan -1.099977962997320091e+00 nan
6.586345723757756787e+03 4.562093028548971918e-01 nan -1.109316397321400416e+00 nan
6.731363789604311023e+03 4.483799170338249040e-01 nan -1.118581592967405669e+00 nan
6.879574861148397758e+03 4.406483268884645588e-01 nan -1.127758844065040122e+00 nan
7.031049241943741436e+03 4.330014784497110969e-01 nan -1.136856362316834179e+00 nan
7.185858783486730317e+03 4.253759573442635333e-01 nan -1.145750458897691004e+00 nan
7.344076919298940084e+03 4.178532769614150544e-01 nan -1.154631238074639299e+00 nan
7.505778699760202471e+03 4.103959700503791996e-01 nan -1.163401062637106520e+00 nan
7.671040827708508914e+03 4.030219550515201088e-01 nan -1.172121970145267866e+00 nan
7.839941694823870421e+03 3.957180590514600693e-01 nan -1.180694654978974967e+00 nan
8.012561418813153978e+03 3.885327085933931168e-01 nan -1.189159602942211791e+00 nan
8.188981881413781593e+03 3.813617743998650167e-01 nan -1.197610886207479908e+00 nan
8.369286767234063518e+03 3.743472275390462012e-01 nan -1.205903554082148332e+00 nan
8.553561603448853930e+03 3.674244501383746586e-01 nan -1.214237301114570400e+00 nan
8.741893800369081873e+03 3.605243242156706551e-01 nan -1.222410577254374076e+00 nan
8.934372692904686119e+03 3.537807238795690479e-01 nan -1.230644455453028030e+00 nan
9.131089582940347100e+03 3.470625555161319653e-01 nan -1.238679597337490890e+00 nan
9.332137782644336767e+03 3.404933218554807017e-01 nan -1.246711911029660058e+00 nan
9.537612658730937255e+03 3.340167438283707657e-01 nan -1.254785428570443173e+00 nan
9.747611677697343112e+03 3.275836555630236568e-01 nan -1.262929090111006403e+00 nan
9.962234452056725786e+03 3.212654274444016189e-01 nan -1.271220218821621728e+00 nan
1.018158278758911183e+04 3.150611723381376850e-01 nan -1.279769888853021342e+00 nan
1.040576073163276669e+04 3.088482445097725515e-01 nan -1.288911466661662786e+00 nan
1.063487462243873779e+04 3.026528416964904822e-01 nan -1.298842167040840323e+00 nan
1.086903313961214553e+04 2.964514660567736937e-01 nan -1.309432177890283100e+00 nan
1.110834735566416384e+04 2.901963576693065705e-01 nan -1.320542079960000947e+00 nan
1.135293078869886631e+04 2.838635492697788032e-01 nan -1.332813872879281547e+00 nan
1.160289945626031113e+04 2.774669402258787554e-01 nan -1.345927569561524706e+00 nan
1.185837193036527788e+04 2.710303283833574439e-01 nan -1.359793294319789680e+00 nan
1.211946939374734575e+04 2.644932526627048475e-01 nan -1.374975669780031495e+00 nan
1.238631569733995639e+04 2.578556356589001841e-01 nan -1.390854949066687496e+00 nan
1.265903741902453112e+04 2.511806281727462231e-01 nan -1.407833068044203273e+00 nan
1.293776392367247354e+04 2.443523988341054498e-01 nan -1.425590515897558141e+00 nan
1.322262742450917722e+04 2.375129044615991725e-01 nan -1.444288008697462544e+00 nan
1.351376304582875309e+04 2.306522852931872369e-01 nan -1.463384517484879410e+00 nan
1.381130888709027386e+04 2.237533054048604642e-01 nan -1.483445800246684598e+00 nan
1.411540608842461734e+04 2.168826746810955941e-01 nan -1.503932950883219988e+00 nan
1.442619889758403951e+04 2.100508098209912244e-01 nan -1.525031310426784081e+00 nan
1.474383473836582743e+04 2.032403396440225496e-01 nan -1.546597553630554067e+00 nan
1.506846428054223907e+04 1.965198071947562297e-01 nan -1.568836372841023952e+00 nan
1.540024151133041960e+04 1.898536573941189687e-01 nan -1.591248397015782245e+00 nan
1.573932380843598003e+04 1.832913119504220312e-01 nan -1.614203984528374214e+00 nan
1.608587201470437867e+04 1.768543432721770836e-01 nan -1.637508518500094823e+00 nan
1.644005051441676915e+04 1.705416247223029980e-01 nan -1.661213644043534998e+00 nan
1.680202731126492290e+04 1.643867987749064175e-01 nan -1.685122313361694601e+00 nan
1.717197410804349056e+04 1.584125807245490014e-01 nan -1.709689404161212067e+00 nan
1.755006638809693322e+04 1.525237675542227556e-01 nan -1.736125187386852176e+00 nan
1.793648349855923152e+04 1.466947760713469273e-01 nan -1.765996124484519925e+00 nan
1.833140873542724876e+04 1.409637801863444784e-01 nan -1.797577940380477912e+00 nan
1.873502943050633985e+04 1.354336601393794082e-01 nan -1.829397054894513097e+00 nan
1.914753704027085405e+04 1.300314930716316986e-01 nan -1.859723982178733692e+00 nan
1.956912723668117906e+04 1.248106149343581189e-01 nan -1.893703139903452737e+00 nan
2.000000000000000364e+04 1.196274745627384228e-01 nan -1.930354480089072844e+00 nan
