1.000000000000000000e+03 1.014965523431009018e+02 nan -1.983224728673960158e-03 nan
1.019990175175305808e+03 1.014601575539681022e+02 nan -3.186331835036693150e-03 nan
1.040379957454149917e+03 1.014309994651522118e+02 nan -2.185319522613582421e-03 nan
1.061177335052535454e+03 1.014458596268820685e+02 nan -2.261719736038614315e-03 nan
1.082390455872298844e+03 1.014503506854242119e+02 nan -2.758227776172184065e-03 nan
1.104027630693265110e+03 1.014396881312246279e+02 nan -2.416963897175605780e-03 nan
1.126097336429200141e+03 1.014410701380095077e+02 nan -2.488708445228748900e-03 nan
1.148608219448865157e+03 1.014745628295093951e+02 nan -2.093903763913829152e-03 nan
1.171569098963442684e+03 1.015443890482848701e+02 nan -2.733165991846142617e-03 nan
1.194988970481697152e+03 1.014312502108024177e+02 nan -2.582249715315398930e-03 nan
1.218877009334183413e+03 1.014833463665757023e+02 nan -2.701500672034118367e-03 nan
1.243242574267926557e+03 1.015447451425299192e+02 nan -3.096981942050547332e-03 nan
1.268095211112939069e+03 1.014604778359717301e+02 nan -2.618173942131818421e-03 nan
1.293444656522053265e+03 1.014525826913739479e+02 nan -3.445274523659058730e-03 nan
1.319300841785492139e+03 1.014874695028901783e+02 nan -3.073659190196753599e-03 nan
1.345673896721711344e+03 1.014458643134964859e+02 nan -3.200289620874485763e-03 nan
1.372574153646014565e+03 1.014313009166714181e+02 nan -2.372809804318976035e-03 nan
1.400012151418494113e+03 1.014018669410491924e+02 nan -2.571288842291075127e-03 nan
1.427998639572906541e+03 1.014419241603993669e+02 nan -2.652527366659551689e-03 nan
1.456544582528065803e+03 1.014838296030193021e+02 nan -3.526741798771659830e-03 nan
1.485661163883444488e+03 1.015116382439762219e+02 nan -3.086822394063215569e-03 nan
1.515359790800621568e+03 1.015140812452869312e+02 nan -3.038554034310081420e-03 nan
1.545652098472340640e+03 1.014486549717665298e+02 nan -3.879911869905328103e-03 nan
1.576549954680880091e+03 1.014492659068195906e+02 nan -4.163599351564073459e-03 nan
1.608065464447571458e+03 1.014095972462830275e+02 nan -3.793137634486853926e-03 nan
1.640210974775237673e+03 1.014399188202193187e+02 nan -3.772387992940551271e-03 nan
1.672999079485452057e+03 1.014000381578094334e+02 nan -2.858378417490925472e-03 nan
1.706442624152491589e+03 1.013708999796843244e+02 nan -4.361424267772751051e-03 nan
1.740554711135906700e+03 1.015036409360126726e+02 nan -3.633046017295082919e-03 nan
1.775348704713717098e+03 1.014576040825358803e+02 nan -3.514355763857945902e-03 nan
1.810838236318194731e+03 1.014095497618319683e+02 nan -3.742111220470967226e-03 nan
1.847037209876337329e+03 1.014937512744750023e+02 nan -3.498617065309517216e-03 nan
1.883959807257071361e+03 1.014338724223710386e+02 nan -4.328281882004070269e-03 nan
1.921620493827375412e+03 1.014707720559710538e+02 nan -4.219240814863578493e-03 nan
1.960034024119440346e+03 1.015261801357169986e+02 nan -4.659769793365242663e-03 nan
1.999215447611147511e+03 1.014744239808166100e+02 nan -4.361425239448379898e-03 nan
2.039180114622069595e+03 1.014557194792722186e+02 nan -4.207735067588203037e-03 nan
2.079943682327364968e+03 1.014424354569827074e+02 nan -4.673854299160673520e-03 nan
2.121522120891857412e+03 1.014379942798025809e+02 nan -4.370870914190305712e-03 nan
2.163931719726771917e+03 1.015111793293699094e+02 nan -4.980564898622308334e-03 nan
2.207189093871510522e+03 1.014590556363319109e+02 nan -5.219246022059920165e-03 nan
2.251311190503024136e+03 1.013869008577079285e+02 nan -4.388022993054185861e-03 nan
2.296315295575305754e+03 1.014333937089006810e+02 nan -5.152639694751659505e-03 nan
2.342219040591588055e+03 1.014689018188332739e+02 nan -5.474882679092019089e-03 nan
2.389040409511950656e+03 1.014379647303094032e+02 nan -5.054384814645374036e-03 nan
2.436797745798975939e+03 1.014251954399906737e+02 nan -6.137870084860441722e-03 nan
2.485509759604287865e+03 1.014491544433717110e+02 nan -5.016816893910203135e-03 nan
2.535195535098707296e+03 1.014401541518430037e+02 nan -6.230999463634034896e-03 nan
2.585874537948983289e+03 1.014421973612586783e+02 nan -5.375382666271022458e-03 nan
2.637566622943943912e+03 1.014692803464260606e+02 nan -5.299081684267292758e-03 nan
2.690292041773132951e+03 1.014369711184425995e+02 nan -5.398691403203592643e-03 nan
2.744071450960908805e+03 1.014072670914817564e+02 nan -6.346506581390798374e-03 nan
2.798925919959170187e+03 1.014557199986332705e+02 nan -6.735476387568439804e-03 nan
2.854876939401857726e+03 1.015678624909112528e+02 nan -5.818829077179010767e-03 nan
2.911946429524438827e+03 1.014611594538538810e+02 nan -5.762218636051308351e-03 nan
2.970156748751738633e+03 1.014409925276965652e+02 nan -5.857398579297345975e-03 nan
3.029530702457399457e+03 1.014100331382682754e+02 nan -6.474639724324049439e-03 nan
3.090091551898490252e+03 1.014168074050939055e+02 nan -7.155667119140396437e-03 nan
3.151863023328669897e+03 1.014247779264163967e+02 nan -6.769869930722371976e-03 nan
3.214869317293579115e+03 1.014372601856781841e+02 nan -6.342257129964057327e-03 nan
3.279135118111990323e+03 1.014323405806057963e+02 nan -7.329003397376965268e-03 nan
3.344685603546545735e+03 1.014597139698129666e+02 nan -7.798441310188586328e-03 nan
3.411546454667764465e+03 1.014589449401550780e+02 nan -7.183310009086341097e-03 nan
3.479743865915263086e+03 1.013629297997581205e+02 nan -8.270536481993939759e-03 nan
3.549304555360101403e+03 1.016023332045550092e+02 nan -7.650262093775506145e-03 nan
3.620255775172260655e+03 1.014805604338260281e+02 nan -8.123281898200662710e-03 nan
3.692625322297366438e+03 1.014646005537033773e+02 nan -8.765893859508544494e-03 nan
3.766441549346856846e+03 1.014859311497638714e+02 nan -8.902571245974044700e-03 nan
3.841733375705850904e+03 1.014394778580057732e+02 nan -7.998181906153867260e-03 nan
3.918530298863025564e+03 1.015208265872436186e+02 nan -8.558038621137686874e-03 nan
3.996862405967040559e+03 1.013955818159515729e+02 nan -9.213684855629011849e-03 nan
4.076760385613911694e+03 1.015422153495488260e+02 nan -8.799425127553384129e-03 nan
4.158255539870080611e+03 1.014120366691054329e+02 nan -9.109884905467602323e-03 nan
4.241379796535765308e+03 1.014895885373377524e+02 nan -8.949352147027411775e-03 nan
4.326165721653517721e+03 1.014724524920435726e+02 nan -1.054121765969195934e-02 nan
4.412646532266770919e+03 1.013785397287972074e+02 nan -9.928859858900906943e-03 nan
4.500856109433489110e+03 1.014327884956618249e+02 nan -9.898909062737715203e-03 nan
4.590829011499909939e+03 1.014023453384222364e+02 nan -1.001100331365201157e-02 nan
4.682600487639663697e+03 1.015485761661322783e+02 nan -1.054398884500518108e-02 nan
4.776206491663548150e+03 1.014139541103881186e+02 nan -1.048971613409399595e-02 nan
4.871683696105335002e+03 1.014826616622501945e+02 nan -1.020538915866264773e-02 nan
4.969069506589162302e+03 1.015436567493208173e+02 nan -1.018583237462911129e-02 nan
5.068402076484144345e+03 1.015003544892757503e+02 nan -1.119118683519371160e-02 nan
5.169720321851946210e+03 1.014134120769515590e+02 nan -1.134132501304652152e-02 nan
5.273063936693099095e+03 1.013616046468471836e+02 nan -1.138207488671971745e-02 nan
5.378473408498181925e+03 1.015072312798803011e+02 nan -1.221770281582124085e-02 nan
5.485990034109779117e+03 1.015081499622943824e+02 nan -1.195057343100014435e-02 nan
5.595655935901614612e+03 1.014663894194111009e+02 nan -1.201846185345001317e-02 nan
5.707514078281027651e+03 1.014197983764030795e+02 nan -1.284639704505341484e-02 nan
5.821608284521383212e+03 1.015020239817357890e+02 nan -1.325152305513199735e-02 nan
5.937983253930971841e+03 1.013896225240035420e+02 nan -1.214435165310145948e-02 nan
6.056684579365083664e+03 1.015714915268523839e+02 nan -1.322165774621630874e-02 nan
6.177758765088165092e+03 1.014513791406163676e+02 nan -1.369420186337455547e-02 nan
6.301253244993051339e+03 1.015142407769912722e+02 nan -1.352800076525628725e-02 nan
6.427216401184427014e+03 1.014260213549895298e+02 nan -1.515916570384945317e-02 nan
6.555697582933695230e+03 1.016066915702267579e+02 nan -1.395477988571913741e-02 nan
6.686747126012868648e+03 1.014458532310516716e+02 nan -1.487761413564436808e-02 nan
6.820416372414831130e+03 1.015328616895176737e+02 nan -1.573094657663398621e-02 nan
6.956757690467927205e+03 1.014299165860556400e+02 nan -1.489405832654799866e-02 nan
7.095824495352529993e+03 1.013574714426421082e+02 nan -1.616863020805858753e-02 nan
7.237671270027852188e+03 1.014905067193433865e+02 nan -1.615749154334578108e-02 nan
7.382353586576979978e+03 1.015336069233346450e+02 nan -1.744929440801268328e-02 nan
7.529928127978700104e+03 1.012769333606717055e+02 nan -1.777509396999032987e-02 nan
7.680452710314456453e+03 1.014181947740951983e+02 nan -1.595711166666591296e-02 nan
7.833986305419286509e+03 1.015037101031681033e+02 nan -1.735979854445668380e-02 nan
7.990589063985557004e+03 1.015203429082774846e+02 nan -1.861760211121632480e-02 nan
8.150322339128510976e+03 1.013526156955852571e+02 nan -1.795088504883857183e-02 nan
8.313248710422898512e+03 1.014316101017244023e+02 nan -1.846560386175077895e-02 nan
8.479432008420128113e+03 1.014320609693534720e+02 nan -1.946653956338506575e-02 nan
8.648937339655540200e+03 1.013274350153088363e+02 nan -1.965955347950831822e-02 nan
8.821831112155488881e+03 1.013973676797597108e+02 nan -2.016588568478461241e-02 nan
8.998181061454441078e+03 1.013758352750979697e+02 nan -1.912260981009161753e-02 nan
9.178056277132023752e+03 1.014312251153957050e+02 nan -2.220171254109493120e-02 nan
9.361527229880708546e+03 1.014891823391595977e+02 nan -2.060306511634202309e-02 nan
9.548665799114418405e+03 1.014965336531387408e+02 nan -2.117360175252702703e-02 nan
9.739545301129157451e+03 1.013966328700905990e+02 nan -2.192815382741120089e-02 nan
9.934240517826545329e+03 1.014905054283460260e+02 nan -2.250856495270303625e-02 nan
1.013282772601152828e+04 1.014465278941321600e+02 nan -2.161764978973934603e-02 nan
1.033538472727568296e+04 1.013812283625149746e+02 nan -2.383668028675867134e-02 nan
1.054199087847809278e+04 1.014142017863063074e+02 nan -2.325028910748194733e-02 nan
1.075272712283533474e+04 1.013538883046932852e+02 nan -2.458865216721983771e-02 nan
1.096767602163306401e+04 1.013937381701757801e+02 nan -2.527380930828915240e-02 nan
1.118692178657152181e+04 1.014579412065797470e+02 nan -2.545928230120697577e-02 nan
1.141055031275751935e+04 1.013736949242041590e+02 nan -2.685201466736719667e-02 nan
1.163864921235619477e+04 1.014488756930174134e+02 nan -2.698920684454719776e-02 nan
1.187130784891511757e+04 1.013554351613635305e+02 nan -2.724671320837090960e-02 nan
1.210861737237489979e+04 1.014141728060259027e+02 nan -2.905046543168232631e-02 nan
1.235067075477941216e+04 1.013795204877806526e+02 nan -2.865270612367609715e-02 nan
1.259756282669996654e+04 1.013341660117874028e+02 nan -2.869261730549110823e-02 nan
1.284939031438763232e+04 1.014278338937055111e+02 nan -2.916538761965625781e-02 nan
1.310625187766810450e+04 1.013108842786507751e+02 nan -2.968134152023171879e-02 nan
1.336824814859435719e+04 1.013822913501885523e+02 nan -3.148368197909823252e-02 nan
1.363548177087172917e+04 1.014476544163117921e+02 nan -3.028525856733654820e-02 nan
1.390805744007113026e+04 1.014009672655639065e+02 nan -3.045055703327648189e-02 nan
1.418608194464635199e+04 1.013893724334811282e+02 nan -3.152441898529945163e-02 nan
1.446966420777106032e+04 1.014665204310041275e+02 nan -3.419984491730332365e-02 nan
1.475891533001227072e+04 1.013499906378106346e+02 nan -3.442313241362482401e-02 nan
1.505394863285670726e+04 1.014745473608506217e+02 nan -3.269925879483448483e-02 nan
1.535487970310755190e+04 1.014066485127842583e+02 nan -3.542406742025416833e-02 nan
1.566182643816843483e+04 1.013147126231906725e+02 nan -3.557032890342526343e-02 nan
1.597490909223264134e+04 1.012404962704909792e+02 nan -3.530642201727030027e-02 nan
1.629425032339593963e+04 1.014014851489305897e+02 nan -3.687566768762540192e-02 nan
1.661997524171089026e+04 1.012886075551697473e+02 nan -3.656961282700166294e-02 nan
1.695221145820192032e+04 1.012507749959852248e+02 nan -3.928115711936275289e-02 nan
1.729108913486021993e+04 1.014583858303547146e+02 nan -3.818754836541504716e-02 nan
1.763674103563788231e+04 1.012753514531874828e+02 nan -3.874379706787234312e-02 nan
1.798930257846177119e+04 1.013629668904151515e+02 nan -4.143127663216450429e-02 nan
1.834891188828682061e+04 1.012404289560031998e+02 nan -4.116956456839959699e-02 nan
1.871570985120990372e+04 1.014191162164521529e+02 nan -4.189710437298810319e-02 nan
1.908984016966576746e+04 1.012835647745517917e+02 nan -4.483601240582313352e-02 nan
1.947144941872595518e+04 1.012612810888038695e+02 nan -4.468923116215695046e-02 nan
1.986068710352341441e+04 1.014322173761758705e+02 nan -4.641260274412273290e-02 nan
2.025770571782476327e+04 1.013919439975236685e+02 nan -4.490682314607230552e-02 nan
2.066266080377385151e+04 1.012054665626010603e+02 nan -4.728888040377476898e-02 nan
2.107571101282923701e+04 1.012818320947534403e+02 nan -4.689218063052180696e-02 nan
2.149701816791979218e+04 1.013516428236883655e+02 nan -4.960108702765264610e-02 nan
2.192674732684321862e+04 1.012695456127324576e+02 nan -5.054919384096123736e-02 nan
2.236506684693145871e+04 1.011946720060087586e+02 nan -5.168556334840346267e-02 nan
2.281214845100901948e+04 1.012826499930109350e+02 nan -5.221852887719391489e-02 nan
2.326816729466979450e+04 1.013275439169431138e+02 nan -5.159029966049821780e-02 nan
2.373330203489854102e+04 1.011718186704134581e+02 nan -5.412984478042925929e-02 nan
2.420773490006462816e+04 1.012193876399794732e+02 nan -5.677345579849468749e-02 nan
2.469165176131425687e+04 1.011949255204396394e+02 nan -5.443023484397357947e-02 nan
2.518524220539055023e+04 1.012590797943960439e+02 nan -5.601886404257871988e-02 nan
2.568869960890878792e+04 1.011656618679511581e+02 nan -5.791529494120606358e-02 nan
2.620222121411665648e+04 1.011423072099175613e+02 nan -5.983319964487776588e-02 nan
2.672600820616899000e+04 1.011900826127366599e+02 nan -6.108511880230071966e-02 nan
2.726026579194693841e+04 1.011112009143113681e+02 nan -6.052437559664181066e-02 nan
2.780520328045332644e+04 1.012280827713472462e+02 nan -6.353493440588042773e-02 nan
2.836103416481460226e+04 1.010601672784166283e+02 nan -6.610100676966013111e-02 nan
2.892797620592204839e+04 1.011436382750608658e+02 nan -6.754364494101761096e-02 nan
2.950625151774547703e+04 1.011300922753303553e+02 nan -6.675326363247080508e-02 nan
3.009608665435181319e+04 1.012113579349884560e+02 nan -6.663620737609843303e-02 nan
3.069771269866351940e+04 1.009468495686426195e+02 nan -6.758095838883448891e-02 nan
3.131136535299097886e+04 1.011065021140616835e+02 nan -7.199766292518638977e-02 nan
3.193728503137523512e+04 1.011499528141996080e+02 nan -7.241569060692132354e-02 nan
3.257571695377613287e+04 1.009493080326133025e+02 nan -7.348362498244398466e-02 nan
3.322691124214325828e+04 1.009921164347715177e+02 nan -7.557490138696776327e-02 nan
3.389112301840800501e+04 1.009816138342110889e+02 nan -7.860036093152267256e-02 nan
3.456861250443378958e+04 1.011400829605328084e+02 nan -7.998495200553445983e-02 nan
3.525964512396464852e+04 1.011026294535454184e+02 nan -8.179117953406933594e-02 nan
3.596449160661185306e+04 1.009973855658730315e+02 nan -8.166054974321834692e-02 nan
3.668342809391880292e+04 1.011029377730712753e+02 nan -8.351973374414001228e-02 nan
3.741673624754693446e+04 1.011015956618930858e+02 nan -8.632198460984907840e-02 nan
3.816470335962365061e+04 1.005395742836325610e+02 nan -8.724467700186977481e-02 nan
3.892762246529606637e+04 1.010121556979621573e+02 nan -8.643908661927390824e-02 nan
3.970579245753546274e+04 1.008240251716641041e+02 nan -8.918602158605448693e-02 nan
4.049951820423589379e+04 1.010896987167719203e+02 nan -9.215072314284000754e-02 nan
4.130911066765409487e+04 1.009666596509999579e+02 nan -9.452138179039515364e-02 nan
4.213488702623655263e+04 1.009057293235817241e+02 nan -9.569666819554889514e-02 nan
4.297717079888269654e+04 1.006526601858724774e+02 nan -9.706809715217623591e-02 nan
4.383629197169144027e+04 1.008110335768165982e+02 nan -9.743055631229768920e-02 nan
4.471258712724135694e+04 1.008092570804019488e+02 nan -1.021338110665670484e-01 nan
4.560639957645598770e+04 1.008163283577028153e+02 nan -1.054414808957320204e-01 nan
4.651807949310428376e+04 1.007391291478735695e+02 nan -1.070902825467925368e-01 nan
4.744798405099019146e+04 1.010928057748742219e+02 nan -1.077865668209234684e-01 nan
4.839647756388464768e+04 1.006476654127726960e+02 nan -1.058454398227617332e-01 nan
4.936393162825440959e+04 1.003429503772645575e+02 nan -1.126037561289479072e-01 nan
5.035072526884498075e+04 1.005966433890635301e+02 nan -1.135587662485253446e-01 nan
5.135724508717293793e+04 1.008280296546493560e+02 nan -1.181241510147152951e-01 nan
5.238388541298658674e+04 1.005116846831595723e+02 nan -1.181588977732213053e-01 nan
5.343104845875527826e+04 1.007045468918824014e+02 nan -1.216241738711838494e-01 nan
5.449914447724599449e+04 1.008911280545216584e+02 nan -1.241787781724057460e-01 nan
5.558859192225049628e+04 1.008180833566383967e+02 nan -1.255661886268097938e-01 nan
5.669981761252481374e+04 1.000119994246486925e+02 nan -1.253895751943092662e-01 nan
5.783325689900701400e+04 1.004888449265787642e+02 nan -1.295626897769226460e-01 nan
5.898935383537668531e+04 1.001343942000470122e+02 nan -1.311123319091853645e-01 nan
6.016856135202389851e+04 1.005707371106029342e+02 nan -1.364381091386901446e-01 nan
6.137134143349692749e+04 1.001064363210878554e+02 nan -1.453586149773382630e-01 nan
6.259816529949597316e+04 1.001608798473072284e+02 nan -1.399993582221661370e-01 nan
6.384951358948557754e+04 1.003690052287721102e+02 nan -1.443038260796112304e-01 nan
6.512587655099752737e+04 9.992124570237255909e+01 nan -1.476552352838540472e-01 nan
6.642775423169723945e+04 1.001371236944941501e+02 nan -1.480930670964197837e-01 nan
6.775565667529110215e+04 1.001421634872103397e+02 nan -1.543887455088324145e-01 nan
6.911010412134797662e+04 1.000637587052227104e+02 nan -1.524506166595926970e-01 nan
7.049162720911727229e+04 9.998770565122786991e+01 nan -1.567415336638968704e-01 nan
7.190076718541979790e+04 1.001988885620055214e+02 nan -1.722632297876320884e-01 nan
7.333807611669514154e+04 9.964695312936555638e+01 nan -1.672552124926518502e-01 nan
7.480411710528786352e+04 9.984150794318264843e+01 nan -1.674905311031631427e-01 nan
7.629946451005658309e+04 9.970858996031873289e+01 nan -1.701319882569998221e-01 nan
7.782470417139456549e+04 9.956725138672798892e+01 nan -1.744625621025881479e-01 nan
7.938043364074717101e+04 9.958651263479120530e+01 nan -1.794599256945947907e-01 nan
8.096726241471736284e+04 9.941072929537098446e+01 nan -1.848527672681674616e-01 nan
8.258581217385242053e+04 9.903650763780289878e+01 nan -1.836490766574634392e-01 nan
8.423671702620254655e+04 9.906460487204920184e+01 nan -1.945974074774636797e-01 nan
8.592062375574908219e+04 9.933530233770734696e+01 nan -1.912360785911495498e-01 nan
8.763819207579796785e+04 9.905502903871362719e+01 nan -2.024930641900759554e-01 nan
8.939009488744016562e+04 9.975330751570352561e+01 nan -2.057415080417719366e-01 nan
9.117701854317740072e+04 9.938882898021078915e+01 nan -2.069753353182655076e-01 nan
9.299966311581751506e+04 9.904289869158425574e+01 nan -2.110423213673744414e-01 nan
9.485874267274704471e+04 9.853472674898382877e+01 nan -2.129939075973821261e-01 nan
9.675498555568441225e+04 9.912290055488935536e+01 nan -2.170856729564656362e-01 nan
9.868913466602661356e+04 9.887362362769620461e+01 nan -2.182356059929988490e-01 nan
1.006619477558999351e+05 9.867383881851091587e+01 nan -2.241168479475437181e-01 nan
1.026741977250277560e+05 9.871381559916510184e+01 nan -2.367289849420686210e-01 nan
1.047266729235351377e+05 9.821398608631595550e+01 nan -2.380597015600551813e-01 nan
1.068201774608034611e+05 9.854495657664699593e+01 nan -2.419464956116459398e-01 nan
1.089555315205020597e+05 9.795363345474953576e+01 nan -2.473154782188498046e-01 nan
1.111335716819153313e+05 9.799088492878003365e+01 nan -2.517991038612454879e-01 nan
1.133551512476940989e+05 9.813956414942384754e+01 nan -2.537764634988022294e-01 nan
1.156211405781586654e+05 9.772079057705316529e+01 nan -2.585390855720683945e-01 nan
1.179324274322848360e+05 9.759058836114492408e+01 nan -2.658262799137842691e-01 nan
1.202899173155051249e+05 9.696249170725789668e+01 nan -2.761700072413337814e-01 nan
1.226945338344652555e+05 9.917404760596674862e+01 nan -2.818095136675426993e-01 nan
1.251472190588685626e+05 9.760004464385984591e+01 nan -2.796462633086007621e-01 nan
1.276489338905575860e+05 9.794710421231823716e+01 nan -2.854024942084585348e-01 nan
1.302006584399707208e+05 9.775312580808513019e+01 nan -2.908865758633001342e-01 nan
1.328033924101257580e+05 9.720557203605149255e+01 nan -2.980775117979534983e-01 nan
1.354581554882791825e+05 9.673737411463234537e+01 nan -3.015142148559721846e-01 nan
1.381659877454135567e+05 9.735236375218335070e+01 nan -3.092901993565368990e-01 nan
1.409279500437136739e+05 9.629617273282144652e+01 nan -3.064737064898652719e-01 nan
1.437451244521840999e+05 9.686833217731836498e+01 nan -3.183965814106528569e-01 nan
1.466186146705792344e+05 9.692125495643338695e+01 nan -3.229362046816346421e-01 nan
1.495495464618046244e+05 9.612090703614799736e+01 nan -3.339997646347683258e-01 nan
1.525390680929634837e+05 9.740648352289997547e+01 nan -3.291540113705275772e-01 nan
1.555883507852195471e+05 9.589553997663136897e+01 nan -3.382766227600200182e-01 nan
1.586985891726531845e+05 9.571183646536658784e+01 nan -3.537579325466921887e-01 nan
1.618710017702885671e+05 9.579248827776456210e+01 nan -3.501924048410791634e-01 nan
1.651068314514787053e+05 9.521583196057845555e+01 nan -3.664445700043055254e-01 nan
1.684073459348332544e+05 9.475422107933289340e+01 nan -3.679500671597031314e-01 nan
1.717738382808787283e+05 9.481118010030868959e+01 nan -3.760403628849982027e-01 nan
1.752076273986479500e+05 9.519788675127942668e+01 nan -3.830559715407719779e-01 nan
1.787100585623964434e+05 9.442971260367176001e+01 nan -3.928444581401615565e-01 nan
1.822825039386480930e+05 9.312069923655141679e+01 nan -3.985361510951523911e-01 nan
1.859263631237748486e+05 9.346308625832958228e+01 nan -4.063804723200723501e-01 nan
1.896430636923268321e+05 9.378543620749636034e+01 nan -4.071364014634002437e-01 nan
1.934340617563179112e+05 9.316765198061901287e+01 nan -4.205907132515322999e-01 nan
1.973008425356974185e+05 9.245081050921312738e+01 nan -4.259862460532439776e-01 nan
2.012449209402212291e+05 9.270923419612334726e+01 nan -4.289648346833967452e-01 nan
2.052678421629566001e+05 9.228680945921354351e+01 nan -4.416366344029993840e-01 nan
2.093711822856513318e+05 9.233867207640156494e+01 nan -4.485924506532690259e-01 nan
2.135565488962021773e+05 9.090600543698764113e+01 nan -4.577045240948578453e-01 nan
2.178255817184712214e+05 9.202656911592079325e+01 nan -4.579790271378589850e-01 nan
2.221799532546861155e+05 9.070830533189675293e+01 nan -4.721214813424152723e-01 nan
2.266213694406883151e+05 9.075201042136249896e+01 nan -4.812749110098302197e-01 nan
2.311515703142751299e+05 9.012743865681565580e+01 nan -4.874256933712435291e-01 nan
2.357723306969042751e+05 9.007552741628867921e+01 nan -5.031903687626364530e-01 nan
2.404854608890252421e+05 8.976764169389379333e+01 nan -4.993267543462955871e-01 nan
2.452928073793112708e+05 8.794189822920171196e+01 nan -5.189357487534236313e-01 nan
2.501962535680659930e+05 8.859206119210645625e+01 nan -5.221954611067816110e-01 nan
2.551977205050970952e+05 8.780055379748979760e+01 nan -5.307122519938043403e-01 nan
2.602991676423324679e+05 8.792456355328131679e+01 nan -5.442274572199830018e-01 nan
2.655025936014886829e+05 8.701270274793280635e+01 nan -5.555284163219966764e-01 nan
2.708100369570801849e+05 8.638995881468733273e+01 nan -5.567804101159437025e-01 nan
2.762235770350829698e+05 8.669199434887889311e+01 nan -5.659399525470965031e-01 nan
2.817453347275641281e+05 8.647078059770161929e+01 nan -5.711237402020223897e-01 nan
2.873774733235930325e+05 8.528939514768474339e+01 nan -5.954298144101315415e-01 nan
2.931221993567687459e+05 8.462109116257968822e+01 nan -5.966190303522891369e-01 nan
2.989817634696811438e+05 8.392259251222756689e+01 nan -6.046066394029301350e-01 nan
3.049584612956615747e+05 8.324824843034143385e+01 nan -6.087360084823671968e-01 nan
3.110546343581532710e+05 8.330754621043506347e+01 nan -6.323566842849914771e-01 nan
3.172726709880630951e+05 8.271504349788084198e+01 nan -6.303071256735357508e-01 nan
3.236150072594513185e+05 8.247611982486291993e+01 nan -6.434016384096823415e-01 nan
3.300841279439259088e+05 8.093527733617698061e+01 nan -6.581030305922013213e-01 nan
3.366825674841126893e+05 8.164766125081841608e+01 nan -6.605616894206027823e-01 nan
3.434129109865921782e+05 7.985141847553107652e+01 nan -6.667130430133449970e-01 nan
3.502777952346754610e+05 7.931372324863147583e+01 nan -6.882060977103314769e-01 nan
3.572799097214361536e+05 7.848728184090641946e+01 nan -7.058186410797686605e-01 nan
3.644219977033847244e+05 7.859792505879390490e+01 nan -7.067564420726091257e-01 nan
3.717068572752099135e+05 7.703364896630664305e+01 nan -7.149016906242335878e-01 nan
3.791373424660041346e+05 7.748760608233696701e+01 nan -7.292530033629596176e-01 nan
3.867163643573990557e+05 7.632406917717796091e+01 nan -7.285308182001344335e-01 nan
3.944468922240612446e+05 7.637163115551518899e+01 nan -7.456941082032821910e-01 nan
4.023319546969747753e+05 7.559854589921178558e+01 nan -7.502555822381631323e-01 nan
4.103746409499900765e+05 7.513494429307186806e+01 nan -7.716263829582969969e-01 nan
4.185781019100831472e+05 7.434835750726345793e+01 nan -7.803014411903337333e-01 nan
4.269455514918122790e+05 7.347433954699843639e+01 nan -7.814061145776607376e-01 nan
4.354802678564506932e+05 7.266092789851857958e+01 nan -7.956160782587202718e-01 nan
4.441855946962906746e+05 7.209443624769663472e+01 nan -8.144871608570833921e-01 nan
4.530649425446173991e+05 7.089190442780066803e+01 nan -8.198267393836973227e-01 nan
4.621217901118736481e+05 7.025857673648683033e+01 nan -8.236723108089805123e-01 nan
4.713596856485354365e+05 6.908569064021784811e+01 nan -8.388707527491412463e-01 nan
4.807822483352262061e+05 6.836897076643073490e+01 nan -8.487321589965954871e-01 nan
4.903931697006242466e+05 6.789464802566295987e+01 nan -8.586867775792836888e-01 nan
5.001962150677126483e+05 6.672352513161796139e+01 nan -8.617254283866486730e-01 nan
5.101952250289416988e+05 6.655721235956281134e+01 nan -8.821471937719689294e-01 nan
5.203941169508742751e+05 6.551825402110040386e+01 nan -8.928177877125742512e-01 nan
5.307968865089213941e+05 6.516274384239662254e+01 nan -9.017385206419286092e-01 nan
5.414076092527409783e+05 6.398783814614277787e+01 nan -9.034148160131199035e-01 nan
5.522304422029462876e+05 6.339718583805573360e+01 nan -9.131154674534789351e-01 nan
5.632696254797191359e+05 6.275003590161607292e+01 nan -9.183707557901454877e-01 nan
5.745294839639870916e+05 6.284456263180673830e+01 nan -9.250832434536877535e-01 nan
5.860144289918057621e+05 6.116822417434893566e+01 nan -9.436628435726630570e-01 nan
5.977289600826081587e+05 6.111183389078598793e+01 nan -9.637784142728040848e-01 nan
6.096776667020134628e+05 5.982888547785617561e+01 nan -9.656849950690533646e-01 nan
6.218652300598578295e+05 5.895727055038267395e+01 nan -9.682527152219009281e-01 nan
6.342964249441855354e+05 5.789265366083184006e+01 nan -9.926318123075983380e-01 nan
6.469761215918892995e+05 5.817924064483851510e+01 nan -1.001141275665258235e+00 nan
6.599092875967504224e+05 5.662965224976371559e+01 nan -1.001267081903600698e+00 nan
6.731009898556200787e+05 5.589490743686735641e+01 nan -1.021087580473825085e+00 nan
6.865563965535062598e+05 5.455772403950857807e+01 nan -1.023779507154623847e+00 nan
7.002807791883369209e+05 5.475195285835068404e+01 nan -1.027528358769053796e+00 nan
7.142795146362121450e+05 5.372213563445707507e+01 nan -1.033182208820671022e+00 nan
7.285580872579215793e+05 5.260148708282544305e+01 nan -1.057901850343082373e+00 nan
7.431220910475924611e+05 5.234497901519400642e+01 nan -1.065271169859348888e+00 nan
7.579772318242725451e+05 5.160446297905830448e+01 nan -1.072649555061003568e+00 nan
7.731293294673323398e+05 5.009130598530951772e+01 nan -1.082705637090155548e+00 nan
7.885843201965518529e+05 4.976962493016930011e+01 nan -1.090493131804343818e+00 nan
8.043482588977795094e+05 4.893090906174840171e+01 nan -1.107554596229308075e+00 nan
8.204273214950991096e+05 4.817823311453290103e+01 nan -1.105137175469904420e+00 nan
8.368278073703922564e+05 4.760815438675014377e+01 nan -1.114069310119306877e+00 nan
8.535561418312925380e+05 4.689474381102172629e+01 nan -1.129325648223186818e+00 nan
8.706188786284573143e+05 4.591838539219925508e+01 nan -1.141238396187194581e+00 nan
8.880227025231675943e+05 4.540296511235113286e+01 nan -1.144828586110593349e+00 nan
9.057744319062532159e+05 4.478387362586500586e+01 nan -1.148448683592169672e+00 nan
9.238810214693732560e+05 4.419237467940547504e+01 nan -1.159243844220405606e+00 nan
9.423495649296874180e+05 4.339589185111293546e+01 nan -1.180381554220510054e+00 nan
9.611872978090040851e+05 4.193429371423030716e+01 nan -1.167335689628774986e+00 nan
9.804016002684838604e+05 4.174395908199365834e+01 nan -1.187894358533847949e+00 nan
1.000000000000000000e+06 4.079583129442399780e+01 nan -1.196878546264553478e+00 nan
