1.000000000000000000e+01 6.777718051177512582e-01 nan 8.195007056621683716e-01 nan
1.019990175175305325e+01 6.851116163226972366e-01 nan 8.096079759660548270e-01 nan
1.040379957454149995e+01 6.922391813539371386e-01 nan 7.996651713598246225e-01 nan
1.061177335052535042e+01 6.992981507079955028e-01 nan 7.897351028709422849e-01 nan
1.082390455872298851e+01 7.062215090585369781e-01 nan 7.798393591548911097e-01 nan
1.104027630693264506e+01 7.131676730011632381e-01 nan 7.699021138395103492e-01 nan
1.126097336429200091e+01 7.199731368587471980e-01 nan 7.599812890541208787e-01 nan
1.148608219448865064e+01 7.267894292239744924e-01 nan 7.500171744986481315e-01 nan
1.171569098963443345e+01 7.334940049614635527e-01 nan 7.401058120155949993e-01 nan
1.194988970481697166e+01 7.400720918018118821e-01 nan 7.302635191241990675e-01 nan
1.218877009334183903e+01 7.466054379213259429e-01 nan 7.202671144647245782e-01 nan
1.243242574267926415e+01 7.530395391221997858e-01 nan 7.104738576538900396e-01 nan
1.268095211112939857e+01 7.594474002417216374e-01 nan 7.006222270376882832e-01 nan
1.293444656522053116e+01 7.656582989746221202e-01 nan 6.908527166808999809e-01 nan
1.319300841785491585e+01 7.718099181072977100e-01 nan 6.810654314673443288e-01 nan
1.345673896721711316e+01 7.779687896447268214e-01 nan 6.713397257777131699e-01 nan
1.372574153646013961e+01 7.839051872428349776e-01 nan 6.616872949643011204e-01 nan
1.400012151418494000e+01 7.898088170831836230e-01 nan 6.519960189034588183e-01 nan
1.427998639572905759e+01 7.955763900437242686e-01 nan 6.424518043026221648e-01 nan
1.456544582528065668e+01 8.011631799055616288e-01 nan 6.328289199851555580e-01 nan
1.485661163883444402e+01 8.068763320632380553e-01 nan 6.233187535201931695e-01 nan
1.515359790800622264e+01 8.122335202805265331e-01 nan 6.139043288587657798e-01 nan
1.545652098472340796e+01 8.176272751615109025e-01 nan 6.044983247276420890e-01 nan
1.576549954680880994e+01 8.228179732403846369e-01 nan 5.951558548878961297e-01 nan
1.608065464447571458e+01 8.280165338906575467e-01 nan 5.859373223924011498e-01 nan
1.640210974775236963e+01 8.329966384864441187e-01 nan 5.767109763593971650e-01 nan
1.672999079485452256e+01 8.379060469901148389e-01 nan 5.675747064896974337e-01 nan
1.706442624152490595e+01 8.427056095107813283e-01 nan 5.585119110184022517e-01 nan
1.740554711135906629e+01 8.474281294409126142e-01 nan 5.495081730943245368e-01 nan
1.775348704713716330e+01 8.520727020268685781e-01 nan 5.406344013757191647e-01 nan
1.810838236318194916e+01 8.564955279923049947e-01 nan 5.318086448619601114e-01 nan
1.847037209876337371e+01 8.608921549213096602e-01 nan 5.230469845151706210e-01 nan
1.883959807257071262e+01 8.651540040695400169e-01 nan 5.143556673103004684e-01 nan
1.921620493827375498e+01 8.695227374803299325e-01 nan 5.058067214367292230e-01 nan
1.960034024119441298e+01 8.734398613604107409e-01 nan 4.973034055289744515e-01 nan
1.999215447611147312e+01 8.775600091640270994e-01 nan 4.888668466156973480e-01 nan
2.039180114622070761e+01 8.814733037106068370e-01 nan 4.805397287812471774e-01 nan
2.079943682327364840e+01 8.850381541489342752e-01 nan 4.723160662067966697e-01 nan
2.121522120891858521e+01 8.889305828994114034e-01 nan 4.641162459540324470e-01 nan
2.163931719726771874e+01 8.923320787960048461e-01 nan 4.560559541249871174e-01 nan
2.207189093871509655e+01 8.958089115987095674e-01 nan 4.481514862490385553e-01 nan
2.251311190503024307e+01 8.991416782684651388e-01 nan 4.402500847831669617e-01 nan
2.296315295575304916e+01 9.024681317490474974e-01 nan 4.324285376639847023e-01 nan
2.342219040591588097e+01 9.057704540137029303e-01 nan 4.247786806168649676e-01 nan
2.389040409511950358e+01 9.088786114094397073e-01 nan 4.171468569585012887e-01 nan
2.436797745798975967e+01 9.117596951083494217e-01 nan 4.096701837238541088e-01 nan
2.485509759604287794e+01 9.147728763656068907e-01 nan 4.022389870558775726e-01 nan
2.535195535098708319e+01 9.175442743607714613e-01 nan 3.948917666117015557e-01 nan
2.585874537948983587e+01 9.203783682214061734e-01 nan 3.876700089483042788e-01 nan
2.637566622943945305e+01 9.229149292675727922e-01 nan 3.805994340972391754e-01 nan
2.690292041773133036e+01 9.255274838081594124e-01 nan 3.735291587119911050e-01 nan
2.744071450960907654e+01 9.280525479140662171e-01 nan 3.665870392627543772e-01 nan
2.798925919959170017e+01 9.304555562944604175e-01 nan 3.597243996630625773e-01 nan
2.854876939401856362e+01 9.327864969867883937e-01 nan 3.530122631180101500e-01 nan
2.911946429524438784e+01 9.350989932667107540e-01 nan 3.463187761158037503e-01 nan
2.970156748751736941e+01 9.372967254377110313e-01 nan 3.397620571415886914e-01 nan
3.029530702457399371e+01 9.393912068052581166e-01 nan 3.332531207897018177e-01 nan
3.090091551898489897e+01 9.414457953173458460e-01 nan 3.269224730190414263e-01 nan
3.151863023328670010e+01 9.434965503036700785e-01 nan 3.206306689405460375e-01 nan
3.214869317293579343e+01 9.456171074832668832e-01 nan 3.144490911261423882e-01 nan
3.279135118111990010e+01 9.472651447214334164e-01 nan 3.083253982271942917e-01 nan
3.344685603546545849e+01 9.491552041531102768e-01 nan 3.023011373211668129e-01 nan
3.411546454667762873e+01 9.510322399037959284e-01 nan 2.963767668465346894e-01 nan
3.479743865915263257e+01 9.525116433051772358e-01 nan 2.905143042802511566e-01 nan
3.549304555360102853e+01 9.543505390142934530e-01 nan 2.848123136695814850e-01 nan
3.620255775172260826e+01 9.557610954140826065e-01 nan 2.791111441029063833e-01 nan
3.692625322297364221e+01 9.574079065173626280e-01 nan 2.735127106554440246e-01 nan
3.766441549346856732e+01 9.588776681880391006e-01 nan 2.679889067340557318e-01 nan
3.841733375705850762e+01 9.601297088640703414e-01 nan 2.625997771701986672e-01 nan
3.918530298863025507e+01 9.615128546588620484e-01 nan 2.572593773302322973e-01 nan
3.996862405967040388e+01 9.628728029466775418e-01 nan 2.520347182057505186e-01 nan
4.076760385613911808e+01 9.642044926427713047e-01 nan 2.468508372659421468e-01 nan
4.158255539870081208e+01 9.654001489293214666e-01 nan 2.417354040890504763e-01 nan
4.241379796535765223e+01 9.665539628741940392e-01 nan 2.367208070846169576e-01 nan
4.326165721653518403e+01 9.678712261355973956e-01 nan 2.318163640272219439e-01 nan
4.412646532266772681e+01 9.687503932890060288e-01 nan 2.269049977001360574e-01 nan
4.500856109433488683e+01 9.698532859041174570e-01 nan 2.221338240634320726e-01 nan
4.590829011499907608e+01 9.709474305524039561e-01 nan 2.174376771825690113e-01 nan
4.682600487639663811e+01 9.720229352653725341e-01 nan 2.128021498720702454e-01 nan
4.776206491663550935e+01 9.729983619141030493e-01 nan 2.082232063263802502e-01 nan
4.871683696105335315e+01 9.738571567097635828e-01 nan 2.037315392065623953e-01 nan
4.969069506589161733e+01 9.746475602212160139e-01 nan 1.992710340097443300e-01 nan
5.068402076484144203e+01 9.754981132107087838e-01 nan 1.949351584745224741e-01 nan
5.169720321851946210e+01 9.763047472329109411e-01 nan 1.906322086644580693e-01 nan
5.273063936693099407e+01 9.773027699552717662e-01 nan 1.866341521979677509e-01 nan
5.378473408498182096e+01 9.779452680423057487e-01 nan 1.822384869222033466e-01 nan
5.485990034109779145e+01 9.787529072131982977e-01 nan 1.781693781859221559e-01 nan
5.595655935901614697e+01 9.794113558571555522e-01 nan 1.740928378422683664e-01 nan
5.707514078281025149e+01 9.801239021726338985e-01 nan 1.701298333884544434e-01 nan
5.821608284521383325e+01 9.807167495101046795e-01 nan 1.662191823758627507e-01 nan
5.937983253930974570e+01 9.813595720763931274e-01 nan 1.623365329404258262e-01 nan
6.056684579365083465e+01 9.820704745337432984e-01 nan 1.585464651814501025e-01 nan
6.177758765088162107e+01 9.825988108402667898e-01 nan 1.547710498261301026e-01 nan
6.301253244993051794e+01 9.831354317372693608e-01 nan 1.510816466530329194e-01 nan
6.427216401184426786e+01 9.837319263580746043e-01 nan 1.473740475347407042e-01 nan
6.555697582933694889e+01 9.841397053571397935e-01 nan 1.438571145776763593e-01 nan
6.686747126012868137e+01 9.846856245357967774e-01 nan 1.402931180655455634e-01 nan
6.820416372414831585e+01 9.851308027513148158e-01 nan 1.368660949187647802e-01 nan
6.956757690467927091e+01 9.857030112025978452e-01 nan 1.334424651395731409e-01 nan
7.095824495352529482e+01 9.861164168341529646e-01 nan 1.300317916863091838e-01 nan
7.237671270027853154e+01 9.864410013573789993e-01 nan 1.266900590402726401e-01 nan
7.382353586576982707e+01 9.869366740882675737e-01 nan 1.234093707567796017e-01 nan
7.529928127978701013e+01 9.873497486491753516e-01 nan 1.201587723660262341e-01 nan
7.680452710314452247e+01 9.878141511207939596e-01 nan 1.169645527118068351e-01 nan
7.833986305419287532e+01 9.880479936209703995e-01 nan 1.137999038458845646e-01 nan
7.990589063985561324e+01 9.884655216448829940e-01 nan 1.106971704986778882e-01 nan
8.150322339128510407e+01 9.887754136827678897e-01 nan 1.076306044250694427e-01 nan
8.313248710422897148e+01 9.891423072747137502e-01 nan 1.045874039753860174e-01 nan
8.479432008420127431e+01 9.894234193274188405e-01 nan 1.015532228986870678e-01 nan
8.648937339655540768e+01 9.896835102386256633e-01 nan 9.858522704315930696e-02 nan
8.821831112155489052e+01 9.899477370863773995e-01 nan 9.569363417714082942e-02 nan
8.998181061454440055e+01 9.902994353897259794e-01 nan 9.278435952353802918e-02 nan
9.178056277132029095e+01 9.905825697727840273e-01 nan 8.993530048513420638e-02 nan
9.361527229880708489e+01 9.908427123041390061e-01 nan 8.712275165515315223e-02 nan
9.548665799114414199e+01 9.910017051125432630e-01 nan 8.433064112330335149e-02 nan
9.739545301129156485e+01 9.912079283318740996e-01 nan 8.155927341520996521e-02 nan
9.934240517826549421e+01 9.914229579082184385e-01 nan 7.881845918937546713e-02 nan
1.013282772601151862e+02 9.916555714390343779e-01 nan 7.616962444300501289e-02 nan
1.033538472727568376e+02 9.919477991114845628e-01 nan 7.344540494044249357e-02 nan
1.054199087847809437e+02 9.920613440428724950e-01 nan 7.087525074716793938e-02 nan
1.075272712283533565e+02 9.923356282130249006e-01 nan 6.822286423003065536e-02 nan
1.096767602163307487e+02 9.924769229207176524e-01 nan 6.557573415930173510e-02 nan
1.118692178657152141e+02 9.926411276145961082e-01 nan 6.308747615411602894e-02 nan
1.141055031275751901e+02 9.928237025997214138e-01 nan 6.053807832328184091e-02 nan
1.163864921235618226e+02 9.929442267137930100e-01 nan 5.799461147173001763e-02 nan
1.187130784891511723e+02 9.930443067930108114e-01 nan 5.549768796132070747e-02 nan
1.210861737237489990e+02 9.932296279690774332e-01 nan 5.303572829994784854e-02 nan
1.235067075477941216e+02 9.933573759202920517e-01 nan 5.052629605849379146e-02 nan
1.259756282669997915e+02 9.934738474846775969e-01 nan 4.812539569903506731e-02 nan
1.284939031438763095e+02 9.936230063374730248e-01 nan 4.570868915996983972e-02 nan
1.310625187766810598e+02 9.936842848660580874e-01 nan 4.334776055225297853e-02 nan
1.336824814859435833e+02 9.937851844524168143e-01 nan 4.096342003598074655e-02 nan
1.363548177087171496e+02 9.939866884342799525e-01 nan 3.857321607588559687e-02 nan
1.390805744007112992e+02 9.939768655170646561e-01 nan 3.618842551128675922e-02 nan
1.418608194464635233e+02 9.940511453473256376e-01 nan 3.391595648424416964e-02 nan
1.446966420777107487e+02 9.941732478316817057e-01 nan 3.154224640974145899e-02 nan
1.475891533001227174e+02 9.942159118935329776e-01 nan 2.921520929420218238e-02 nan
1.505394863285670795e+02 9.942856328253631970e-01 nan 2.690699213998470896e-02 nan
1.535487970310755088e+02 9.943803184448304355e-01 nan 2.464898402493886920e-02 nan
1.566182643816841846e+02 9.943592136971012296e-01 nan 2.235011922061769241e-02 nan
1.597490909223264168e+02 9.944713048418638568e-01 nan 2.007833512348522476e-02 nan
1.629425032339593997e+02 9.945008597038275111e-01 nan 1.780942688382491923e-02 nan
1.661997524171088969e+02 9.945606823124075735e-01 nan 1.548333520001898833e-02 nan
1.695221145820193556e+02 9.945331751484063343e-01 nan 1.327382643519925409e-02 nan
1.729108913486022061e+02 9.946609555268220992e-01 nan 1.100911281767480432e-02 nan
1.763674103563788265e+02 9.945607402905017880e-01 nan 8.685997001286693830e-03 nan
1.798930257846176914e+02 9.946019996865717028e-01 nan 6.552080916448765890e-03 nan
1.834891188828680129e+02 9.946677714458460606e-01 nan 4.364500307997509765e-03 nan
1.871570985120990542e+02 9.946480236424422028e-01 nan 2.071953336075793572e-03 nan
1.908984016966576860e+02 9.947145147523371866e-01 nan -1.923782565551590551e-04 nan
1.947144941872597599e+02 9.947320747488913595e-01 nan -2.434131520696602990e-03 nan
1.986068710352341498e+02 9.946724345307580428e-01 nan -4.651514771203402177e-03 nan
2.025770571782476281e+02 9.947230228395593787e-01 nan -6.958458977033288306e-03 nan
2.066266080377385208e+02 9.946937406130877957e-01 nan -9.146075785575469297e-03 nan
2.107571101282921688e+02 9.945829692571491742e-01 nan -1.140074389149292600e-02 nan
2.149701816791979354e+02 9.946613211481800665e-01 nan -1.364782972060840649e-02 nan
2.192674732684321839e+02 9.945985308604697872e-01 nan -1.591834994114549318e-02 nan
2.236506684693145814e+02 9.945026424447657165e-01 nan -1.823392023346537272e-02 nan
2.281214845100904256e+02 9.944770611378244141e-01 nan -2.047153317610739265e-02 nan
2.326816729466979439e+02 9.944089020442643534e-01 nan -2.273871401730165331e-02 nan
2.373330203489854000e+02 9.943700198495130094e-01 nan -2.506029710182344772e-02 nan
2.420773490006460236e+02 9.943537070258561261e-01 nan -2.734012911117256195e-02 nan
2.469165176131425881e+02 9.942549062455903197e-01 nan -2.965314242440131309e-02 nan
2.518524220539055136e+02 9.942218859483923366e-01 nan -3.193616525787268401e-02 nan
2.568869960890878588e+02 9.941562984777430056e-01 nan -3.427981853267692003e-02 nan
2.620222121411668468e+02 9.940377020362998195e-01 nan -3.660910790109017654e-02 nan
2.672600820616899000e+02 9.939629612242513179e-01 nan -3.899750628428844124e-02 nan
2.726026579194693795e+02 9.938779275489330045e-01 nan -4.132555102531609847e-02 nan
2.780520328045332690e+02 9.937527488603002945e-01 nan -4.375240803890623198e-02 nan
2.836103416481457202e+02 9.936781518385272571e-01 nan -4.614168532765727804e-02 nan
2.892797620592205021e+02 9.935379392027505752e-01 nan -4.859332524370785222e-02 nan
2.950625151774547703e+02 9.934629236969473309e-01 nan -5.105611424561296019e-02 nan
3.009608665435181365e+02 9.933199069738662956e-01 nan -5.347162215824941001e-02 nan
3.069771269866351986e+02 9.931819362253463401e-01 nan -5.595710994554314865e-02 nan
3.131136535299098114e+02 9.930633529082579791e-01 nan -5.843649271618200913e-02 nan
3.193728503137523376e+02 9.929124492994503282e-01 nan -6.099190365179385509e-02 nan
3.257571695377610013e+02 9.927437279949431481e-01 nan -6.356500142412935261e-02 nan
3.322691124214326237e+02 9.926129402265647661e-01 nan -6.606902717810037018e-02 nan
3.389112301840800683e+02 9.924504572392001123e-01 nan -6.870974464245360736e-02 nan
3.456861250443378708e+02 9.922171793477293500e-01 nan -7.132139629484335330e-02 nan
3.525964512396468535e+02 9.919682461764099957e-01 nan -7.396928344903441754e-02 nan
3.596449160661185260e+02 9.918572808009507025e-01 nan -7.667669827927348081e-02 nan
3.668342809391880337e+02 9.916283484444675667e-01 nan -7.932485417189472088e-02 nan
3.741673624754693606e+02 9.914026597637365379e-01 nan -8.206700615939777066e-02 nan
3.816470335962360991e+02 9.912037971880511833e-01 nan -8.484825442967736109e-02 nan
3.892762246529607069e+02 9.909628655143009057e-01 nan -8.768222145473547613e-02 nan
3.970579245753546616e+02 9.907542526914456804e-01 nan -9.047042273591898720e-02 nan
4.049951820423593176e+02 9.904478569828478740e-01 nan -9.335550054538988007e-02 nan
4.130911066765409601e+02 9.902032487086149803e-01 nan -9.629066270731900801e-02 nan
4.213488702623654945e+02 9.898915473272321686e-01 nan -9.918357319304460518e-02 nan
4.297717079888269609e+02 9.896130029430072472e-01 nan -1.021734331067367663e-01 nan
4.383629197169139502e+02 9.892848240007684479e-01 nan -1.051820142673998149e-01 nan
4.471258712724135762e+02 9.889581662152608921e-01 nan -1.082522032712383009e-01 nan
4.560639957645598770e+02 9.886714325520932212e-01 nan -1.113202210582091567e-01 nan
4.651807949310428398e+02 9.883623551470481772e-01 nan -1.144416178573131049e-01 nan
4.744798405099024308e+02 9.879748218414914351e-01 nan -1.176400309792073884e-01 nan
4.839647756388465041e+02 9.875461077240106356e-01 nan -1.208088533400468734e-01 nan
4.936393162825440868e+02 9.871887739560805120e-01 nan -1.241202322912764444e-01 nan
5.035072526884497961e+02 9.867405276885606868e-01 nan -1.274522743171826455e-01 nan
5.135724508717294157e+02 9.863544133642557776e-01 nan -1.307914392120359537e-01 nan
5.238388541298659220e+02 9.859052411877206046e-01 nan -1.341512994890097232e-01 nan
5.343104845875527644e+02 9.854511604401675617e-01 nan -1.376011772857577142e-01 nan
5.449914447724604543e+02 9.849310688008741099e-01 nan -1.411144736258780341e-01 nan
5.558859192225049810e+02 9.844868926698919775e-01 nan -1.446576893406761322e-01 nan
5.669981761252481647e+02 9.839426764405500014e-01 nan -1.483009097443641622e-01 nan
5.783325689900701718e+02 9.834211984910230520e-01 nan -1.518992538691112948e-01 nan
5.898935383537663029e+02 9.828236742707169293e-01 nan -1.556685232771277683e-01 nan
6.016856135202390305e+02 9.823279233865563898e-01 nan -1.594024898207786478e-01 nan
6.137134143349693431e+02 9.817371242099568462e-01 nan -1.631909241427229595e-01 nan
6.259816529949597452e+02 9.810419892470179093e-01 nan -1.670976355989353124e-01 nan
6.384951358948563893e+02 9.804239764830920967e-01 nan -1.710269379695081859e-01 nan
6.512587655099753192e+02 9.797044554505169867e-01 nan -1.750631547145031774e-01 nan
6.642775423169723581e+02 9.790128562166061643e-01 nan -1.791219102746568481e-01 nan
6.775565667529102711e+02 9.782950147761908521e-01 nan -1.832515680020643245e-01 nan
6.911010412134796752e+02 9.775296825924167932e-01 nan -1.874626587097827368e-01 nan
7.049162720911726865e+02 9.767689896158556762e-01 nan -1.917213417970788925e-01 nan
7.190076718541979517e+02 9.759217100902116693e-01 nan -1.960076121089562307e-01 nan
7.333807611669521975e+02 9.750553224124101082e-01 nan -2.003612464303432539e-01 nan
7.480411710528786671e+02 9.741912582734422177e-01 nan -2.047866647911966709e-01 nan
7.629946451005657764e+02 9.732624083514260782e-01 nan -2.093820869640294902e-01 nan
7.782470417139455776e+02 9.723311578298061697e-01 nan -2.139557754933045786e-01 nan
7.938043364074708279e+02 9.713196020004258857e-01 nan -2.188803906113623299e-01 nan
8.096726241471735648e+02 9.702620817602011227e-01 nan -2.233934291564940722e-01 nan
8.258581217385242326e+02 9.692846786008918469e-01 nan -2.282102100643994547e-01 nan
8.423671702620263204e+02 9.681692186550548973e-01 nan -2.330879293561531895e-01 nan
8.592062375574909083e+02 9.669507908569461296e-01 nan -2.380327063488354433e-01 nan
8.763819207579796284e+02 9.658059339864387693e-01 nan -2.431184021620955704e-01 nan
8.939009488744017062e+02 9.645413771718663876e-01 nan -2.482173703385095465e-01 nan
9.117701854317730294e+02 9.633284639862530474e-01 nan -2.534544836360312914e-01 nan
9.299966311581752052e+02 9.619723712424443907e-01 nan -2.587687981817712313e-01 nan
9.485874267274704152e+02 9.606056600093441089e-01 nan -2.641045767815430878e-01 nan
9.675498555568441361e+02 9.592094069802002965e-01 nan -2.695513840653118720e-01 nan
9.868913466602672315e+02 9.577415449362250977e-01 nan -2.750702637495292535e-01 nan
1.006619477558999392e+03 9.562633627872855202e-01 nan -2.806825288904466476e-01 nan
1.026741977250277614e+03 9.546815450727075270e-01 nan -2.864267389165009448e-01 nan
1.047266729235350340e+03 9.530843238010909824e-01 nan -2.922173040060052074e-01 nan
1.068201774608033475e+03 9.513807514383738617e-01 nan -2.981099999219138930e-01 nan
1.089555315205020634e+03 9.496423274946980131e-01 nan -3.040659064570654380e-01 nan
1.111335716819153276e+03 9.478617062884260314e-01 nan -3.101189546828191368e-01 nan
1.133551512476942207e+03 9.459740841274102419e-01 nan -3.163028176174655925e-01 nan
1.156211405781587928e+03 9.440224617032121346e-01 nan -3.225320805045885919e-01 nan
1.179324274322848396e+03 9.420771757200262497e-01 nan -3.288551001316157851e-01 nan
1.202899173155051358e+03 9.400426409452488086e-01 nan -3.352361831047727669e-01 nan
1.226945338344651191e+03 9.378907623690158069e-01 nan -3.418305946424631259e-01 nan
1.251472190588685635e+03 9.356730671841713143e-01 nan -3.481705360942490834e-01 nan
1.276489338905575778e+03 9.333961708351395936e-01 nan -3.551403106879540417e-01 nan
1.302006584399708572e+03 9.310481322594352793e-01 nan -3.619448409290004776e-01 nan
1.328033924101258890e+03 9.286446807639509027e-01 nan -3.688351392362712033e-01 nan
1.354581554882791806e+03 9.261543712635711412e-01 nan -3.758104635004140270e-01 nan
1.381659877454135540e+03 9.236094866415551774e-01 nan -3.829129240673898593e-01 nan
1.409279500437135312e+03 9.209060055481363971e-01 nan -3.900996409322359249e-01 nan
1.437451244521839499e+03 9.181978473121122919e-01 nan -3.973487288963415409e-01 nan
1.466186146705792453e+03 9.153883792247395901e-01 nan -4.047213092886341457e-01 nan
1.495495464618046299e+03 9.124445688921828390e-01 nan -4.122145763780356020e-01 nan
1.525390680929636346e+03 9.094575872574470754e-01 nan -4.198113751916849878e-01 nan
1.555883507852196999e+03 9.063732619751808661e-01 nan -4.274692641539323823e-01 nan
1.586985891726531690e+03 9.031760330333850062e-01 nan -4.352196626105735433e-01 nan
1.618710017702883988e+03 8.999103218678410343e-01 nan -4.430776122099997494e-01 nan
1.651068314514785243e+03 8.964932579584206085e-01 nan -4.510515769578833378e-01 nan
1.684073459348332563e+03 8.931025175991960108e-01 nan -4.591003546279610603e-01 nan
1.717738382808787264e+03 8.895319925657224625e-01 nan -4.672086706111890919e-01 nan
1.752076273986481510e+03 8.858323953188845801e-01 nan -4.755433610336994299e-01 nan
1.787100585623966481e+03 8.820812852711200636e-01 nan -4.837506484313678357e-01 nan
1.822825039386480967e+03 8.782462366404485410e-01 nan -4.921645651567674307e-01 nan
1.859263631237748541e+03 8.742685016142626164e-01 nan -5.006566772890517214e-01 nan
1.896430636923266320e+03 8.701186205832384113e-01 nan -5.092268483858077843e-01 nan
1.934340617563177148e+03 8.659395924092316843e-01 nan -5.179164039010437648e-01 nan
1.973008425356974158e+03 8.617237776010064909e-01 nan -5.266621718880788450e-01 nan
2.012449209402212318e+03 8.573500941070315573e-01 nan -5.355256680950746251e-01 nan
2.052678421629568220e+03 8.528490858201688285e-01 nan -5.444041594184252375e-01 nan
2.093711822856513209e+03 8.482588478732908666e-01 nan -5.534630612343671707e-01 nan
2.135565488962021846e+03 8.435573535385316735e-01 nan -5.625037121280431762e-01 nan
2.178255817184709940e+03 8.387193393718423984e-01 nan -5.716644632898284506e-01 nan
2.221799532546859155e+03 8.338079362175667697e-01 nan -5.808938113248061086e-01 nan
2.266213694406883405e+03 8.287731353688714275e-01 nan -5.901749765378037083e-01 nan
2.311515703142751136e+03 8.236122957916671705e-01 nan -5.995604600961348396e-01 nan
2.357723306969045098e+03 8.184022958437714435e-01 nan -6.090129105022978884e-01 nan
2.404854608890254895e+03 8.130691880916833814e-01 nan -6.185402586238293310e-01 nan
2.452928073793112617e+03 8.076085884658276148e-01 nan -6.280484222429336683e-01 nan
2.501962535680660039e+03 8.020453885515232972e-01 nan -6.376379385423320834e-01 nan
2.551977205050968678e+03 7.963668673758980132e-01 nan -6.474252668899787011e-01 nan
2.602991676423322133e+03 7.906149511060815982e-01 nan -6.570762905377502960e-01 nan
2.655025936014887066e+03 7.847704305007349168e-01 nan -6.668209552950496999e-01 nan
2.708100369570804560e+03 7.787310565687781683e-01 nan -6.766459526667265578e-01 nan
2.762235770350832809e+03 7.726860374801661768e-01 nan -6.864893013070627603e-01 nan
2.817453347275641590e+03 7.665159697926848814e-01 nan -6.963835977443029179e-01 nan
2.873774733235930398e+03 7.602951839906177955e-01 nan -7.063367415056944765e-01 nan
2.931221993567684422e+03 7.539277078299434498e-01 nan -7.163350542629594031e-01 nan
2.989817634696808000e+03 7.474958544255938531e-01 nan -7.263164459667397210e-01 nan
3.049584612956615729e+03 7.409763457021142363e-01 nan -7.363279299060963012e-01 nan
3.110546343581532255e+03 7.343783742586503793e-01 nan -7.463766589264011486e-01 nan
3.172726709880634189e+03 7.276401050579660579e-01 nan -7.564353977316464750e-01 nan
3.236150072594516132e+03 7.209107623587859281e-01 nan -7.665520332450128649e-01 nan
3.300841279439259324e+03 7.140789550299927457e-01 nan -7.765916625703450649e-01 nan
3.366825674841126784e+03 7.071516293689169563e-01 nan -7.867176363038002052e-01 nan
3.434129109865918053e+03 7.001626446785947921e-01 nan -7.968243071334555339e-01 nan
3.502777952346754773e+03 6.931181237904264769e-01 nan -8.069239916386798939e-01 nan
3.572799097214361609e+03 6.860042292601290503e-01 nan -8.169809153605420704e-01 nan
3.644219977033851137e+03 6.788145700773373648e-01 nan -8.270916157998673413e-01 nan
3.717068572752102682e+03 6.715896666194760556e-01 nan -8.371455439807409249e-01 nan
3.791373424660041110e+03 6.643139311225798593e-01 nan -8.470816593179435472e-01 nan
3.867163643573990612e+03 6.569923204612636569e-01 nan -8.572053835591297855e-01 nan
3.944468922240608208e+03 6.496217089083193841e-01 nan -8.672644284228354650e-01 nan
4.023319546969743442e+03 6.422015666952649582e-01 nan -8.772656004862096069e-01 nan
4.103746409499900437e+03 6.347571399707712114e-01 nan -8.873591085221370633e-01 nan
4.185781019100831145e+03 6.272747182889646389e-01 nan -8.968394732730864405e-01 nan
4.269455514918126937e+03 6.197799216676883605e-01 nan -9.070180816810555768e-01 nan
4.354802678564511552e+03 6.122345495405576710e-01 nan -9.168640192000836464e-01 nan
4.441855946962907183e+03 6.046578808351128487e-01 nan -9.267819646357438046e-01 nan
4.530649425446169516e+03 5.970969710330404912e-01 nan -9.364369222142645555e-01 nan
4.621217901118731788e+03 5.895611378893912402e-01 nan -9.461582557031462670e-01 nan
4.713596856485353783e+03 5.819436952724722500e-01 nan -9.558633774510703063e-01 nan
4.807822483352261770e+03 5.743656614441010611e-01 nan -9.654178245075222264e-01 nan
4.903931697006247305e+03 5.668092199853501656e-01 nan -9.749736990963633332e-01 nan
5.001962150677131831e+03 5.592021221652172525e-01 nan -9.844636456400674973e-01 nan
5.101952250289416952e+03 5.516558107365150398e-01 nan -9.937265441231115659e-01 nan
5.203941169508742860e+03 5.440452830827999797e-01 nan -1.003456484354988021e+00 nan
5.307968865089207611e+03 5.365146950396325609e-01 nan -1.012611920906106633e+00 nan
5.414076092527404398e+03 5.290204093678301245e-01 nan -1.021863480441293603e+00 nan
5.522304422029462330e+03 5.215202576039694726e-01 nan -1.030980415188336607e+00 nan
5.632696254797191614e+03 5.140615152384419018e-01 nan -1.040053224659825304e+00 nan
5.745294839639876045e+03 5.066576227241182950e-01 nan -1.049155936133253419e+00 nan
5.860144289918057439e+03 4.992069181797588739e-01 nan -1.058062205916252552e+00 nan
5.977289600826081369e+03 4.918459458195364453e-01 nan -1.066914356131624331e+00 nan
6.096776667020128116e+03 4.845034533149072953e-01 nan -1.075734920621204793e+00 nan
6.218652300598571856e+03 4.771985272316815463e-01 nan -1.084467472391979825e+00 nan
6.342964249441854918e+03 4.699740538031276782e-01 nan -1.093065024503367511e+00 nan
6.469761215918892958e+03 4.627782684951563530e-01 nan -1.101722631257043616e+00 nan
6.599092875967511645e+03 4.556184769332892182e-01 nan -1.110150530703892358e+00 nan
6.731009898556207190e+03 4.485097512442141054e-01 nan -1.118566783839170853e+00 nan
6.865563965535063289e+03 4.414632191697012709e-01 nan -1.126864091534272916e+00 nan
7.002807791883368736e+03 4.344981257342597769e-01 nan -1.135146880701622507e+00 nan
7.142795146362113883e+03 4.275432061611901258e-01 nan -1.143242121768071939e+00 nan
7.285580872579216702e+03 4.207089431801928625e-01 nan -1.151349382493432216e+00 nan
7.431220910475924029e+03 4.139082407114478279e-01 nan -1.159355184083919355e+00 nan
7.579772318242733490e+03 4.071492797083687276e-01 nan -1.167323207944278352e+00 nan
7.731293294673331729e+03 4.004780993418116108e-01 nan -1.175156761840169040e+00 nan
7.885843201965518347e+03 3.938891653460319664e-01 nan -1.183006826933421962e+00 nan
8.043482588977794876e+03 3.873374864952182639e-01 nan -1.190761215123366412e+00 nan
8.204273214950982947e+03 3.808613485039704649e-01 nan -1.198315032422803128e+00 nan
8.368278073703913833e+03 3.745093953270308140e-01 nan -1.205949417918890987e+00 nan
8.535561418312925525e+03 3.681745377652032580e-01 nan -1.213428347854611289e+00 nan
8.706188786284574235e+03 3.619068971045514838e-01 nan -1.220833973836848330e+00 nan
8.880227025231684820e+03 3.557268904916669472e-01 nan -1.228297973417152633e+00 nan
9.057744319062541763e+03 3.496393889297462754e-01 nan -1.235685189442582654e+00 nan
9.238810214693732632e+03 3.436146261893631704e-01 nan -1.243019303156597033e+00 nan
9.423495649296864940e+03 3.376781277204374265e-01 nan -1.250364031764927830e+00 nan
9.611872978090032120e+03 3.317884641871532980e-01 nan -1.257708538609072946e+00 nan
9.804016002684838895e+03 3.259891567568797277e-01 nan -1.265120378318552952e+00 nan
1.000000000000000000e+04 3.202609265039859654e-01 nan -1.272655406475800888e+00 nan
