# #Freq[Hz], #Gain_mean[a.u.], #Gain_std[a.u.], #Phase_mean[rad], #Phase_std[rad]
3.000000000000001091e+04,2.526837866310971137e+01,7.195801185808128331e-01,-1.596417414087805575e+00,3.918408856309492372e-02
3.007247052676972453e+04,2.571787763815207128e+01,7.194269078189817757e-01,-1.567831141012847374e+00,5.421492398871195079e-02
3.014511611944778269e+04,2.616574968003205726e+01,9.078584059451103583e-01,-1.573270439686693889e+00,5.282651402924905260e-02
3.021793720093813317e+04,2.628464846613771400e+01,7.138141349125398660e-01,-1.565081523139886688e+00,5.170163928559026734e-02
3.029093419516633730e+04,2.629606217540872493e+01,1.669464162142635821e+00,-1.591963255804750288e+00,6.793184969846638444e-02
3.036410752708201835e+04,2.632659634274512683e+01,8.288156339364464165e-01,-1.570875054697367990e+00,3.497220885738410584e-02
3.043745762266128440e+04,2.664422214337577088e+01,8.683303191840862079e-01,-1.581903962118641926e+00,3.239910599703043487e-02
3.051098490890945686e+04,2.691512882170991361e+01,9.853720291477395810e-01,-1.565961894230869067e+00,4.260894539171675155e-02
3.058468981386316955e+04,2.687061927377645887e+01,8.825507104871934683e-01,-1.584026151648847192e+00,2.256225823864660418e-02
3.065857276659313720e+04,2.676824601722951869e+01,9.575376766721278576e-01,-1.581334658641534441e+00,3.209925333313658202e-02
3.073263419720655656e+04,2.704992983189329081e+01,1.799883615382762203e+00,-1.572687294687399318e+00,4.650977964817821358e-02
3.080687453684963839e+04,2.695180952332311719e+01,1.139883203241087273e+00,-1.578234830873132211e+00,4.776842265343671234e-02
3.088129421771010311e+04,2.732103752064650593e+01,8.102963267498746180e-01,-1.584753749155942693e+00,3.019644198692307893e-02
3.095589367301970196e+04,2.743385393668671668e+01,1.361316990779682490e+00,-1.569485031617784410e+00,4.302184051669065423e-02
3.103067333705673445e+04,2.715473347628022793e+01,1.271838102461920972e+00,-1.572665877544586754e+00,3.431560997039492800e-02
3.110563364514858404e+04,2.729930405595093390e+01,1.491383788725201720e+00,-1.565924551511412632e+00,2.176056668659723595e-02
3.118077503367423924e+04,2.732783973848292902e+01,1.008313736595403798e+00,-1.583357777006317857e+00,4.944688652308742993e-02
3.125609794006678567e+04,2.768544034698176759e+01,1.604874671867660307e+00,-1.564019263661659664e+00,7.823551446677259880e-02
3.133160280281619634e+04,2.812133557871695189e+01,1.055066956714350024e+00,-1.597505491963415070e+00,4.439129052148478582e-02
3.140729006147151449e+04,2.856028231357615255e+01,1.033433602377154648e+00,-1.552063271299056080e+00,6.254782197823009759e-02
3.148316015664365113e+04,2.817454540834101095e+01,9.306781580424797751e-01,-1.550348694637966762e+00,5.340153327364876440e-02
3.155921353000789168e+04,2.784668014447186835e+01,1.458641148125629616e+00,-1.572469271358300835e+00,4.200406095084155411e-02
3.163545062430647522e+04,2.832811957612596032e+01,1.334281782122606508e+00,-1.594041719540251201e+00,4.482152535375438784e-02
3.171187188335116662e+04,2.889326910130106540e+01,1.240823243519803665e+00,-1.558329768159712359e+00,3.538712335202761489e-02
3.178847775202583944e+04,2.865762828398557005e+01,1.653300518123976159e+00,-1.543049989473370243e+00,5.379595322728070173e-02
3.186526867628905893e+04,2.881300106853281662e+01,1.460742381976446236e+00,-1.554950513873717410e+00,3.486846456727657473e-02
3.194224510317669774e+04,2.855660183093688076e+01,1.412375520331472512e+00,-1.567545892404426988e+00,6.705935805166242381e-02
3.201940748080451522e+04,2.895688956477768627e+01,1.196604957978834483e+00,-1.553628263522796704e+00,4.028233003649880212e-02
3.209675625837078405e+04,2.932347374073465929e+01,1.008980879046762480e+00,-1.576946714894684742e+00,5.068334328186538396e-02
3.217429188615882595e+04,2.905810108445234619e+01,2.057112251144380011e+00,-1.591882266424810677e+00,3.232328124855261137e-02
3.225201481553990743e+04,2.823376040579631763e+01,1.771474186376392534e+00,-1.569016180799621463e+00,8.797473399510485903e-02
3.232992549897546633e+04,2.925614759896232187e+01,1.023782268930422346e+00,-1.563983205114779507e+00,4.145542957768311165e-02
3.240802439002001120e+04,2.937237403036958838e+01,1.493782674248425701e+00,-1.526089619204252124e+00,4.454463345049552297e-02
3.248631194332369341e+04,2.952695777639718955e+01,2.137002661360567046e+00,-1.592089485536232196e+00,4.624890846186758414e-02
3.256478861463495559e+04,2.993368051272942765e+01,2.056333351565547751e+00,-1.556379457201882088e+00,6.537977436946787457e-02
3.264345486080319097e+04,3.103720627447063407e+01,2.246302530379808982e+00,-1.563296708090239573e+00,4.324274785165201085e-02
3.272231113978138092e+04,2.991040531681350245e+01,1.050659028450967591e+00,-1.585684302275891966e+00,5.720835959518100200e-02
3.280135791062879434e+04,2.961836498614714941e+01,1.818969001869839230e+00,-1.577134283710161400e+00,5.717636786411663119e-02
3.288059563351363613e+04,2.972321853938936442e+01,1.793647289950119017e+00,-1.567578556722828420e+00,5.807567555907796469e-02
3.296002476971572469e+04,2.976852337616161392e+01,1.457292425266417446e+00,-1.587918667220585167e+00,4.174583825268617099e-02
3.303964578162912949e+04,3.129179104627059615e+01,1.838433099482500221e+00,-1.579461875302163865e+00,4.001954953110194169e-02
3.311945913276510692e+04,3.125565955282257846e+01,1.832526546935451250e+00,-1.586167265086337208e+00,4.893015334757798429e-02
3.319946528775442857e+04,3.049420679735927564e+01,1.703239509834661103e+00,-1.544847752718988554e+00,5.088576341170693990e-02
3.327966471235030622e+04,3.150639242996190958e+01,1.066758049563147237e+00,-1.562593258232192195e+00,5.717787194244299681e-02
3.336005787343108386e+04,3.114024101157234981e+01,2.973635984602517546e+00,-1.598315785577778092e+00,6.185210476094446519e-02
3.344064523900294444e+04,3.123601644833327029e+01,1.729249075168620919e+00,-1.573692557347608156e+00,4.246300882877429572e-02
3.352142727820260188e+04,3.207191851515357683e+01,2.046217473944240695e+00,-1.528102663266791117e+00,3.964678175120075337e-02
3.360240446130006603e+04,3.134293461433137651e+01,1.232059821338713279e+00,-1.556398319411580689e+00,6.547561465795009861e-02
3.368357725970137835e+04,3.083314835186217806e+01,1.857497457916186923e+00,-1.575424185244951536e+00,6.238048035902598459e-02
3.376494614595134044e+04,3.150100822564161263e+01,1.480038445943757885e+00,-1.574758814504835458e+00,4.444098023514555379e-02
3.384651159373627888e+04,3.358963177973215153e+01,2.551499247800288916e+00,-1.560728624151596744e+00,3.296908331504030260e-02
3.392827407788678829e+04,3.246880142653882473e+01,1.649389111273718456e+00,-1.567905445099165185e+00,7.931373913667140452e-02
3.401023407438044524e+04,3.335793001761469156e+01,1.329372747271108546e+00,-1.534044937183003610e+00,6.345268674227169670e-02
3.409239206034482777e+04,3.284212049942087930e+01,1.972206439510847176e+00,-1.595648316954793922e+00,8.135649127765139099e-02
3.417474851405992376e+04,3.154407186201227020e+01,2.243412235033322322e+00,-1.559241129617550570e+00,9.139227480163185369e-02
3.425730391496113589e+04,3.302336847779203310e+01,1.782261585447064256e+00,-1.527885943919496059e+00,5.505783183917113688e-02
3.434005874364204647e+04,3.347133303115167990e+01,1.790412943007588575e+00,-1.576731256459173558e+00,6.101243318185677750e-02
3.442301348185720417e+04,3.362729125889413950e+01,1.439459960821882989e+00,-1.562947508729070289e+00,6.998007034060028941e-02
3.450616861252491071e+04,3.273132405969236913e+01,1.301098306197696841e+00,-1.594906957150362681e+00,4.919052090335485072e-02
3.458952461973005120e+04,3.303084375338838186e+01,1.453303758289571146e+00,-1.599216523982597948e+00,7.823579892769161326e-02
3.467308198872690991e+04,3.512087805443202626e+01,1.619934914477236143e+00,-1.613499020213964075e+00,5.292091522086037753e-02
3.475684120594199339e+04,3.428294810948833060e+01,1.794550287431756264e+00,-1.597887173505674552e+00,7.428245847362174858e-02
3.484080275897686079e+04,3.345194554203703774e+01,1.899024440324530216e+00,-1.588371479486287985e+00,8.143429315468864171e-02
3.492496713661088143e+04,3.411891864523367701e+01,2.656938138926886239e+00,-1.550691405867742123e+00,2.484693399170243358e-02
3.500933482880438532e+04,3.433522893905294637e+01,2.329706862779750143e+00,-1.584694921922331412e+00,7.065298204978054386e-02
3.509390632670107152e+04,3.330587636885785230e+01,2.264911597804054377e+00,-1.568684424442858161e+00,5.880525935163491424e-02
3.517868212263117312e+04,3.500232723189768791e+01,1.268602285607474123e+00,-1.585825021649811761e+00,4.394601765629745083e-02
3.526366271011422214e+04,3.518900293327450868e+01,2.771890734916886423e+00,-1.557865447087555255e+00,4.911810329531594854e-02
3.534884858386193810e+04,3.386017148889714434e+01,1.455598551959482956e+00,-1.579875540734534622e+00,3.847859852643845113e-02
3.543424023978111654e+04,3.477219852135773692e+01,1.486814901972487224e+00,-1.589227133232110178e+00,5.976113342670046763e-02
3.551983817497650307e+04,3.434436787898677323e+01,1.567744427869395940e+00,-1.607633188983580208e+00,6.434527004532540617e-02
3.560564288775368186e+04,3.525105944067428965e+01,9.797704726781293338e-01,-1.578694057547661789e+00,4.796782783788277466e-02
3.569165487762200792e+04,3.620837426927781166e+01,1.659446308375066792e+00,-1.558396365313104770e+00,5.698738323602776934e-02
3.577787464529748104e+04,3.646014317639198055e+01,2.500590328358011760e+00,-1.572333956692929968e+00,4.620743162608746679e-02
3.586430269270559074e+04,3.639729591535414244e+01,1.072333517575058792e+00,-1.554865382844143884e+00,1.016202697211086026e-01
3.595093952298455406e+04,3.730326651527663273e+01,1.674030406621720868e+00,-1.599554912716214528e+00,6.318347788014239130e-02
3.603778564048778208e+04,3.653487917670818774e+01,2.431284000312250004e+00,-1.594948357430065577e+00,5.612701565894747530e-02
3.612484155078711774e+04,3.654812934554389869e+01,1.324782133330578704e+00,-1.552240501063693712e+00,5.899335280037487639e-02
3.621210776067571715e+04,3.782237241936154248e+01,1.427397667286453675e+00,-1.561827130568024469e+00,5.418339025915567403e-02
3.629958477817097446e+04,3.670633049784346724e+01,1.050653664258394793e+00,-1.588626480922003426e+00,4.871050471680209853e-02
3.638727311251751235e+04,3.871186845997830517e+01,2.057815700555368998e+00,-1.621252558335132932e+00,6.837511416500931249e-02
3.647517327419009234e+04,3.723810418308876535e+01,2.727717537936853454e+00,-1.612686167097636014e+00,5.541930137489300273e-02
3.656328577489666350e+04,3.758858631421327345e+01,1.305407371993736021e+00,-1.593829926706046951e+00,3.677109684098022607e-02
3.665161112758128002e+04,3.779047153237396373e+01,2.206769992363601052e+00,-1.560048428329490644e+00,5.834850885650795516e-02
3.674014984642709169e+04,3.750688239040461269e+01,2.246422886571679545e+00,-1.607314402814131071e+00,6.090358416518604906e-02
3.682890244685938524e+04,3.862051205177510127e+01,1.869834700231363112e+00,-1.572204980975921096e+00,6.325526131946841712e-02
3.691786944554845832e+04,3.778404344709771578e+01,1.919753032098123313e+00,-1.564676494033854226e+00,7.594149080693576859e-02
3.700705136041293736e+04,3.836461439952839214e+01,1.520009520386314872e+00,-1.557881878743506254e+00,4.298412028008388036e-02
3.709644871062236780e+04,4.003509466944758799e+01,1.795553465645506552e+00,-1.576299353378586732e+00,6.358561558544906234e-02
3.718606201660051738e+04,3.976779177399055243e+01,2.493296658666515508e+00,-1.554457200867525035e+00,6.533250954597655258e-02
3.727589180002833018e+04,3.960513311999003605e+01,2.003753701985745650e+00,-1.559709074681576046e+00,5.962919770096365008e-02
3.736593858384696068e+04,3.939234574415314682e+01,8.691301077272688413e-01,-1.577884931556220449e+00,5.001669086222448879e-02
3.745620289226082969e+04,3.971050638793973775e+01,2.210747782099583780e+00,-1.558724984242165101e+00,5.397996006406440700e-02
3.754668525074067293e+04,4.007436933399550583e+01,1.900125911493520947e+00,-1.607429870955131124e+00,3.278108697306556657e-02
3.763738618602660426e+04,4.084126009829176240e+01,1.730968989390104573e+00,-1.578549725018731920e+00,3.088525901242472962e-02
3.772830622613115702e+04,4.106306203410840538e+01,2.937856156721476708e+00,-1.551148167070158568e+00,4.907035404483057334e-02
3.781944590034238354e+04,4.138056073772417420e+01,1.864718163575623144e+00,-1.568883675965552227e+00,3.351210360226263008e-02
3.791080573922685289e+04,4.126231842728573440e+01,2.049944151994574248e+00,-1.565326978926391721e+00,4.713438780454257820e-02
3.800238627463305602e+04,4.065866397891831241e+01,1.334340312419918462e+00,-1.581625274221219346e+00,6.183495628157384405e-02
3.809418803969401779e+04,4.151905180247428717e+01,2.070885103623670176e+00,-1.566541749383814963e+00,3.322590585819013009e-02
3.818621156883071671e+04,4.220761113718653945e+01,3.215549410965901078e+00,-1.579463834033884906e+00,6.136347439100837964e-02
3.827845739775514812e+04,4.080841848500071478e+01,1.585787712555752016e+00,-1.589247743715435091e+00,5.086902631080040399e-02
3.837092606347339461e+04,4.213284331149311868e+01,3.439517810047894919e+00,-1.604595815242562340e+00,4.930641635506661374e-02
3.846361810428878380e+04,4.253506404255303863e+01,1.641178643937385662e+00,-1.609845095077665267e+00,2.842984279929584163e-02
3.855653405980500975e+04,4.247223617100285509e+01,1.441993327020489213e+00,-1.552174332638379894e+00,3.896607011514458679e-02
3.864967447092929797e+04,4.256920081006634859e+01,2.094946581646696782e+00,-1.604515259555080675e+00,3.252498432806176509e-02
3.874303987987550499e+04,4.342616304948526107e+01,1.548353573332189148e+00,-1.593870641746434558e+00,4.309016018098303646e-02
3.883663083016731980e+04,4.277884996807113538e+01,2.411715939954011123e+00,-1.575796737036993411e+00,3.778584513798569772e-02
3.893044786664134881e+04,4.312607657556468155e+01,1.877277412597991857e+00,-1.588556410875217928e+00,3.431173347063010137e-02
3.902449153545055742e+04,4.513514704138572142e+01,1.420463367827766277e+00,-1.615163582608585058e+00,3.863302111025198465e-02
3.911876238406703487e+04,4.415142952908963991e+01,2.585527773242319860e+00,-1.588592455414527871e+00,4.617573003750251315e-02
3.921326096128545760e+04,4.357887809169653792e+01,1.996791343511532313e+00,-1.564666814125825756e+00,4.289994019791465441e-02
3.930798781722621061e+04,4.653243745639061046e+01,3.272355423199351243e+00,-1.598773358372893139e+00,3.734319540293239148e-02
3.940294350333861075e+04,4.378541748058033534e+01,2.837117137877290585e+00,-1.599488749215619787e+00,3.411685158542215879e-02
3.949812857240407902e+04,4.463072381765984886e+01,2.114286707959208034e+00,-1.582991434958143762e+00,2.610521447272974235e-02
3.959354357853941474e+04,4.548015453837432887e+01,1.424639131223340405e+00,-1.566709984000599576e+00,3.788723502288605938e-02
3.968918907719996059e+04,4.573945574307716555e+01,1.613226593393758401e+00,-1.574947068355799784e+00,5.024446682258976171e-02
3.978506562518287683e+04,4.617017283056728871e+01,2.130388836243570783e+00,-1.569467678468402738e+00,6.003564799152777409e-02
3.988117378063036449e+04,4.512934575668868575e+01,2.777613907528136750e+00,-1.563799733147957172e+00,7.147227625634856862e-02
3.997751410303292505e+04,4.532645189331633162e+01,1.363300525129787388e+00,-1.570334172166480968e+00,2.933441331036987926e-02
4.007408715323252545e+04,4.594266312791397411e+01,2.054345584361851440e+00,-1.604033901506137116e+00,6.322410806752599977e-02
4.017089349342619244e+04,4.695823197257081461e+01,2.123980070167247547e+00,-1.567664591229416704e+00,4.815729482404237927e-02
4.026793368716881378e+04,4.640408824338565097e+01,2.309127983447732291e+00,-1.605143919202119296e+00,4.513935075330832020e-02
4.036520829937671806e+04,4.621163633647968538e+01,1.633367069187803278e+00,-1.573241490073216786e+00,3.791835817580711115e-02
4.046271789633088338e+04,4.754215806057489146e+01,1.402409473661236250e+00,-1.579732446789924083e+00,4.173583504363114621e-02
4.056046304568026972e+04,4.823727236687101794e+01,2.467169244677194673e+00,-1.570724725198456406e+00,5.485871385234438596e-02
4.065844431644506403e+04,4.794954661605982693e+01,2.076644856918417936e+00,-1.597934920409873616e+00,3.753137182780236919e-02
4.075666227902005630e+04,4.950016862698534936e+01,2.555476358409002557e+00,-1.589702968193654531e+00,5.510945725176415871e-02
4.085511750517792098e+04,5.016609203603783129e+01,2.800441680881825768e+00,-1.564472856637825204e+00,3.872854560556908410e-02
4.095381056807254936e+04,4.968535106286176273e+01,2.059835477690837635e+00,-1.607796572736567953e+00,4.969914751169759309e-02
4.105274204224238929e+04,5.009490513474184326e+01,1.372157325551082829e+00,-1.584419440014632752e+00,5.504500428623675806e-02
4.115191250361372659e+04,5.064207691287031565e+01,3.291782168823717214e+00,-1.607332839795424295e+00,3.738154855352647521e-02
4.125132252950432303e+04,5.043782654937691490e+01,1.811496335410389680e+00,-1.576586072372502034e+00,5.051819106401508191e-02
4.135097269862634130e+04,5.104226679904233066e+01,2.865404916384781675e+00,-1.562477062962100094e+00,3.506447674587564317e-02
4.145086359108999750e+04,5.145927280247906310e+01,1.964685604881744485e+00,-1.594182971029010076e+00,4.567342176502355716e-02
4.155099578840685717e+04,5.173795349786088593e+01,2.506376532904475596e+00,-1.603860069671569022e+00,4.489305454872011963e-02
4.165136987349325500e+04,5.187368291186244562e+01,2.198309571463687107e+00,-1.588047559639354400e+00,6.242848131664640449e-02
4.175198643067366356e+04,5.155457845229674518e+01,2.593059115796033876e+00,-1.577095351789382871e+00,3.400114733343485851e-02
4.185284604568409122e+04,5.103638394512782384e+01,1.945602364884553070e+00,-1.626707726750596494e+00,3.266277815074714042e-02
4.195394930567550909e+04,5.323979282460079787e+01,1.539627293631415039e+00,-1.596331400221571606e+00,4.701173972202805917e-02
4.205529679921724892e+04,5.346372822082552290e+01,2.269142508016803284e+00,-1.578903467695531138e+00,6.168968801556899001e-02
4.215688911630044458e+04,5.449721460066067635e+01,3.058832504570202726e+00,-1.593326364667920103e+00,4.962427071648978921e-02
4.225872684834146639e+04,5.272940831179960242e+01,1.979638008258512549e+00,-1.600164614151814435e+00,5.203028256006896057e-02
4.236081058818527526e+04,5.455879759382124661e+01,2.274715035261419604e+00,-1.603079978450156373e+00,4.283908268629134375e-02
4.246314093010919896e+04,5.542610071777625080e+01,3.184038765118509584e+00,-1.608135577152420170e+00,3.921286505175912429e-02
4.256571846982592251e+04,5.413503304727353083e+01,2.923978127432473428e+00,-1.611024048860017377e+00,3.268286384422010998e-02
4.266854380448724260e+04,5.508508913046919986e+01,2.317507276247285475e+00,-1.589305358540373359e+00,7.009747672682779818e-02
4.277161753268750181e+04,5.539566737678960351e+01,3.500215035996292912e+00,-1.581695795155816375e+00,6.259539338603394010e-02
4.287494025446705200e+04,5.550109398998279175e+01,2.210614028510927476e+00,-1.575803524348997176e+00,6.384191345400899720e-02
4.297851257131576131e+04,5.623464997156577283e+01,1.812021752978108635e+00,-1.575954763344507681e+00,3.251668881512435882e-02
4.308233508617649932e+04,5.795417074089992582e+01,3.473826391855466156e+00,-1.599688266070359077e+00,4.500648056566277505e-02
4.318640840344864409e+04,5.757598615653647300e+01,3.210746087367789769e+00,-1.636164090675748639e+00,5.440122513181727681e-02
4.329073312899164739e+04,5.888102720804955936e+01,2.850685339507826654e+00,-1.608015328950795464e+00,5.641926560680250030e-02
4.339530987012839614e+04,5.966830572846017589e+01,4.603321713672933413e+00,-1.587896764867896993e+00,7.898481093405898545e-02
4.350013923564916331e+04,5.997427513621452988e+01,3.840140199084788986e+00,-1.572826149588306022e+00,3.689764056861733615e-02
4.360522183581461286e+04,5.873537998069208754e+01,2.857973819206030441e+00,-1.593428191142622463e+00,6.642393248703619413e-02
4.371055828235967056e+04,5.797221997840798480e+01,1.838200008920053419e+00,-1.586762653594433470e+00,5.320936997313254618e-02
4.381614918849703099e+04,5.893728478006087101e+01,3.813262557572381972e+00,-1.609411963284664848e+00,6.317712766918531786e-02
4.392199516892072279e+04,5.891220644366899251e+01,3.923584333458736140e+00,-1.603676683936025693e+00,6.818833119800490894e-02
4.402809683980967384e+04,6.251549655950738327e+01,3.178491094084661128e+00,-1.583930381921562880e+00,7.909735381702251433e-02
4.413445481883130560e+04,6.133574720281686865e+01,2.964542606264019220e+00,-1.594891021626203331e+00,7.255270891724259485e-02
4.424106972514513473e+04,6.167928641003538814e+01,3.550549628303760752e+00,-1.568414974165413422e+00,7.227673853250561609e-02
4.434794217940636008e+04,6.116236466099968538e+01,4.176521662598791096e+00,-1.604487307618220893e+00,6.672160541431515490e-02
4.445507280376950803e+04,6.284967312267313133e+01,3.573852608489869187e+00,-1.600330486190355117e+00,6.714855389658355711e-02
4.456246222189201217e+04,6.266541494454285299e+01,3.017072727499041207e+00,-1.571976264461198314e+00,6.366947820428515981e-02
4.467011105893778586e+04,6.505106185527355933e+01,3.365939638716895388e+00,-1.563839176095055183e+00,3.581709778907899572e-02
4.477801994158121670e+04,6.590666618575690450e+01,3.577216541380136228e+00,-1.618964831986984709e+00,8.304132016021927021e-02
4.488618949801025155e+04,6.603157515800776878e+01,3.513135667036444865e+00,-1.604716638239942483e+00,4.683340177256954673e-02
4.499462035793045652e+04,6.528553499836321805e+01,5.099983243932197041e+00,-1.599098727349431037e+00,4.876324129570115684e-02
4.510331315256853850e+04,6.390549580496151805e+01,3.293376321725132616e+00,-1.595486359235561036e+00,6.806501284570878885e-02
4.521226851467607048e+04,6.693838447971640448e+01,5.030769756395139680e+00,-1.600995582649749505e+00,4.640252135161319208e-02
4.532148707853315136e+04,6.810106989186853355e+01,3.260197420608325736e+00,-1.570767968730069075e+00,8.809028525172857282e-02
4.543096947995208029e+04,6.873311903566658998e+01,5.319628815203870431e+00,-1.593492208060052651e+00,5.629246180912811370e-02
4.554071635628111108e+04,6.740442804162111656e+01,4.911733802890365652e+00,-1.576641109410807262e+00,6.286310191517120727e-02
4.565072834640810470e+04,6.970270998392859951e+01,3.994874143800779986e+00,-1.568318665280904245e+00,5.918338804861152103e-02
4.576100609076428373e+04,6.851046820256382830e+01,4.269985352235767806e+00,-1.610536232551157410e+00,5.388748554753963749e-02
4.587155023132784845e+04,7.148822699051299878e+01,3.407496802957651560e+00,-1.609934117650999585e+00,4.490968230419402352e-02
4.598236141162810964e+04,7.062805389316642390e+01,4.969826345630244724e+00,-1.579083120024806552e+00,4.673384216461828194e-02
4.609344027674863901e+04,6.891045066036602407e+01,8.128493797979373880e+00,-1.582287310688063497e+00,6.902506554220910751e-02
4.620478747333145293e+04,7.351578814922206107e+01,3.809352091769832693e+00,-1.621482858589261555e+00,8.106411792101912706e-02
4.631640364958062128e+04,7.340312107873944569e+01,5.853155899419325792e+00,-1.616383357613746075e+00,8.485623042833184693e-02
4.642828945526608004e+04,7.130954527981191404e+01,4.595171255893916396e+00,-1.605902016355851059e+00,5.018167742809875181e-02
4.654044554172740754e+04,7.535198439703671625e+01,4.689808381871283238e+00,-1.597871960063599328e+00,4.420958370355558553e-02
4.665287256187761523e+04,7.648781230994735836e+01,4.339604088235941681e+00,-1.587589141533057857e+00,4.969713798491945389e-02
4.676557117020693113e+04,7.302195741451592426e+01,5.563235410612553444e+00,-1.606732820369131121e+00,6.767094427438997972e-02
4.687854202278664889e+04,7.691650636360083126e+01,4.593103710215513225e+00,-1.582064898202670156e+00,6.166091622766042835e-02
4.699178577727289667e+04,7.307393289022027716e+01,5.509419731729142455e+00,-1.654703355598896142e+00,8.775698031058792870e-02
4.710530309291051526e+04,7.859191979516830884e+01,4.115033737655489965e+00,-1.600580992137637937e+00,5.203786564900979988e-02
4.721909463053676154e+04,7.947240333874994178e+01,6.781684371378328358e+00,-1.635075659855286911e+00,4.126364587335715900e-02
4.733316105258555763e+04,7.899820028543075523e+01,4.323544760683797783e+00,-1.580835968636886468e+00,5.653261036006967249e-02
4.744750302309077961e+04,8.262940190723956846e+01,5.035336180030194342e+00,-1.606939200870611373e+00,6.863500207047959489e-02
4.756212120769047760e+04,7.952163812736465331e+01,6.107297920198324626e+00,-1.571865605490028184e+00,8.118383693349845442e-02
4.767701627363068837e+04,7.961473161410260957e+01,6.945068153855059379e+00,-1.574697061876758841e+00,9.776235229605617638e-02
4.779218888976929156e+04,8.167186658017693901e+01,5.894561355793047852e+00,-1.586511819373872756e+00,7.212246012444889498e-02
4.790763972657993872e+04,8.695588643393159600e+01,6.107926202827469453e+00,-1.573842293606003695e+00,7.515598409362514443e-02
4.802336945615590230e+04,8.260413868818412197e+01,2.317399309675362229e+00,-1.648252585967208805e+00,4.794898869138830566e-02
4.813937875221404101e+04,8.358319813192144920e+01,4.431293105185733161e+00,-1.627490979375754376e+00,9.065346803188265024e-02
4.825566829009869252e+04,8.702134789804290449e+01,7.669625767613397649e+00,-1.642617577970578058e+00,4.165021001760977476e-02
4.837223874678563152e+04,8.703960091893756612e+01,7.150024663915082179e+00,-1.634463983086680727e+00,7.713001799067090158e-02
4.848909080088586052e+04,9.237403986865282945e+01,7.322215621897480098e+00,-1.600331658603161511e+00,6.731004315114047509e-02
4.860622513265001908e+04,9.014668337795058051e+01,4.531849155915871563e+00,-1.563118601068234526e+00,8.025989836306410274e-02
4.872364242397170165e+04,9.030086686751646141e+01,6.722142663774879345e+00,-1.570531147436676545e+00,6.599653210907624468e-02
4.884134335839184496e+04,9.258299453566422699e+01,7.493388816677992281e+00,-1.580665987298675912e+00,6.291788658735816830e-02
4.895932862110261340e+04,9.075543669684053327e+01,6.384201489409280228e+00,-1.617479334047277506e+00,6.022090021705692880e-02
4.907759889895137894e+04,9.463169402793037932e+01,4.578164327643867715e+00,-1.610339318174209167e+00,7.682836539714775481e-02
4.919615488044470112e+04,9.361969837927202320e+01,2.926669042576274471e+00,-1.654034979997177190e+00,7.247003863555943892e-02
4.931499725575237244e+04,9.571753723364469124e+01,6.310520748000309155e+00,-1.622969208860036705e+00,4.905477508976223422e-02
4.943412671671142016e+04,9.549326952610746844e+01,8.954450294353355488e+00,-1.625392653141698229e+00,4.021975315074281104e-02
4.955354395683011535e+04,9.855590484726954514e+01,5.041397583799987814e+00,-1.597222083458150088e+00,8.520539988567056577e-02
4.967324967129204015e+04,9.738669380362770767e+01,4.428667376034787218e+00,-1.575564574545751384e+00,8.365867201457159730e-02
4.979324455696010409e+04,9.762712227032979229e+01,6.942335182370777069e+00,-1.605549851900433200e+00,1.071963221915546854e-01
4.991352931238053861e+04,9.778734459926549505e+01,5.943956715140639169e+00,-1.607522755662670999e+00,4.339388737673215146e-02
5.003410463778733538e+04,1.088700092789367773e+02,8.601214697669584908e+00,-1.592907326264274559e+00,7.346999204500201386e-02
5.015497123510570964e+04,1.007124826617294815e+02,4.023680093922895828e+00,-1.649303949593531771e+00,7.402750283143015586e-02
5.027612980795664771e+04,1.034407728727094593e+02,6.519073844995888933e+00,-1.599834429674938274e+00,6.468249273735210414e-02
5.039758106166081416e+04,1.059236285441331518e+02,8.024475882467863030e+00,-1.626304363741091219e+00,4.765729738116809139e-02
5.051932570324274275e+04,1.067204964499565421e+02,5.023609046244390974e+00,-1.639556909344966895e+00,6.336149494744214294e-02
5.064136444143490371e+04,1.085134791794937001e+02,5.419903217883909718e+00,-1.636377264390737496e+00,6.681785581258738171e-02
5.076369798668182921e+04,1.127166918504371722e+02,4.530693633778921203e+00,-1.625996299245513033e+00,7.169729299859375904e-02
5.088632705114428245e+04,1.084929010251646559e+02,9.215334437368163378e+00,-1.598678557193309313e+00,8.837397545242692276e-02
5.100925234870336135e+04,1.154438335521053602e+02,1.073866705542763889e+01,-1.585587452202928960e+00,6.361948708067297065e-02
5.113247459496468218e+04,1.114099562843276772e+02,5.696035496508514484e+00,-1.621087853967829062e+00,5.392524912770475798e-02
5.125599450726245414e+04,1.163063324700953274e+02,6.170837725071759650e+00,-1.579804150908862059e+00,5.636037146524271180e-02
5.137981280466401222e+04,1.150551199924781542e+02,7.879290383970296574e+00,-1.607049693571162008e+00,6.114073047968299202e-02
5.150393020797345525e+04,1.192998229446605194e+02,7.151761271973239076e+00,-1.615378468009698976e+00,6.458843896497215575e-02
5.162834743973620061e+04,1.233885296029447574e+02,9.113458225747580244e+00,-1.610497503141849807e+00,4.899570311909569320e-02
5.175306522424311697e+04,1.300735986202580534e+02,7.765961207414983747e+00,-1.630670487062102270e+00,9.156610333655773593e-02
5.187808428753472981e+04,1.262715742745423739e+02,9.423056961506972584e+00,-1.615694786327725563e+00,3.950950300180679220e-02
5.200340535740543419e+04,1.285948453344749964e+02,9.241319650276240694e+00,-1.619215575520520201e+00,5.013262375291119288e-02
5.212902916340777301e+04,1.312381167780787052e+02,7.765730522407110037e+00,-1.610992197187654851e+00,5.824587175062859862e-02
5.225495643685663526e+04,1.356289029574372478e+02,5.521053275529546944e+00,-1.653395354403112139e+00,5.320421587700011751e-02
5.238118791083354881e+04,1.323771782915451638e+02,1.008278510895415714e+01,-1.587051969080062630e+00,5.625607537362094929e-02
5.250772432019093685e+04,1.316943359854758739e+02,5.738758198821435563e+00,-1.598425050030161110e+00,6.251513407709025083e-02
5.263456640155626519e+04,1.322948008785533602e+02,7.332488880637393791e+00,-1.613995419323551506e+00,8.396063991599923837e-02
5.276171489333680802e+04,1.357275430484413903e+02,8.380067536430301445e+00,-1.612445861632947786e+00,7.216688427839140774e-02
5.288917053572325676e+04,1.422305927492112971e+02,9.303525246557514450e+00,-1.607130185961427316e+00,5.080665689744721936e-02
5.301693407069449313e+04,1.432907045455438038e+02,1.234417650041236669e+01,-1.607212353959531326e+00,7.914040070802319526e-02
5.314500624202177278e+04,1.423619783091500892e+02,1.013559464085189887e+01,-1.621315117151044705e+00,5.112788817995460311e-02
5.327338779527307634e+04,1.485674683515948402e+02,8.978319486974100982e+00,-1.622320294233048799e+00,5.044837568778144654e-02
5.340207947781743133e+04,1.516132010211215402e+02,1.329707710006558763e+01,-1.605811949136435102e+00,5.648415128176671740e-02
5.353108203882928501e+04,1.520381972076250463e+02,9.474958109666619777e+00,-1.608246559679341825e+00,9.775085117306897553e-02
5.366039622929284087e+04,1.543743324636377849e+02,8.272116635277811270e+00,-1.673873094522951632e+00,5.059135881479197294e-02
5.379002280200645328e+04,1.637774201098394826e+02,1.438470100460765799e+01,-1.600504533204958335e+00,7.795600559878268498e-02
5.391996251158700034e+04,1.636680518239882645e+02,9.294734308273325141e+00,-1.628949689685493585e+00,1.008947360037379809e-01
5.405021611447415489e+04,1.691931969939296891e+02,8.892894868112000140e+00,-1.608762559960893013e+00,5.254530690122524023e-02
5.418078436893524486e+04,1.678780101142049830e+02,1.192161287095604649e+01,-1.622702122046230766e+00,6.971160284307538479e-02
5.431166803506901488e+04,1.675573481993864675e+02,8.531280346466994402e+00,-1.672416825581884536e+00,3.126001479079158762e-02
5.444286787481045758e+04,1.710690666200620171e+02,1.334216501086888407e+01,-1.637428661520855089e+00,6.099085871378176482e-02
5.457438465193517186e+04,1.841539017777041067e+02,9.294158314900862194e+00,-1.598733045062913138e+00,6.498759254001242047e-02
5.470621913206379395e+04,1.828982943253520546e+02,1.037867236825685957e+01,-1.618015935972935804e+00,4.410975591799457668e-02
5.483837208266646485e+04,1.834916375777673352e+02,7.977483576824223377e+00,-1.594437184535608676e+00,5.882134001090325720e-02
5.497084427306727594e+04,1.853441465052891317e+02,1.071487423061267208e+01,-1.662585032213745651e+00,6.394275272403052157e-02
5.510363647444878006e+04,1.849974904151099793e+02,8.405048741330023887e+00,-1.649471434285687099e+00,6.066202240995496875e-02
5.523674945985645172e+04,1.938904089478268702e+02,1.091962745033061566e+01,-1.682065496348335021e+00,9.088188341354611066e-02
5.537018400420319813e+04,2.032872493281415700e+02,8.834227148999454826e+00,-1.663326368495783525e+00,3.566619939969493946e-02
5.550394088427388488e+04,2.015527961527305649e+02,1.142451202023547907e+01,-1.705616708358582700e+00,7.548075198837478350e-02
5.563802087872971606e+04,2.095526485071258378e+02,7.802976760061241635e+00,-1.645107905184673980e+00,8.771434138413097825e-02
5.577242476811324741e+04,2.149984285431331443e+02,1.093055232609535743e+01,-1.679870041091813260e+00,4.125221621720890491e-02
5.590715333485222800e+04,2.180695485556241238e+02,8.174681812245005119e+00,-1.680697863555099314e+00,6.614267406494658830e-02
5.604220736326462065e+04,2.198188676815174460e+02,1.177610917705697524e+01,-1.679995865800878452e+00,3.747176405586542802e-02
5.617758763956306939e+04,2.231822884044023283e+02,1.370426326760511060e+01,-1.693463983036219478e+00,3.233391647840141991e-02
5.631329495185943233e+04,2.382744229031555392e+02,1.760594572975703187e+01,-1.697182285645845834e+00,9.232036730750123321e-02
5.644933009016941651e+04,2.345958475649885600e+02,2.045289142878180400e+01,-1.691399271227409740e+00,5.975740907354581272e-02
5.658569384641714714e+04,2.447272828033154326e+02,1.047934145291513985e+01,-1.657574337244965168e+00,5.716659830741133846e-02
5.672238701443980244e+04,2.460229691776981724e+02,1.319905681942638864e+01,-1.679877988340617634e+00,6.929457529017230000e-02
5.685941038999220473e+04,2.555871174046142755e+02,1.531165159149610666e+01,-1.705898145208543992e+00,6.732503545600029837e-02
5.699676477075146977e+04,2.715355676315870710e+02,1.703991035180107616e+01,-1.666656065005689857e+00,6.554942192223409125e-02
5.713445095632154698e+04,2.559550949485067690e+02,1.442706661511960853e+01,-1.699794242698910995e+00,8.607944851216949023e-02
5.727246974823831260e+04,2.752459759838969831e+02,2.381158135250823804e+01,-1.700876484969489510e+00,6.948119809016249648e-02
5.741082194997355691e+04,2.808629377779896004e+02,1.249317135367925324e+01,-1.668334533214925530e+00,7.566082433401873086e-02
5.754950836694012105e+04,2.954305108223430807e+02,1.965462499054623891e+01,-1.730098301672776895e+00,8.387054334771465447e-02
5.768852980649645906e+04,2.849945134376229134e+02,1.387688335716257981e+01,-1.702894548061078650e+00,7.410548571069390522e-02
5.782788707795136725e+04,2.940646334165095368e+02,2.593815746642807341e+01,-1.721158599378825871e+00,5.752619418554897474e-02
5.796758099256865535e+04,3.213708467461642613e+02,2.060722787597316241e+01,-1.701486192951544796e+00,5.260148033146896940e-02
5.810761236357190501e+04,3.091902151494613804e+02,2.974596223847866128e+01,-1.715741653661247978e+00,5.304382465884115855e-02
5.824798200614918460e+04,3.368875866030726911e+02,2.256489859333663972e+01,-1.738351386480216032e+00,9.103077394321228144e-02
5.838869073745779315e+04,3.546380480732433398e+02,2.665316744875526922e+01,-1.707771274650173865e+00,6.418303377739148496e-02
5.852973937662904791e+04,3.599843171421019861e+02,2.549494172976056561e+01,-1.752796773386586127e+00,5.129840854047498094e-02
5.867112874477299192e+04,3.557354679592967841e+02,2.383087095957450074e+01,-1.749719967297400869e+00,8.894961012508022236e-02
5.881285966498311609e+04,3.781030532694164208e+02,2.330842106356327648e+01,-1.757635137020234550e+00,8.065618191052961738e-02
5.895493296234160516e+04,3.951578310203934734e+02,3.609405280768354629e+01,-1.725136128426580484e+00,7.484220095694496533e-02
5.909734946392340498e+04,4.208150227471552967e+02,2.300684803807938650e+01,-1.800080782865332241e+00,6.457643782480396166e-02
5.924010999880154850e+04,4.103876053467481029e+02,2.600408404069661827e+01,-1.785087937513770928e+00,6.779374342993202407e-02
5.938321539805184875e+04,4.268247419210129010e+02,1.795656171097480680e+01,-1.805928046418760591e+00,8.903835263863978111e-02
5.952666649475772283e+04,4.660320513431074687e+02,3.921319048549418795e+01,-1.737420719292805060e+00,6.206737792016408378e-02
5.967046412401505950e+04,4.607277630085924898e+02,3.697958219102637401e+01,-1.824574824648058424e+00,7.921270925895029791e-02
5.981460912293707952e+04,4.794047986611469128e+02,3.705803590533584213e+01,-1.812688602116095726e+00,6.343375721969531089e-02
5.995910233065921057e+04,5.094309546532399509e+02,4.081191612100984401e+01,-1.835676006433612173e+00,8.059524331481535131e-02
6.010394458834394027e+04,5.313896804090620662e+02,5.517116140402202262e+01,-1.850486338954301146e+00,1.286388626598481688e-01
6.024913673918565473e+04,5.935569886197176857e+02,5.137494603288421047e+01,-1.861525912412874906e+00,9.734230249477704433e-02
6.039467962841596454e+04,6.066610746392121882e+02,4.915607878439195844e+01,-1.842418963194777604e+00,9.266272709594326751e-02
6.054057410330793937e+04,6.691719201269494306e+02,7.043554541192629870e+01,-1.907023856307530796e+00,7.996139145297659345e-02
6.068682101318152854e+04,6.887785130444678998e+02,6.172255430699285483e+01,-1.868427165531481027e+00,8.059829910558517774e-02
6.083342120940834866e+04,7.011946539197381298e+02,4.352218104499718265e+01,-1.956136376352942907e+00,8.833924321773869992e-02
6.098037554541667487e+04,7.759421133596918025e+02,8.043103004014211876e+01,-1.988079095955656239e+00,1.279733175904487485e-01
6.112768487669638125e+04,8.621388851570806082e+02,1.375354530044253636e+02,-1.987982066491351674e+00,1.108592769978736237e-01
6.127535006080396124e+04,1.005710983890955163e+03,3.395675537331793521e+02,-1.989435729161769473e+00,8.863628058853954828e-02
6.142337195736746071e+04,9.767760527047906862e+02,7.225263050464243975e+01,-2.046174863080085782e+00,1.376400357209286440e-01
6.157175142809154204e+04,1.131683769853339527e+03,1.908592877472247267e+02,-2.105667293499835946e+00,2.273874008887716014e-01
6.172048933676246816e+04,1.250379667995326372e+03,2.345080315888309030e+02,-2.154704500157941904e+00,9.317388678678945046e-02
6.186958654925312294e+04,1.432643707306138367e+03,3.908361413278487930e+02,-2.272633487145436781e+00,9.873766241051337711e-02
6.201904393352808256e+04,1.421474801769726355e+03,1.648876219989272442e+02,-2.386077590288125272e+00,1.472502587474265046e-01
6.216886235964851221e+04,1.750480767704084428e+03,3.640479906626815705e+02,-2.478204914693848515e+00,1.815429013539237579e-01
6.231904269977776130e+04,1.725462897084943052e+03,2.989604273772168312e+02,-2.513102823179336198e+00,2.166699632939895481e-01
6.246958582818567083e+04,1.867734338703452522e+03,3.606430697261159821e+02,-2.734107807384801969e+00,2.914417081326857173e-01
6.262049262125415407e+04,2.445055715598883580e+03,9.209189934898221281e+02,-5.138363982030039745e-01,2.820257732751580537e+00
6.277176395748219511e+04,2.296341587375117342e+03,7.433713745441169749e+02,1.718214828847603570e+00,2.163742952611501291e+00
6.292340071749095659e+04,1.768204710130827152e+03,4.594147246276828014e+02,2.493441281801614284e+00,2.053733055046218503e-01
6.307540378402890201e+04,1.662511978654360519e+03,4.553520889503695912e+02,1.898571758249212538e+00,1.612138138408092169e+00
6.322777404197693249e+04,1.500698146403863348e+03,4.089837803449032663e+02,2.369233596452532176e+00,1.782474898212117187e-01
6.338051237835355278e+04,1.307030850983822802e+03,2.702872901648158290e+02,2.129031511715809177e+00,1.823166824928167395e-01
6.353361968232000800e+04,1.038946112218070311e+03,1.188468346008362602e+02,2.084935291374118371e+00,1.908062890840100112e-01
6.368709684518535505e+04,9.546002601934436598e+02,8.241007054626579986e+01,1.985936340837551439e+00,1.488496751380316008e-01
6.384094476041216694e+04,7.538275673789100892e+02,1.068880940491088296e+02,1.901560177524545647e+00,9.090072884715334756e-02
6.399516432362094201e+04,7.718649024440335324e+02,6.907069267815985825e+01,1.835404829481319000e+00,9.141499649580599185e-02
6.414975643259585195e+04,6.592193516024257178e+02,6.370012901428124508e+01,1.840810555709462282e+00,6.518167502959885951e-02
6.430472198728982039e+04,5.760629675324852315e+02,7.021047553412175546e+01,1.827790746913105391e+00,6.486035772566511870e-02
6.446006188982977619e+04,5.509068670947494866e+02,6.234438244663769524e+01,1.766534878514864015e+00,6.395479337839932166e-02
6.461577704452192120e+04,5.008536657580806377e+02,4.060361941318152645e+01,1.728027508865293438e+00,9.031851728649423205e-02
6.477186835785695439e+04,4.362682930076646812e+02,4.279946442316841626e+01,1.690340087619013998e+00,4.931324385058609427e-02
6.492833673851536878e+04,3.831524627519173123e+02,4.457589495683163250e+01,1.750560793738364707e+00,1.016358448137792830e-01
6.508518309737275558e+04,3.942226095207157641e+02,3.862466112329444456e+01,1.684457239965952313e+00,9.601942987192545187e-02
6.524240834750507929e+04,3.662805704407538769e+02,3.026341103034258140e+01,1.684087880659476566e+00,7.510187775821651479e-02
6.540001340419403277e+04,3.348604163428570359e+02,3.029136703481418635e+01,1.712382420246073567e+00,7.985282355786942066e-02
6.555799918493216683e+04,3.066206347642266223e+02,2.966519939542061834e+01,1.650596818099225427e+00,9.844941286493866239e-02
6.571636660942884919e+04,2.825072313556983090e+02,2.175083159228446306e+01,1.666589839285338215e+00,6.677237442350189567e-02
6.587511659961474652e+04,2.795306570948688432e+02,2.277485682537215794e+01,1.658097973325104446e+00,6.142362578897867659e-02
6.603425007964776887e+04,2.778467978349248142e+02,2.767356553516824036e+01,1.612008456118780853e+00,6.975838182885832350e-02
6.619376797591826471e+04,2.579442719599531983e+02,2.411374562855166914e+01,1.667214091315653679e+00,5.151761122465289833e-02
6.635367121705450700e+04,2.374656178635791548e+02,1.598487709416691871e+01,1.643590256455008447e+00,8.069704615638742529e-02
6.651396073392797553e+04,2.395498187804707015e+02,1.592355830265454841e+01,1.632847551126396013e+00,7.910463506804085720e-02
6.667463745965890121e+04,2.186622885506968146e+02,2.011153845490176195e+01,1.631166636020411342e+00,8.008591686326574366e-02
6.683570232962160662e+04,2.244982865079640817e+02,1.590729874048772530e+01,1.617350571026298756e+00,4.634086256324211617e-02
6.699715628144999209e+04,2.131354299121748568e+02,1.291264758810048718e+01,1.617272264006719196e+00,4.183476291958766746e-02
6.715900025504297810e+04,2.021601286390769872e+02,1.315046641090779111e+01,1.629254057947317591e+00,6.450100201340877581e-02
6.732123519256984582e+04,1.948151057890854077e+02,9.389067465176969662e+00,1.592467493297728520e+00,6.918652334746680510e-02
6.748386203847629076e+04,1.926769650540519763e+02,2.251391703062472871e+01,1.656762205120696052e+00,7.606861154174460182e-02
6.764688173948906478e+04,1.883517927668106893e+02,1.349275506549873960e+01,1.605556549731273153e+00,6.629130819493472826e-02
6.781029524462204427e+04,1.770597192345945530e+02,1.012218404279478357e+01,1.601023361115017751e+00,8.561006924058801870e-02
6.797410350518162886e+04,1.740985025543214988e+02,1.236807306454450384e+01,1.632356501226210010e+00,7.813718126375535089e-02
6.813830747477228579e+04,1.770250328204426182e+02,2.272021872154885358e+01,1.651263128399612423e+00,5.522368817504475641e-02
6.830290810930206499e+04,1.639963711472877890e+02,1.169853680797825035e+01,1.574484940408252820e+00,9.568281328287492338e-02
6.846790636698821618e+04,1.627872552932042822e+02,1.361590346166708265e+01,1.623947774748125239e+00,6.503012683122194604e-02
6.863330320836271858e+04,1.506399825138730080e+02,1.698180384677933574e+01,1.575663708750584924e+00,6.387878578163061483e-02
6.879909959627789794e+04,1.541302910141545794e+02,1.256728421159827036e+01,1.573142661061460945e+00,1.074471228049060367e-01
6.896529649591204361e+04,1.526006208345037862e+02,1.581962028638448281e+01,1.613086780159661560e+00,7.595570105699020469e-02
6.913189487477498187e+04,1.508279137850830125e+02,7.629318116491369040e+00,1.571364824836449126e+00,1.133814612810654376e-01
6.929889570271362027e+04,1.471965165480060875e+02,1.292497490939579130e+01,1.627602601800632653e+00,8.090039562989594091e-02
6.946629995191811759e+04,1.400947338772348303e+02,1.157364440057621913e+01,1.593783835740633981e+00,6.659020859190427355e-02
6.963410859692674421e+04,1.427323039020039346e+02,1.506053986149398405e+01,1.572860846967096604e+00,8.954843766678818873e-02
6.980232261463202303e+04,1.311063411334045554e+02,8.493919225596222589e+00,1.579508863552036235e+00,5.296897270925710749e-02
6.997094298428641923e+04,1.391890179578404343e+02,1.657857622724312918e+01,1.616676109132328509e+00,7.766396972922938458e-02
7.013997068750791368e+04,1.365979605728799413e+02,1.328595015189412365e+01,1.589899333873199705e+00,1.070825430908645404e-01
7.030940670828578004e+04,1.251188149405032135e+02,1.226873017757487361e+01,1.643578645875075184e+00,6.514709856763374607e-02
7.047925203298630367e+04,1.230522922597081390e+02,9.042329273158570047e+00,1.599493848997630252e+00,8.968445498607129085e-02
7.064950765035850054e+04,1.157155444964772357e+02,9.759419073099273589e+00,1.634733332217077173e+00,8.178533163089929392e-02
7.082017455153990886e+04,1.194775439874184997e+02,6.193100829736226665e+00,1.544038219554974223e+00,6.283256302647861891e-02
7.099125373006235168e+04,1.237378290074888127e+02,6.470701707655461377e+00,1.566492441578661410e+00,5.542920190609344766e-02
7.116274618185753934e+04,1.173455917812585767e+02,1.089529937438103424e+01,1.557020054339488535e+00,9.950702342901406039e-02
7.133465290526350145e+04,1.096955418459708369e+02,1.032595811103676198e+01,1.581403315266216136e+00,7.149745082378521077e-02
7.150697490102946176e+04,1.095622113883662507e+02,1.190843829049991776e+01,1.547637405719906933e+00,5.983308248410532798e-02
7.167971317232234287e+04,1.156192879590006442e+02,9.642570183683886853e+00,1.609267992684641602e+00,7.526175225710322880e-02
7.185286872473235417e+04,1.123587943816995960e+02,6.289773306116289042e+00,1.608877209539911535e+00,7.551772479795974824e-02
7.202644256627889990e+04,1.023001307043705310e+02,1.017741628147425281e+01,1.554365002335645674e+00,6.692163148192446787e-02
7.220043570741645817e+04,1.124141384108725390e+02,1.066226567371792733e+01,1.622362063499580342e+00,6.246139229113713970e-02
7.237484916104043077e+04,1.046599233946873539e+02,1.215647538883352574e+01,1.594010807001590813e+00,7.558490016648811149e-02
7.254968394249306584e+04,1.064239557328057799e+02,6.880320137200333974e+00,1.567358146011461839e+00,6.096129795922881900e-02
7.272494106956936594e+04,1.054364872252220238e+02,7.782786953545497433e+00,1.636462592772916835e+00,9.811720040586799363e-02
7.290062156252296700e+04,1.025691138763297658e+02,9.304222677499799588e+00,1.556822520484856698e+00,4.056128180045655285e-02
7.307672644407214830e+04,1.018832551923430572e+02,7.744460138316011211e+00,1.574943915987665921e+00,1.175563118094348769e-01
7.325325673940560955e+04,9.491045158685527383e+01,1.155186920920061233e+01,1.589904066738560884e+00,1.184076095261956951e-01
7.343021347618900472e+04,9.748736944659964365e+01,1.055674466377932674e+01,1.544690180264740587e+00,6.784608273895134656e-02
7.360759768457006430e+04,9.741538609604535282e+01,7.955824221579772981e+00,1.579268031427856211e+00,8.955926549986237273e-02
7.378541039718520187e+04,9.153120744224506211e+01,5.968483694198197576e+00,1.616550964393430379e+00,6.497175369898972042e-02
7.396365264916532033e+04,9.183285952636757088e+01,1.203372569981894102e+01,1.595437671908132904e+00,1.189664487372291551e-01
7.414232547814189456e+04,9.585907930029378576e+01,1.013790808494461082e+01,1.577039274619833620e+00,7.881037040178430486e-02
7.432142992425296688e+04,9.184838138032243648e+01,1.033675784281149035e+01,1.606750284558211117e+00,8.782475199413018740e-02
7.450096703014927334e+04,8.828931401953748548e+01,9.812289153816353249e+00,1.632187257551822368e+00,9.600386505461400155e-02
7.468093784100021003e+04,8.519923603329267792e+01,1.049120814080981745e+01,1.632352335687489830e+00,1.259765445862073563e-01
7.486134340449998854e+04,8.837430269653096104e+01,6.625511839807065151e+00,1.597164542665457487e+00,8.565093012819824381e-02
7.504218477087358769e+04,8.553056376974055297e+01,6.121221892523632135e+00,1.564633598201365938e+00,1.171021703959589377e-01
7.522346299288343289e+04,8.586602139422197411e+01,6.159740456782588858e+00,1.580991621536291136e+00,9.185102324705206323e-02
7.540517912583464931e+04,8.719474024037153015e+01,8.709568248125741263e+00,1.577639532900007691e+00,1.119831847734063940e-01
7.558733422758177039e+04,8.187289305416285856e+01,8.234768511773088662e+00,1.599696371733814404e+00,8.776463173020207509e-02
7.576992935853482049e+04,8.814507286719069157e+01,5.642089447138832092e+00,1.527193073768524201e+00,7.343261958624594521e-02
7.595296558166538307e+04,8.903815597056669162e+01,9.146731086544333422e+00,1.569742640349493179e+00,1.251659804926280595e-01
7.613644396251288708e+04,7.859930591808605982e+01,7.029709277034071668e+00,1.604657561295266932e+00,1.671501775141294999e-01
7.632036556919076247e+04,8.069462598429257127e+01,1.125592864251366443e+01,1.548516499291359150e+00,6.953009291489677113e-02
7.650473147239263926e+04,7.475993604560625272e+01,5.881740298571208392e+00,1.528363191854438252e+00,4.395557866433591476e-02
7.668954274539863400e+04,8.038357718164050425e+01,7.645130152419520542e+00,1.550525219390455067e+00,6.856287153955165081e-02
7.687480046408154885e+04,8.132944039299451333e+01,8.580574181049316351e+00,1.592559795322450178e+00,1.006929578870960629e-01
7.706050570691317262e+04,7.361425602430438175e+01,1.146907238389487560e+01,1.555673041874909401e+00,1.192098877270117152e-01
7.724665955497036339e+04,7.800901136580512230e+01,1.050344567852712352e+01,1.543000367250823901e+00,1.365815518595537292e-01
7.743326309194200439e+04,7.503831922248582487e+01,7.116692503857318997e+00,1.514240046483272817e+00,1.832816144530168556e-01
7.762031740413437365e+04,7.921953457501527396e+01,7.242785028576981254e+00,1.590479200432904250e+00,7.203965850467929088e-02
7.780782358047804155e+04,6.967205842785689640e+01,5.684987428665989384e+00,1.612978885971215304e+00,1.021007845850687989e-01
7.799578271253411367e+04,7.441140990776062836e+01,9.491285228542571062e+00,1.591110471507981128e+00,1.415437695326165202e-01
7.818419589450056083e+04,7.572731041079089209e+01,9.892898193660958128e+00,1.561373547746746748e+00,8.204927534472565565e-02
7.837306422321859282e+04,7.032910020603317491e+01,4.340338448093645773e+00,1.588480979628221545e+00,1.016749406106842862e-01
7.856238879817903216e+04,7.387009450808668021e+01,8.398148684215710702e+00,1.561173394356096811e+00,5.345388554019024629e-02
7.875217072152873152e+04,7.392730380257501110e+01,6.434329311105796201e+00,1.558263084654892383e+00,1.064425129413799770e-01
7.894241109807699104e+04,7.122087709341724349e+01,8.469890180106894206e+00,1.565888839938421428e+00,1.106450714540758856e-01
7.913311103530196124e+04,7.194724083923838975e+01,7.212790956098212192e+00,1.652107064857189611e+00,1.354770829927362807e-01
7.932427164335694397e+04,7.152681766473695291e+01,9.434567472494672202e+00,1.555394715431084540e+00,7.195226145695277076e-02
7.951589403507753741e+04,6.610146278926120544e+01,9.602141587382455157e+00,1.538215190506691199e+00,1.219950684546111941e-01
7.970797932598710759e+04,6.619626449996198403e+01,5.318541157012123044e+00,1.526320133135253609e+00,1.189341953207773417e-01
7.990052863430388970e+04,7.057796749233003197e+01,6.703831803401956613e+00,1.626393157760296138e+00,6.101119718330511033e-02
8.009354308094744920e+04,6.370419301438398918e+01,9.189963294512175196e+00,1.575187648221185066e+00,9.929831669169422725e-02
8.028702378954508458e+04,7.132892585783372397e+01,9.388019755755610873e+00,1.569663516095649580e+00,7.678252643918476172e-02
8.048097188643844856e+04,6.605082482477905614e+01,9.032310141595734976e+00,1.594608112627967866e+00,7.723957140699307111e-02
8.067538850069006730e+04,6.580392294881478676e+01,4.907579376859928288e+00,1.536094678262920787e+00,1.130189194819541110e-01
8.087027476408994698e+04,6.257673277975432313e+01,6.442242240286716992e+00,1.531520435917847367e+00,1.323605675230669632e-01
8.106563181116210762e+04,6.585161134847695052e+01,5.442485522409036491e+00,1.540493831697948179e+00,1.333591488159482086e-01
8.126146077917126240e+04,6.405128085681117511e+01,7.653309157649659689e+00,1.516118454928296000e+00,8.022772178529954945e-02
8.145776280812936602e+04,6.379509407138282029e+01,5.234368665452439728e+00,1.568991072976359202e+00,6.640281113225739162e-02
8.165453904080211942e+04,6.060586568550093034e+01,5.564062761588424166e+00,1.530000125530740052e+00,1.232488644438782810e-01
8.185179062271628936e+04,6.117775718159752074e+01,4.896882130331370320e+00,1.543350077659594533e+00,7.680636751358059511e-02
8.204951870216536918e+04,6.129380842577597832e+01,7.555099042717676738e+00,1.590679411362846629e+00,7.869224635642914356e-02
8.224772443021695653e+04,6.150431068829463754e+01,5.985519045483053802e+00,1.536870631602600401e+00,1.328969217322978347e-01
8.244640896071921452e+04,5.811023821522022814e+01,5.485830051414680497e+00,1.615661612172310857e+00,6.659468673210555689e-02
8.264557345030771103e+04,6.314706999670058707e+01,8.021981466440111674e+00,1.531220808351095641e+00,1.453245311537570972e-01
8.284521905841199623e+04,5.881465975203796859e+01,4.915783179168726313e+00,1.531178099119047342e+00,1.696443840157170757e-01
8.304534694726251473e+04,5.599102474029380971e+01,5.275516923579187889e+00,1.565430494946598250e+00,6.156327410431628594e-02
8.324595828189724125e+04,5.844326662223892299e+01,6.612724047897499347e+00,1.553899763314885663e+00,9.942963413489751268e-02
8.344705423016853456e+04,5.575426800240703784e+01,4.583763165001174755e+00,1.538545114054982177e+00,1.773794328584648028e-01
8.364863596274990414e+04,5.839239652099345079e+01,6.843352033226348219e+00,1.561694407158499498e+00,1.234929913162212678e-01
8.385070465314268949e+04,5.639325216742660984e+01,5.678216175646786823e+00,1.583961704050804720e+00,9.536544255337994769e-02
8.405326147768351075e+04,5.811385931643593494e+01,5.023644636044063638e+00,1.532894908110935761e+00,1.044930006376942333e-01
8.425630761555019126e+04,5.624296323343329362e+01,7.948480996246162000e+00,1.574416788626944896e+00,8.994879351130706524e-02
8.445984424876919365e+04,5.752767304425380246e+01,3.510536837680636513e+00,1.635270916478777981e+00,1.062775445365309601e-01
8.466387256222240103e+04,5.498452198037352900e+01,6.686250369588323750e+00,1.539627638914778496e+00,6.325450583888780898e-02
8.486839374365399999e+04,5.563159748074904343e+01,4.881560029197559381e+00,1.570896065800321040e+00,1.242936884483350768e-01
8.507340898367740738e+04,5.483164839949652247e+01,5.896516696747582387e+00,1.618597914050682984e+00,1.459086105762802954e-01
8.527891947578215331e+04,5.473972717577659353e+01,8.109252183733723029e+00,1.590684374143289670e+00,1.087429639373955342e-01
8.548492641634088068e+04,5.584366157638161354e+01,5.915750080819662138e+00,1.522575469428516737e+00,1.004806477542006388e-01
8.569143100461630092e+04,5.660091529593212556e+01,6.223171644323929996e+00,1.579858948989609768e+00,8.578499654395672913e-02
8.589843444276813534e+04,5.646845063594296477e+01,5.911736071942892856e+00,1.513616358543170781e+00,8.708753756447479288e-02
8.610593793586017273e+04,5.211881320892581471e+01,3.228590722319722328e+00,1.536457876475457507e+00,1.108866770511071215e-01
8.631394269186706515e+04,5.344002495651013618e+01,5.822532132750319889e+00,1.566822771233743694e+00,8.564362887964276083e-02
8.652244992168208410e+04,5.211034790424698571e+01,5.513531106259977221e+00,1.575103533938998268e+00,1.073808020805650104e-01
8.673146083912310132e+04,5.187466647464880509e+01,3.824623489828143708e+00,1.544606228732468445e+00,1.318281015477699991e-01
8.694097666094035958e+04,5.095025767895423030e+01,7.203750761667848224e+00,1.520525902893421488e+00,1.115133290400624200e-01
8.715099860682342842e+04,4.932627102738936742e+01,5.341219140043884650e+00,1.553545154729613964e+00,8.807203261650088655e-02
8.736152789940818911e+04,4.909522158028246963e+01,3.964658205695395399e+00,1.563670789410231965e+00,8.683957185151704172e-02
8.757256576428409608e+04,4.572125969435184345e+01,2.868732901165237603e+00,1.540134469506202697e+00,9.848415026347454027e-02
8.778411343000120542e+04,5.080877509300181316e+01,4.583690686229096478e+00,1.579598897506779620e+00,6.329259883940305254e-02
8.799617212807734904e+04,4.626346263920184043e+01,5.192139388926224619e+00,1.530399620996157672e+00,1.053188612468290708e-01
8.820874309300535242e+04,4.888857608599682436e+01,5.226130717534529957e+00,1.554849284922105834e+00,9.682721830313648081e-02
8.842182756225999037e+04,4.849500731338933690e+01,2.456693767799509320e+00,1.539904479549892624e+00,1.019239496567882208e-01
8.863542677630591788e+04,4.865209238064183239e+01,6.503371576007173083e+00,1.524894886350304013e+00,9.588468348614259673e-02
8.884954197860382556e+04,4.834863703172953109e+01,3.809555999679602234e+00,1.537757685139053976e+00,1.155309829859983844e-01
8.906417441561839951e+04,4.692960600647227665e+01,3.229734247362475941e+00,1.607143550886239725e+00,1.023512588091647774e-01
8.927932533682537905e+04,4.456804998329088363e+01,3.200773781567915588e+00,1.501805007794884350e+00,9.053739672584409925e-02
8.949499599471886177e+04,4.836521852157342494e+01,5.503212216742454643e+00,1.559620957760295079e+00,9.320066021865004713e-02
8.971118764481855032e+04,4.599636528622028209e+01,5.173105127021459637e+00,1.514046905650584751e+00,1.066946457967208606e-01
8.992790154567710124e+04,4.199247108078232316e+01,4.100300435668103205e+00,1.589243736109307914e+00,1.166162274314278130e-01
9.014513895888744446e+04,5.099358500652327564e+01,5.725703085028959194e+00,1.543805475983653475e+00,6.771733602747237457e-02
9.036290114909010299e+04,4.934458289429682765e+01,6.059994002790691781e+00,1.461402288920651715e+00,9.943762463001627749e-02
9.058118938398057071e+04,5.085752088525696024e+01,5.096466137264657803e+00,1.546272511524850346e+00,1.317114237894850270e-01
9.080000493431670475e+04,4.476792460742304058e+01,3.231986569400159048e+00,1.589036930876895681e+00,1.062607838040823677e-01
9.101934907392594323e+04,4.768749498494417338e+01,3.510436734165370609e+00,1.605651825706496449e+00,1.046102877129326814e-01
9.123922307971341070e+04,4.605651633543747181e+01,8.238913212485808657e+00,1.563620916192297372e+00,1.104592426541036454e-01
9.145962823166827729e+04,4.316826887160404169e+01,6.717574071541253744e+00,1.577237852089659720e+00,1.069735571324577916e-01
9.168056581287198060e+04,4.317991976949475941e+01,3.650614015325035489e+00,1.565703332522657476e+00,9.460623266108288132e-02
9.190203710950545792e+04,4.590862354616420760e+01,5.262152971345317454e+00,1.573206562157920985e+00,1.209067495031828227e-01
9.212404341085665510e+04,4.247296275985077330e+01,3.521656828451473320e+00,1.601016069686135967e+00,1.269994443698356790e-01
9.234658600932800618e+04,4.587947857189341505e+01,4.643658544349006156e+00,1.529563015571314022e+00,6.577012302714167757e-02
9.256966620044402953e+04,4.404818354265543690e+01,4.758137904017991637e+00,1.491899892362803515e+00,8.821368030862064558e-02
9.279328528285879293e+04,4.292695842373144899e+01,3.992924393704713637e+00,1.538982891533169139e+00,7.897764729249862059e-02
9.301744455836349516e+04,4.061365186036159258e+01,2.966876459867853644e+00,1.455564072765446637e+00,1.311758718835800697e-01
9.324214533189406211e+04,4.387362956085505772e+01,4.663539883033478439e+00,1.506497759601349573e+00,1.158639923197765792e-01
9.346738891153855366e+04,4.263026377667265621e+01,4.465946090023982684e+00,1.520191171537989216e+00,1.118888221973212416e-01
9.369317660854551650e+04,4.453660336368692896e+01,4.473387827882085332e+00,1.562313009773856010e+00,1.136046057218911276e-01
9.391950973733048886e+04,4.105864033528186496e+01,6.151511601909474436e+00,1.533425959362792579e+00,5.562611088896067535e-02
9.414638961548441148e+04,4.161164172846322629e+01,3.658978633238577860e+00,1.580666591559604539e+00,6.883466961788985150e-02
9.437381756378110731e+04,4.139665480428287481e+01,2.156303100792406280e+00,1.606808829761510626e+00,8.589103132812020425e-02
9.460179490618497948e+04,3.932846145078225675e+01,2.521736510635538497e+00,1.505185438548610311e+00,1.019067877183079812e-01
9.483032296985869471e+04,4.074658097871785856e+01,3.235227252128236142e+00,1.566212526498839575e+00,1.204198304071689984e-01
9.505940308517095400e+04,4.194926347520691223e+01,4.474480252990457707e+00,1.532931956928851092e+00,1.044761560714866505e-01
9.528903658570419066e+04,4.228818837063879243e+01,4.864317494471320558e+00,1.548753029751006149e+00,7.578336871746949033e-02
9.551922480826234096e+04,3.980457268198582454e+01,2.135208693040847816e+00,1.498760734389967375e+00,8.906791625622254016e-02
9.574996909287865856e+04,4.063613000635189110e+01,4.143123205650836027e+00,1.577361010700143451e+00,1.155798977348579254e-01
9.598127078282347065e+04,4.155520941139663904e+01,6.682124464834064526e+00,1.562008281812746757e+00,9.554645647272129450e-02
9.621313122461187595e+04,4.130496219599184116e+01,3.464819107302572032e+00,1.582549864222192015e+00,9.542740421592059430e-02
9.644555176801224297e+04,3.858375750210218769e+01,2.262869606194573890e+00,1.497157595200560465e+00,9.076178306724387579e-02
9.667853376605303492e+04,3.831739795650199909e+01,2.962406335709248939e+00,1.555047086276167168e+00,9.762782839175593308e-02
9.691207857503135165e+04,3.718003779673350806e+01,4.730686808605135241e+00,1.503410426208211748e+00,1.369757704032179280e-01
9.714618755452068581e+04,3.730184549892538826e+01,3.829504979383802077e+00,1.533521215695097029e+00,9.571706601529916814e-02
9.738086206737886823e+04,3.878339753237629850e+01,4.801956190434220950e+00,1.520590086588002210e+00,1.058815445925693766e-01
9.761610347975594050e+04,3.656670620519692960e+01,4.499388542863415275e+00,1.534224547970046926e+00,1.665233716909135242e-01
9.785191316110210028e+04,3.778372952932824802e+01,3.459770896696056308e+00,1.535894582101018369e+00,8.272488579029732558e-02
9.808829248417573399e+04,3.468738400914232045e+01,3.728870134947736670e+00,1.482371654896353252e+00,7.654466086671753156e-02
9.832524282505140582e+04,3.834021342781319674e+01,5.038899878206060556e+00,1.561850133626176085e+00,1.300880722900850661e-01
9.856276556312758476e+04,3.856788586075828107e+01,2.831705575546755060e+00,1.524542583949849872e+00,1.270888402287884411e-01
9.880086208113557950e+04,3.759440957650195969e+01,4.638485391093819743e+00,1.513014308858077639e+00,6.847897088919914499e-02
9.903953376514630509e+04,3.710023889246244977e+01,3.961008313805993719e+00,1.565025074926413184e+00,1.476038191013391565e-01
9.927878200457920320e+04,3.654006846324706714e+01,2.971098631669934154e+00,1.569632789625377001e+00,6.470577316872223872e-02
9.951860819221011479e+04,3.783253390245615577e+01,3.685270991911104854e+00,1.546118080188940924e+00,1.232365769436989805e-01
9.975901372417938546e+04,3.563646711242407150e+01,3.133999182539530803e+00,1.477104863551762071e+00,1.223488083057559794e-01
1.000000000000000000e+05,3.523868180648457127e+01,3.794568950378589101e+00,1.547164956224848398e+00,1.000259245042483813e-01
