# #Freq[Hz], #Gain_mean[a.u.], #Gain_std[a.u.], #Phase_mean[rad], #Phase_std[rad]
1.000000000000000000e+03,5.023050841659365773e+01,4.599719065698067766e+00,-1.523868393477793903e+00,1.190220898203329658e-01
1.004175912443004449e+03,5.081213445370330817e+01,1.198275998902666784e+00,-1.524842931459434947e+00,3.425869950730551367e-02
1.008369263130740592e+03,5.041724693361046405e+01,8.661194439721234817e-01,-1.534695287147879172e+00,2.923054452400863229e-02
1.012580124883791427e+03,5.035225397265426039e+01,2.073570974914948017e+00,-1.543261079250759060e+00,2.517526545294457643e-02
1.016808570826832693e+03,5.117711040773265552e+01,1.769266994262821413e+00,-1.566030837104514628e+00,2.514046510169114235e-02
1.021054674389903084e+03,5.042538227913290427e+01,1.380793060115522719e+00,-1.523796020434331044e+00,4.201840645672026697e-02
1.025318509309675846e+03,5.191124143113556499e+01,1.944946245131075724e+00,-1.555519106103903093e+00,3.648403918153073772e-02
1.029600149630744909e+03,5.134591833524401494e+01,1.735841006820322940e+00,-1.552801215518109235e+00,1.558313806480938687e-02
1.033899669706907162e+03,5.333465288576402230e+01,1.705458208480257865e+00,-1.534748703402709191e+00,2.715404648713903857e-02
1.038217144202454392e+03,5.246737138592875738e+01,2.176758235576535139e+00,-1.519563173929333599e+00,1.752532349656053465e-02
1.042552648093469998e+03,5.259798915206567926e+01,2.145638190797257039e+00,-1.565405197970304529e+00,3.560269918288046231e-02
1.046906256669130698e+03,5.191204903387716740e+01,1.564080163819751457e+00,-1.526842106622689155e+00,2.356662094856004988e-02
1.051278045533014620e+03,5.333561099816944306e+01,2.255968253467970364e+00,-1.539950701197032590e+00,2.320875313433393150e-02
1.055668090604413237e+03,5.351247534969790820e+01,2.067010105259298403e+00,-1.545973969581489582e+00,2.548950609263711878e-02
1.060076468119651963e+03,5.332318583984963567e+01,1.177470297242797059e+00,-1.537735900890480512e+00,2.385919889653490694e-02
1.064503254633409142e+03,5.398750882006298468e+01,1.831864203296162952e+00,-1.549419746506996542e+00,2.925789876331742756e-02
1.068948527020051642e+03,5.417225166998107255e+01,1.519389139610387573e+00,-1.551367412863016826e+00,3.731474087334738649e-02
1.073412362474965903e+03,5.508904398837209015e+01,1.452910175480741417e+00,-1.542290888870711640e+00,2.301676806190271554e-02
1.077894838515899892e+03,5.485399170636149080e+01,1.783286103983480642e+00,-1.549311982875281934e+00,2.505175594466330438e-02
1.082396032984308704e+03,5.459175571868846788e+01,1.354524289063972597e+00,-1.526584283339705639e+00,2.261057370572503583e-02
1.086916024046706525e+03,5.534389356024693285e+01,1.445023794721957300e+00,-1.538571985510880591e+00,4.261853314483958488e-02
1.091454890196024053e+03,5.529380646009392564e+01,1.661336727576011141e+00,-1.549937382799235319e+00,2.530389073614740247e-02
1.096012710252971829e+03,5.634070485448621923e+01,1.502615610468210905e+00,-1.555346147599355300e+00,2.080958289065112932e-02
1.100589563367408118e+03,5.642299377075952549e+01,1.278958973743444583e+00,-1.538064792995378793e+00,2.468256130771027956e-02
1.105185529019716114e+03,5.523808151524445975e+01,2.408208754942224417e+00,-1.536915224334171937e+00,2.385413756112447770e-02
1.109800687022177954e+03,5.661210896306615581e+01,2.467869565297668100e+00,-1.544712673374526002e+00,2.975955138803557110e-02
1.114435117520368749e+03,5.649123287300410823e+01,1.129060512688970341e+00,-1.534536866868160931e+00,3.141741834827356528e-02
1.119088900994543337e+03,5.617270966884736083e+01,2.093793140710543010e+00,-1.537156420054226258e+00,3.859736006055237978e-02
1.123762118261034630e+03,5.746979492488834751e+01,1.847014663061101292e+00,-1.543359489753565850e+00,3.904546720774421803e-02
1.128454850473657871e+03,5.779417958642486752e+01,2.074039226396151125e+00,-1.553105740651804734e+00,3.242738398603069172e-02
1.133167179125119446e+03,5.696544740259249551e+01,2.267828352350368171e+00,-1.532861722124713610e+00,3.132196054856702105e-02
1.137899186048432512e+03,5.850948981149498707e+01,1.342964686426186827e+00,-1.557742409077556456e+00,2.672509649763747316e-02
1.142650953418336712e+03,5.933092830456703126e+01,1.726428935055689617e+00,-1.563862147642950617e+00,2.472675969727603992e-02
1.147422563752728365e+03,5.851413692194093130e+01,2.020149094181318272e+00,-1.543669316962650750e+00,2.335034884677901143e-02
1.152214099914087456e+03,5.972355544718916320e+01,1.535543782192049900e+00,-1.544244650403784336e+00,2.855545263542655018e-02
1.157025645110923961e+03,5.940686450322525758e+01,2.742021293429253603e+00,-1.527042469542713832e+00,1.515789502986064977e-02
1.161857282899217807e+03,6.066122981958714888e+01,2.272309765453683461e+00,-1.528939990827401285e+00,2.885045310580801672e-02
1.166709097183872018e+03,6.161066867203985709e+01,1.970346875660876185e+00,-1.536561032738562593e+00,2.640445659140681911e-02
1.171581172220168810e+03,5.995324779555043904e+01,2.110601351712913853e+00,-1.553031347057840517e+00,2.423532733880013820e-02
1.176473592615232747e+03,6.173587128499557508e+01,1.430856147774771436e+00,-1.541999751024914378e+00,1.886043749231943942e-02
1.181386443329500707e+03,6.214799674044788702e+01,2.017941942148294920e+00,-1.558542653427428926e+00,3.612493381074474708e-02
1.186319809678197316e+03,6.193270205518787463e+01,1.769838099199305237e+00,-1.550655266051621073e+00,3.800771002972402890e-02
1.191273777332816280e+03,6.129754779218637850e+01,1.761675256360616171e+00,-1.563371309740999138e+00,2.856392324215575526e-02
1.196248432322605368e+03,6.276863765680510454e+01,1.171479245608850528e+00,-1.554445415598745939e+00,2.259540433329465178e-02
1.201243861036065937e+03,6.423199581624396615e+01,2.179830256099829278e+00,-1.542967630511237420e+00,2.083821585681444946e-02
1.206260150222449056e+03,6.353740195560378368e+01,2.685130180713698689e+00,-1.547220946787996043e+00,3.001480385165457634e-02
1.211297386993263444e+03,6.418056942119230257e+01,1.961922236377411366e+00,-1.557693647613352050e+00,2.071772154133256355e-02
1.216355658823787508e+03,6.415263716827628571e+01,1.881325514989137027e+00,-1.545547525429914248e+00,3.878011264318044493e-02
1.221435053554588649e+03,6.447400801366615042e+01,1.595758532156047682e+00,-1.549768633154638309e+00,3.498092604412050832e-02
1.226535659393048945e+03,6.373108054876175999e+01,2.090405634529701739e+00,-1.540783792550514120e+00,2.416763789392673348e-02
1.231657564914896966e+03,6.545131468802897245e+01,2.632533000921724486e+00,-1.540303747747489682e+00,2.709186690763218733e-02
1.236800859065747090e+03,6.507785840915741460e+01,2.488210349237769847e+00,-1.552811072684787241e+00,3.008406837440475226e-02
1.241965631162638374e+03,6.571790056594868190e+01,1.804763121727361419e+00,-1.537070964568075793e+00,2.632500912077960498e-02
1.247151970895594332e+03,6.622445570585560404e+01,1.562356942177931751e+00,-1.551460042564830832e+00,2.007241623056800831e-02
1.252359968329174762e+03,6.753748186532946818e+01,1.688524522056659594e+00,-1.542879330508841740e+00,2.902969085754466758e-02
1.257589713904041218e+03,6.721678401456975394e+01,1.268269626295818187e+00,-1.534666324967351114e+00,3.222794648592933880e-02
1.262841298438527474e+03,6.620662645691542991e+01,2.060617691175105737e+00,-1.551562249706173180e+00,2.845734298094836773e-02
1.268114813130216817e+03,6.828731200150581060e+01,1.710330551498119078e+00,-1.524895335000764351e+00,2.943197320274237860e-02
1.273410349557525478e+03,6.864432195974279693e+01,1.646679293232369057e+00,-1.550849428945970887e+00,2.601800566088377856e-02
1.278727999681293568e+03,6.777444258520817755e+01,2.012154986426030856e+00,-1.547941526723501715e+00,3.653280577747664015e-02
1.284067855846380780e+03,6.991906244393069869e+01,2.039828957550049893e+00,-1.544017312002538223e+00,3.192239268924671608e-02
1.289430010783273019e+03,7.035253586890118527e+01,1.495475324374433423e+00,-1.553680950011319561e+00,2.892972900614677531e-02
1.294814557609686290e+03,6.986101031477146250e+01,1.813276060565493175e+00,-1.536954967116303195e+00,2.807475240574333966e-02
1.300221589832191967e+03,7.034796967942592971e+01,2.370098041241863740e+00,-1.559119345529112355e+00,2.051113692568390726e-02
1.305651201347835240e+03,7.027742972958868961e+01,2.478188213227621617e+00,-1.544904315232870307e+00,1.586788436311339576e-02
1.311103486445767430e+03,7.075492403079655901e+01,1.649477259146783004e+00,-1.551738030867705787e+00,2.854676442623261742e-02
1.316578539808882852e+03,7.169357606037598885e+01,1.903607130545379666e+00,-1.547164219228383875e+00,2.731611881917225121e-02
1.322076456515463406e+03,7.270724522330742445e+01,2.454953330671850953e+00,-1.542023913113190092e+00,2.188202919956809545e-02
1.327597332040829542e+03,7.312126570149649751e+01,2.194896295041595113e+00,-1.563628148866126111e+00,2.634214068768103018e-02
1.333141262258998267e+03,7.234660499444892423e+01,2.541419604895735596e+00,-1.550274558993529173e+00,2.348991273804006824e-02
1.338708343444349566e+03,7.332029745872620197e+01,1.423052579825202724e+00,-1.539542416031460581e+00,2.180502925294871761e-02
1.344298672273292823e+03,7.376039341090657331e+01,1.346411514186069525e+00,-1.551305235949979044e+00,3.142506764516624779e-02
1.349912345825953253e+03,7.398044029292368862e+01,1.183847674334174149e+00,-1.554837467376491755e+00,2.937149793564199779e-02
1.355549461587853102e+03,7.418062141424070433e+01,2.347005936395083925e+00,-1.556691623386345258e+00,2.477221068456579578e-02
1.361210117451605811e+03,7.372309922204530608e+01,1.469241674832090894e+00,-1.549961022976265257e+00,3.127814279094960626e-02
1.366894411718615629e+03,7.426314964491197657e+01,1.571745736423656670e+00,-1.538961337687678066e+00,3.650846540971060261e-02
1.372602443100784512e+03,7.502394098366337971e+01,2.149388153594993245e+00,-1.560871369443385115e+00,3.971271412328412909e-02
1.378334310722227428e+03,7.580735265522626776e+01,1.803264825141288608e+00,-1.538687644208034389e+00,2.769701987044218341e-02
1.384090114120992439e+03,7.687980369337203967e+01,2.678184267351604753e+00,-1.549676242558714279e+00,3.106411677226490753e-02
1.389869953250791241e+03,7.693207001739340001e+01,2.650511329249702008e+00,-1.548932747523539266e+00,2.865364799542935437e-02
1.395673928482729252e+03,7.820426562212142585e+01,2.498933177944472117e+00,-1.550419442860132779e+00,3.814820831857487771e-02
1.401502140607057072e+03,7.926983389879485742e+01,4.081916684744567370e+00,-1.559767720201586494e+00,2.329722052729449669e-02
1.407354690834915573e+03,7.776577235899353013e+01,2.522995482302877068e+00,-1.558358908276922250e+00,3.258426969839438303e-02
1.413231680800093727e+03,7.954104841285018779e+01,1.157477648472620135e+00,-1.528884577413087698e+00,4.229140546916600185e-02
1.419133212560794846e+03,7.973143051912926182e+01,2.182449947470125995e+00,-1.538123697934115963e+00,3.194987845973498719e-02
1.425059388601408500e+03,8.101796007919203646e+01,1.920364598513337961e+00,-1.565248542017941391e+00,2.712519763434101394e-02
1.431010311834289496e+03,8.103591761518660519e+01,3.611626072517044594e+00,-1.569172651422487963e+00,2.921278442081874302e-02
1.436986085601545938e+03,8.122365111087306389e+01,2.933806940990872469e+00,-1.539616623133816642e+00,2.969591241252106037e-02
1.442986813676835027e+03,8.193744825304494839e+01,3.018562260551906018e+00,-1.554821050860033527e+00,3.170302175089374785e-02
1.449012600267159542e+03,8.310326843947916586e+01,1.547271245141025320e+00,-1.541761488189004714e+00,4.053787161424986241e-02
1.455063550014685461e+03,8.222909997369026769e+01,1.815897717462718441e+00,-1.563201615381234921e+00,4.089433097233277636e-02
1.461139767998554134e+03,8.338658398784221504e+01,3.186760421531573240e+00,-1.546620547805097612e+00,3.309990969083388690e-02
1.467241359736707864e+03,8.323785448553239519e+01,2.991899591856461260e+00,-1.577583716031725869e+00,2.814525592218525274e-02
1.473368431187723218e+03,8.403401143272706975e+01,1.394230027238123171e+00,-1.539305720156792789e+00,2.481472141432684506e-02
1.479521088752649803e+03,8.272872988420084539e+01,3.158738366936728603e+00,-1.553643834595896278e+00,3.511472811732771482e-02
1.485699439276859493e+03,8.492522614480910192e+01,2.577124855342483922e+00,-1.536674917635558080e+00,2.685086529260408833e-02
1.491903590051900665e+03,8.525672144400215302e+01,1.963241711723525240e+00,-1.537030245150464935e+00,2.415903485200368919e-02
1.498133648817361291e+03,8.624156979580456550e+01,2.689984019335237786e+00,-1.555292343093273910e+00,3.532252961867630991e-02
1.504389723762742960e+03,8.497958803422166341e+01,2.695451697955809411e+00,-1.570415643220801627e+00,3.735185820104784671e-02
1.510671923529331934e+03,8.710546596252075346e+01,3.301682047913641505e+00,-1.551424347155529793e+00,2.466114943263322812e-02
1.516980357212095441e+03,8.805725918296575117e+01,2.978504603440250253e+00,-1.530753701488740237e+00,3.145883879351678986e-02
1.523315134361570699e+03,8.902273381667166063e+01,3.019045581680879220e+00,-1.554322333504314813e+00,1.718050686144326211e-02
1.529676364985768259e+03,8.917623679946437676e+01,3.466378926303283592e+00,-1.582836431568654056e+00,3.284282446424556523e-02
1.536064159552082174e+03,8.986443514155241985e+01,3.275074278030688291e+00,-1.556930548520241153e+00,3.209672174589875415e-02
1.542478628989208801e+03,8.986665496369211326e+01,1.752744123563661383e+00,-1.561593808008624462e+00,2.577568831958395798e-02
1.548919884689073342e+03,9.034941867340110377e+01,2.540032721348739919e+00,-1.563750764881924216e+00,4.526679745452590053e-02
1.555388038508765021e+03,9.222878912503536242e+01,2.550138220498620267e+00,-1.538719097983062056e+00,2.293416791306026117e-02
1.561883202772474078e+03,9.135905991144365146e+01,1.370479376970931140e+00,-1.540292839837831940e+00,2.847653414377012901e-02
1.568405490273451505e+03,9.138249800464896566e+01,2.924738291483318875e+00,-1.575925191048183738e+00,3.099415211118956501e-02
1.574955014275960821e+03,9.326302605312842786e+01,2.163342661292513291e+00,-1.542729788242831690e+00,2.787592281386402568e-02
1.581531888517248035e+03,9.409629462883148676e+01,3.245423482293787298e+00,-1.552444060895144196e+00,1.824152555599253475e-02
1.588136227209515482e+03,9.376218104002464315e+01,2.794607494400778602e+00,-1.574414944773225855e+00,1.864076301422675982e-02
1.594768145041905882e+03,9.635360677828013820e+01,1.369264698264695213e+00,-1.550104171882893844e+00,2.184289907548111337e-02
1.601427757182493679e+03,9.454734745371236215e+01,2.142619604879981487e+00,-1.561912006301881206e+00,2.891001217190958955e-02
1.608115179280284565e+03,9.587425000994123536e+01,2.381749771893343137e+00,-1.547551161930286856e+00,2.657910949577308932e-02
1.614830527467225465e+03,9.799142168764851135e+01,2.676550948748687375e+00,-1.557015121142916403e+00,2.210202613550730014e-02
1.621573918360221114e+03,9.751378610203104813e+01,1.903780298162217166e+00,-1.564971024529995258e+00,3.682432621624553287e-02
1.628345469063152905e+03,9.836692047372483216e+01,1.955736853625655636e+00,-1.562048058913623638e+00,3.476493764924396684e-02
1.635145297168923662e+03,1.014481179008331253e+02,2.673372370702753020e+00,-1.565676523599791592e+00,2.742535668360026463e-02
1.641973520761491727e+03,1.001365221901391749e+02,2.534807967067309598e+00,-1.557694990746286035e+00,1.621711397541631891e-02
1.648830258417923460e+03,1.004990626197141523e+02,2.816564016725730202e+00,-1.558288827311574476e+00,3.242448969179587137e-02
1.655715629210453017e+03,1.012026034353374655e+02,2.188665939084613932e+00,-1.547003613844325498e+00,3.300837958384392895e-02
1.662629752708550086e+03,1.027357816402138297e+02,2.832749154183735740e+00,-1.571464704278580538e+00,2.776704335703761989e-02
1.669572748980995129e+03,1.017889903038436898e+02,1.859945166791655335e+00,-1.555103161330863903e+00,2.922446209738685519e-02
1.676544738597965988e+03,1.032705239036548619e+02,2.866843525749171562e+00,-1.548779067720786884e+00,1.985774384570842058e-02
1.683545842633132452e+03,1.053966054903449958e+02,2.696363210269064670e+00,-1.561880259171578134e+00,2.932003508670363856e-02
1.690576182665752640e+03,1.052275648719123922e+02,2.494290700363194890e+00,-1.555943709518393891e+00,2.719147860582529427e-02
1.697635880782793492e+03,1.065624377653129784e+02,2.765233782400127627e+00,-1.548463860574293305e+00,3.333755317817464064e-02
1.704725059581045343e+03,1.086150528547597105e+02,3.586517506002571132e+00,-1.583770358624115415e+00,1.808809871172504385e-02
1.711843842169251275e+03,1.076963685836838920e+02,3.092741752347916595e+00,-1.543751744884135801e+00,2.837273768746583283e-02
1.718992352170246477e+03,1.084467192546443357e+02,3.779358798338083858e+00,-1.569373122269994703e+00,2.331584116816510371e-02
1.726170713723103745e+03,1.090178860236732135e+02,2.087003797912451830e+00,-1.553450963182614553e+00,3.089271196093990729e-02
1.733379051485289892e+03,1.085564363297932857e+02,4.184713398538481677e+00,-1.552780528648054936e+00,4.190636825775859164e-02
1.740617490634830574e+03,1.100766383377796984e+02,5.437420148654275032e+00,-1.555130986544682958e+00,3.723518817619952959e-02
1.747886156872483753e+03,1.122369807975413067e+02,2.632456756370930684e+00,-1.543586549419756482e+00,3.449455985372343325e-02
1.755185176423924531e+03,1.123275047390531256e+02,2.861105503024508501e+00,-1.542523044904091867e+00,2.355917295773334030e-02
1.762514676041930215e+03,1.125855753185968808e+02,2.905961137795702864e+00,-1.560042568371219573e+00,4.013868682457521347e-02
1.769874783008591749e+03,1.130753295396703209e+02,3.842453103832392802e+00,-1.556677378374260901e+00,2.134664096185698301e-02
1.777265625137516963e+03,1.143632447050429874e+02,4.243829009970712995e+00,-1.572179078113180140e+00,3.196720913897057453e-02
1.784687330776052931e+03,1.153914918226712700e+02,3.420006884792093249e+00,-1.562069562707253834e+00,2.889874673176828779e-02
1.792140028807513090e+03,1.197889068901507272e+02,3.521138169010653129e+00,-1.576753114671734624e+00,2.921233306753883915e-02
1.799623848653416644e+03,1.164614307002972566e+02,4.186444031289343393e+00,-1.561963540835953568e+00,3.619726380327727838e-02
1.807138920275736155e+03,1.207067062877937644e+02,3.689532603793784560e+00,-1.562788764051062929e+00,3.044123703183830576e-02
1.814685374179154906e+03,1.201055871280404546e+02,4.646085053042705582e+00,-1.540017135539179849e+00,3.243146956340130227e-02
1.822263341413327908e+03,1.206577363123511049e+02,4.402261465045569366e+00,-1.583957036026647724e+00,3.167123693655384681e-02
1.829872953575166775e+03,1.221130013277675062e+02,4.338799923879826714e+00,-1.558733431515510359e+00,4.277972563950407925e-02
1.837514342811118695e+03,1.232502559912763047e+02,4.392393144367004787e+00,-1.535391003456729520e+00,3.083423012702559210e-02
1.845187641819462669e+03,1.246236948122819541e+02,4.274109592009237346e+00,-1.560777410761760908e+00,2.366242032111393404e-02
1.852892983852614634e+03,1.219402567442353984e+02,1.429858690893285100e+00,-1.557630365248152460e+00,3.039460374920258806e-02
1.860630502719440528e+03,1.261084139613182487e+02,4.700023610145620978e+00,-1.571313269891233988e+00,3.579830905292571280e-02
1.868400332787580282e+03,1.283383255365742457e+02,4.356127021765640706e+00,-1.563743135295819098e+00,2.075654035111555371e-02
1.876202608985781580e+03,1.305585058649737107e+02,6.511241801131899543e+00,-1.564198477364210138e+00,3.030503897918975301e-02
1.884037466806242719e+03,1.289058551484915540e+02,4.422025110285765948e+00,-1.566911388169694330e+00,3.281884485419351433e-02
1.891905042306967516e+03,1.297061146656748178e+02,3.508799706684312181e+00,-1.556234183788853809e+00,2.506385138352406478e-02
1.899805472114119993e+03,1.299543408700215537e+02,3.369993676807097938e+00,-1.561632518770467826e+00,4.900157795273148847e-02
1.907738893424409298e+03,1.339217658042053358e+02,5.002994619053430903e+00,-1.543816708978654528e+00,3.015416612949738118e-02
1.915705444007463711e+03,1.332142140906120744e+02,3.692805824870500686e+00,-1.580387235035911164e+00,2.822374946039526988e-02
1.923705262208226031e+03,1.353872811582795350e+02,5.735883884682306366e+00,-1.579621724016054163e+00,3.895670585570252392e-02
1.931738486949354410e+03,1.359282502514822681e+02,5.115147246686679416e+00,-1.590754914222376026e+00,4.042118900902592904e-02
1.939805257733636836e+03,1.353084203558551906e+02,3.976269132031073461e+00,-1.533774421379284991e+00,4.077226336960696612e-02
1.947905714646412207e+03,1.369199171535734365e+02,2.765254119281999934e+00,-1.577824048507945331e+00,3.232459219385753341e-02
1.956039998358005732e+03,1.409529673531141896e+02,4.155155041398336913e+00,-1.544208671001781941e+00,3.965015792305324333e-02
1.964208250126163193e+03,1.410173001692502339e+02,4.969205383966531997e+00,-1.553486408088096127e+00,3.365827584246453702e-02
1.972410611798517039e+03,1.399689918855746100e+02,3.905233747174709613e+00,-1.556576237431834375e+00,2.565981525651415615e-02
1.980647225815040656e+03,1.454526628373910171e+02,4.022236467207130239e+00,-1.561381994027929876e+00,3.393893536091163038e-02
1.988918235210523790e+03,1.444565775548123554e+02,3.569657163152305746e+00,-1.562026025085537784e+00,1.761866264698918466e-02
1.997223783617057961e+03,1.456774266238624307e+02,3.368029044262178751e+00,-1.568093097855389306e+00,3.652272493930036612e-02
2.005564015266528941e+03,1.474288356689382624e+02,5.111407365261492863e+00,-1.554666055106157296e+00,2.585447447605842761e-02
2.013939074993122404e+03,1.492206045411175239e+02,4.748095727856906478e+00,-1.560031577005810854e+00,2.953386525475598309e-02
2.022349108235839140e+03,1.489548247710696387e+02,3.747277173413249063e+00,-1.560967827376874117e+00,2.371271036873512372e-02
2.030794261041020036e+03,1.529733738907044938e+02,3.741646004414320270e+00,-1.546954865627490072e+00,3.474002985203482330e-02
2.039274680064883341e+03,1.513760506424710002e+02,3.015253869888442573e+00,-1.573222528331416292e+00,2.475953711926433959e-02
2.047790512576072160e+03,1.527031461680775806e+02,2.780987730529814961e+00,-1.565513669944365693e+00,2.446644227163066732e-02
2.056341906458205358e+03,1.539935774925875762e+02,3.313958929533106890e+00,-1.576502491791978544e+00,2.259825997868950692e-02
2.064929010212455523e+03,1.535297443861045963e+02,2.715711992699984645e+00,-1.574772041173727377e+00,2.265200200810479556e-02
2.073551972960122384e+03,1.585650796706810581e+02,2.893400712764663485e+00,-1.568780731065177125e+00,2.827108501269713983e-02
2.082210944445223049e+03,1.603251376148651843e+02,5.571125453887961321e+00,-1.536014841088880756e+00,2.396993256364504665e-02
2.090906075037092251e+03,1.613950580086413140e+02,4.487664658792512640e+00,-1.572101013358504717e+00,2.771712276715471504e-02
2.099637515732993052e+03,1.656579472370839596e+02,2.635727036075582230e+00,-1.559893099403244721e+00,2.772326969384033071e-02
2.108405418160741647e+03,1.640535568212857243e+02,3.625737322219030556e+00,-1.553953537418027997e+00,2.725526697233918161e-02
2.117209934581338985e+03,1.657239078699125798e+02,4.171644672612808691e+00,-1.572260538557140430e+00,2.676626813487271647e-02
2.126051217891610122e+03,1.677518237795725611e+02,4.052473410117359620e+00,-1.575516411604594325e+00,1.609568581045108665e-02
2.134929421626868134e+03,1.683828928480707816e+02,4.654771665541512782e+00,-1.566372975768607567e+00,2.407850419005919118e-02
2.143844699963576204e+03,1.714730808031382594e+02,4.242143390358760868e+00,-1.559327781638882415e+00,2.591058124469652543e-02
2.152797207722023359e+03,1.722043710634507647e+02,5.177708081038915111e+00,-1.558968479982812072e+00,3.165971030992505153e-02
2.161787100369014752e+03,1.765556123369489683e+02,4.246511290335464039e+00,-1.585719166010053360e+00,2.514774297631218805e-02
2.170814534020572410e+03,1.755833117193760131e+02,3.513293200747771294e+00,-1.583396955311700882e+00,3.639622771905564463e-02
2.179879665444643706e+03,1.815643883725452383e+02,3.873303117121014161e+00,-1.563365289348395359e+00,1.851513639249357732e-02
2.188982652063826663e+03,1.790186147000923995e+02,5.724742550419575693e+00,-1.570753785112227074e+00,2.461062240586402161e-02
2.198123651958100709e+03,1.833617055667750151e+02,3.965788985212174378e+00,-1.577735226667739354e+00,2.819329652788641824e-02
2.207302823867577445e+03,1.872990809721260348e+02,6.263992416655770334e+00,-1.577093080213238574e+00,2.191239226271666715e-02
2.216520327195244590e+03,1.863690468400978943e+02,5.276014824302929007e+00,-1.576573368439124989e+00,2.958834980296709896e-02
2.225776322009751766e+03,1.897218446293167631e+02,3.959811123058561755e+00,-1.574774251863781505e+00,4.462047099218535012e-02
2.235070969048176721e+03,1.887401431964954099e+02,4.460565881809458233e+00,-1.576548769253544702e+00,2.832303497120489816e-02
2.244404429718823394e+03,1.934411234808807478e+02,4.009848911366044710e+00,-1.580086102738275766e+00,1.927229585855280009e-02
2.253776866104020428e+03,1.935167045574132771e+02,6.790484017022331287e+00,-1.572394826944539359e+00,2.912619071316084260e-02
2.263188440962939694e+03,1.988485139926474972e+02,4.214463710790478324e+00,-1.578237007875911813e+00,3.257833800299783644e-02
2.272639317734420729e+03,1.997211502843429685e+02,7.964022715767270277e+00,-1.579168998680853475e+00,2.217368111460370564e-02
2.282129660539811539e+03,2.032445458844001109e+02,5.862279806127800974e+00,-1.570504738904610065e+00,4.044451060816730420e-02
2.291659634185808954e+03,2.073296152687429696e+02,5.463034322525647468e+00,-1.594989540824735430e+00,2.706516934389424991e-02
2.301229404167336725e+03,2.082982156171825352e+02,3.090150719322884321e+00,-1.574053368465939240e+00,3.167505355709558656e-02
2.310839136670406788e+03,2.117647195376975162e+02,2.812345432155903602e+00,-1.573588664102637980e+00,3.474316012475030246e-02
2.320488998575010555e+03,2.103434100017615549e+02,6.651263172003785584e+00,-1.579320847952797591e+00,2.765956885221870082e-02
2.330179157458014743e+03,2.186467170516299916e+02,5.653159680392652930e+00,-1.568197733886486089e+00,3.717759087868824364e-02
2.339909781596073572e+03,2.217665596083101605e+02,4.611855126803742877e+00,-1.565061095634368460e+00,2.358434955212840994e-02
2.349681039968548248e+03,2.211594680899830223e+02,5.935588532853125265e+00,-1.591317976913092291e+00,2.464402828261662293e-02
2.359493102260444630e+03,2.193710830474187787e+02,5.842667526560727076e+00,-1.589246006466035643e+00,2.016501783575130879e-02
2.369346138865357261e+03,2.279452547473152322e+02,6.415993918077696812e+00,-1.579059258918939390e+00,2.589000664811587707e-02
2.379240320888429778e+03,2.329128536857069776e+02,4.172164294280495511e+00,-1.582221615683482963e+00,3.253953147291644560e-02
2.389175820149328047e+03,2.320818364194587957e+02,7.478326023978361548e+00,-1.581409495292801726e+00,3.311611865434546664e-02
2.399152809185214664e+03,2.414940804547023561e+02,9.760597056270459149e+00,-1.556886508070093100e+00,2.638476463245389980e-02
2.409171461253760299e+03,2.460179018148516548e+02,6.743963865884683884e+00,-1.560988205255394501e+00,2.327405243337104732e-02
2.419231950336141381e+03,2.418471954697962190e+02,7.945664639058468204e+00,-1.593094284987689235e+00,3.078095918526581667e-02
2.429334451140064175e+03,2.480429317765747328e+02,9.100918888462043554e+00,-1.583164923041160632e+00,3.451743692564495508e-02
2.439479139102799309e+03,2.557681605688877369e+02,8.520812380647528883e+00,-1.581934973845597892e+00,5.066820686550250336e-02
2.449666190394228124e+03,2.583107295010082680e+02,9.890665868464527222e+00,-1.574112144870737584e+00,2.250652590161848071e-02
2.459895781919903129e+03,2.593419075502375790e+02,1.056050406062749936e+01,-1.585780262791711470e+00,5.960052316623304369e-02
2.470168091324118905e+03,2.673549628108172556e+02,1.321688774974995262e+01,-1.602040691292267116e+00,3.809732785274833056e-02
2.480483296992992109e+03,2.705788190297083702e+02,6.664847168673775357e+00,-1.575209262448789671e+00,2.556107628390873882e-02
2.490841578057569677e+03,2.742967818699435156e+02,1.305984183394147458e+01,-1.577645513092174490e+00,1.953810407548820655e-02
2.501243114396932924e+03,2.721436411503858608e+02,1.006736083836702100e+01,-1.571451379676129800e+00,4.889078422750098296e-02
2.511688086641322570e+03,2.789980421116945877e+02,1.448008116342551332e+01,-1.579380851863164015e+00,3.599701652259835322e-02
2.522176676175274224e+03,2.896726605337817091e+02,1.130197751702763043e+01,-1.581872241829981762e+00,4.258093520283681710e-02
2.532709065140770235e+03,2.945406575545540591e+02,9.630598658401607892e+00,-1.586236435238301601e+00,3.303097577194315931e-02
2.543285436440401554e+03,2.959867824563772274e+02,1.222107941290106048e+01,-1.585424479238166873e+00,2.716536892283641716e-02
2.553905973740545051e+03,3.076794595258556910e+02,8.615943588899725114e+00,-1.582638395977279178e+00,2.451621326671272680e-02
2.564570861474551748e+03,3.054557403554831012e+02,1.300056180559328922e+01,-1.570981017000156132e+00,4.105922967284247882e-02
2.575280284845952337e+03,3.157420386163266812e+02,1.083618565764683161e+01,-1.585902475282531476e+00,2.655558886484414918e-02
2.586034429831664966e+03,3.182583669804490683e+02,5.886491319218513318e+00,-1.584588420362046168e+00,3.677086062957736490e-02
2.596833483185236673e+03,3.231658816550349229e+02,1.279574583372835761e+01,-1.559292084335014872e+00,2.713129832528856505e-02
2.607677632440080743e+03,3.288048991297986845e+02,1.456733277956342754e+01,-1.596241022386643005e+00,4.366568889125933134e-02
2.618567065912731323e+03,3.365393960661446044e+02,1.839312298515460498e+01,-1.604890488709887819e+00,2.432291335980958299e-02
2.629501972706118067e+03,3.425599500566058282e+02,8.825706087966855407e+00,-1.589048483219743790e+00,4.019264680293543196e-02
2.640482542712846225e+03,3.526016258646116626e+02,1.826091180448219120e+01,-1.588219804180466044e+00,2.594025525744829419e-02
2.651508966618497197e+03,3.622060869608545772e+02,1.606423528492920738e+01,-1.583127290169987322e+00,3.836274617118755337e-02
2.662581435904940008e+03,3.622205686639075566e+02,1.328811445162862981e+01,-1.580899619948256785e+00,2.326428159634835735e-02
2.673700142853647776e+03,3.795392355496080086e+02,1.047393153187934800e+01,-1.609312039052407828e+00,3.790667483489248979e-02
2.684865280549053296e+03,3.834405729847525208e+02,1.257848131497284783e+01,-1.601012904687305838e+00,2.375845775873127938e-02
2.696077042881888701e+03,3.948373977253972953e+02,1.640284249230317215e+01,-1.579352106250575982e+00,3.437092300756897784e-02
2.707335624552557874e+03,4.054253136887308528e+02,1.438380923636012021e+01,-1.589117531270474615e+00,3.158072000303875637e-02
2.718641221074516125e+03,4.076775516872261278e+02,1.347204626078067058e+01,-1.599190347797517564e+00,2.230954333849565624e-02
2.729994028777666244e+03,4.237556255505213585e+02,1.701862892070924360e+01,-1.629111845498032007e+00,3.184731640693970467e-02
2.741394244811766384e+03,4.345318305656149960e+02,1.429631864925109497e+01,-1.568821958962758778e+00,2.778425025769830012e-02
2.752842067149857030e+03,4.439122406328259558e+02,1.754358935285414134e+01,-1.594510733812997128e+00,3.142087712603721522e-02
2.764337694591693889e+03,4.540447234663616882e+02,1.783906496107805850e+01,-1.621883605809411488e+00,1.884231655613154491e-02
2.775881326767205792e+03,4.727851745838104875e+02,2.517780210483464032e+01,-1.618783012970340662e+00,2.797762287849778554e-02
2.787473164139959408e+03,4.900915426341767898e+02,1.989414787097811299e+01,-1.615445325788941844e+00,3.726565275618715783e-02
2.799113408010632611e+03,5.117320618858730086e+02,1.802386057220468984e+01,-1.626286792535382331e+00,3.158634006171562314e-02
2.810802260520524669e+03,5.124601218662103292e+02,2.146124882937843736e+01,-1.629404692984859349e+00,3.669033984921634545e-02
2.822539924655057348e+03,5.287302166766072560e+02,9.041652950190156801e+00,-1.627833152987082865e+00,4.928013379261404064e-02
2.834326604247301475e+03,5.497383009997138288e+02,2.937915301379929289e+01,-1.665401848668008444e+00,3.372222714821832001e-02
2.846162503981516238e+03,5.549839100910726302e+02,2.408097743452145778e+01,-1.623948557136765114e+00,3.303320179201290480e-02
2.858047829396705311e+03,5.746412598606899564e+02,2.133795776756839757e+01,-1.634321135110158751e+00,4.161473091535751456e-02
2.869982786890185253e+03,6.000399464283439102e+02,1.772696704502680376e+01,-1.641810988856468256e+00,3.395333788117558399e-02
2.881967583721171195e+03,6.174296198185411413e+02,1.867434454242320996e+01,-1.647008291429859828e+00,3.390560657980443843e-02
2.894002428014367979e+03,6.426015687938972860e+02,2.506681198100630326e+01,-1.650963193387396277e+00,2.632906629698844592e-02
2.906087528763598584e+03,6.534697667277092705e+02,1.797979179300672214e+01,-1.665737771756176100e+00,5.056618197589936997e-02
2.918223095835422555e+03,7.099213052830517654e+02,3.312627869285127957e+01,-1.660867118053310110e+00,3.894530652616186306e-02
2.930409339972784437e+03,7.135413219374570417e+02,2.422932481544969718e+01,-1.674341765806722337e+00,5.024676493603756622e-02
2.942646472798673130e+03,7.470037837118482003e+02,1.584639019889052491e+01,-1.689334719926504080e+00,3.324197943877137129e-02
2.954934706819796247e+03,8.001247656495066849e+02,1.444934681329420023e+01,-1.677594855392892770e+00,3.077631255799380405e-02
2.967274255430270841e+03,8.147682299273578792e+02,1.751330901110522120e+01,-1.688538194133704540e+00,4.579761364278815694e-02
2.979665332915329145e+03,8.590295295462663034e+02,1.734904914618077143e+01,-1.692323580280749029e+00,3.813079127654669942e-02
2.992108154455039312e+03,8.885403445499205191e+02,2.792626753859458333e+01,-1.720862887903785277e+00,3.525363657206782853e-02
3.004602936128046167e+03,9.434414591556706000e+02,1.810266101288141982e+01,-1.721899578626631566e+00,2.791814450634589467e-02
3.017149894915311052e+03,9.931091876659584159e+02,5.577636274627973734e+01,-1.714610247316585845e+00,3.996931300937259235e-02
3.029749248703897592e+03,1.054322265954430122e+03,3.399295668677508786e+01,-1.753728410861153719e+00,2.446438387329466155e-02
3.042401216290743378e+03,1.131258980058335510e+03,4.659863941301036760e+01,-1.745901887721261314e+00,2.308451190372312611e-02
3.055106017386463918e+03,1.206979637071922525e+03,3.283468577508244124e+01,-1.793384408544120845e+00,2.929980671718795601e-02
3.067863872619165704e+03,1.293372252869549811e+03,3.172023820135903094e+01,-1.778979658459988400e+00,2.999485736695827603e-02
3.080675003538280180e+03,1.405211697371995797e+03,4.229181221051999273e+01,-1.809361596858723331e+00,3.874770662865905518e-02
3.093539632618408177e+03,1.576386493205413899e+03,5.771457977810402440e+01,-1.843822542432379974e+00,2.488655799903999322e-02
3.106457983263190272e+03,1.749343999375739713e+03,5.905017333117726963e+01,-1.846917859835787379e+00,2.575157197886735264e-02
3.119430279809169406e+03,1.979136790574247470e+03,6.007799869294428419e+01,-1.929411308378564893e+00,1.683911119725298167e-02
3.132456747529709446e+03,2.392883497758556587e+03,8.896046521935328144e+01,-1.998603316574281141e+00,3.523895958295135411e-02
3.145537612638891915e+03,6.341074781012328458e+03,2.932661342043205082e+02,-1.817421141750056535e+00,2.447317204787378131e+00
3.158673102295449098e+03,6.073085049344108484e+03,4.823228773326620171e+02,2.832505007791221274e+00,5.697982467896230141e-02
3.171863444606708526e+03,5.798180603781748687e+03,2.565427470264077670e+02,2.634699778566794048e+00,7.276640825393032586e-02
3.185108868632552458e+03,5.127140360195271569e+03,3.207272614745335773e+02,2.475977470930655677e+00,6.472926153916123970e-02
3.198409604389399192e+03,4.720166836428251372e+03,1.860710986685342618e+02,2.356399674945156342e+00,3.915816599457839359e-02
3.211765882854193478e+03,4.245317588698859254e+03,1.407980803969846875e+02,2.297683646639563371e+00,3.846165665380170406e-02
3.225177935968421480e+03,3.991558854404318936e+03,1.734633967984741787e+02,2.207701051366081302e+00,3.752670693518972422e-02
3.238645996642135742e+03,3.586229062846086890e+03,1.645773127517998660e+02,2.150264997678640100e+00,3.017642397498320958e-02
3.252170298758003355e+03,3.265657481785734944e+03,1.292007335115284548e+02,2.111671706284594219e+00,4.591844902713741738e-02
3.265751077175356386e+03,3.016573183076412988e+03,1.318880392240667447e+02,2.040952509407908622e+00,2.202035433753084595e-02
3.279388567734288245e+03,2.813650373619901075e+03,1.037316533984694900e+02,2.010360873288941086e+00,2.653041595563076713e-02
3.293083007259736405e+03,2.546421443838787127e+03,7.633598579087045266e+01,1.949930918575289329e+00,3.162174220032235028e-02
3.306834633565598779e+03,2.347634143563421731e+03,8.359268884791407572e+01,1.929746221439536003e+00,3.286887109369539262e-02
3.320643685458863729e+03,2.182658314697153401e+03,6.445378955574651059e+01,1.886998004235601822e+00,3.968955172211391380e-02
3.334510402743755549e+03,2.017167093408633491e+03,5.127256138161062893e+01,1.853307090424352044e+00,3.036556590945584805e-02
3.348435026225904494e+03,1.864952647796545079e+03,6.054070793320014587e+01,1.832454121814787840e+00,4.087132658431420068e-02
3.362417797716513178e+03,1.744303685577750684e+03,7.417502380521858640e+01,1.814980934073524566e+00,4.399168960072323553e-02
3.376458960036577082e+03,1.615649843166641176e+03,2.915794230657738595e+01,1.799739256860209746e+00,2.368640316422004205e-02
3.390558757021087786e+03,1.479206341379539936e+03,5.831122216576530803e+01,1.784874506066602695e+00,3.919141951552584935e-02
3.404717433523269847e+03,1.387628015446658083e+03,4.323862750317238834e+01,1.753166815978769666e+00,3.260075686986194099e-02
3.418935235418834054e+03,1.332125629841656746e+03,5.527104216230149802e+01,1.748026326827250898e+00,3.502843672336075631e-02
3.433212409610245686e+03,1.232823789479721654e+03,4.001374484327880054e+01,1.739869792984678032e+00,2.747210227372822930e-02
3.447549204031014597e+03,1.172954047874714433e+03,3.732800152068026733e+01,1.716344049492905643e+00,2.715308635234159329e-02
3.461945867649997581e+03,1.078913134357998842e+03,4.645541719923285484e+01,1.718822550955950046e+00,3.938904207774127780e-02
3.476402650475725295e+03,1.015942640217919916e+03,3.669592631742592914e+01,1.703933200830618944e+00,2.272232872137381135e-02
3.490919803560740547e+03,9.697076690899339155e+02,4.057360181587504400e+01,1.695122432207804009e+00,2.351391146143890290e-02
3.505497579005963871e+03,9.233268682856107716e+02,3.230935895274944869e+01,1.708975152843834167e+00,3.399949857945216286e-02
3.520136229965056827e+03,8.630553982125009043e+02,2.415812111183215549e+01,1.691250494287071415e+00,3.305603704066061715e-02
3.534836010648838965e+03,8.305473205497758045e+02,3.036530589219233178e+01,1.691878416591228618e+00,4.414676453749825924e-02
3.549597176329687500e+03,8.014830757576503402e+02,2.927056627248683895e+01,1.688853427449268363e+00,3.238522328456762411e-02
3.564419983345976107e+03,7.473143894501690738e+02,2.441893637142980822e+01,1.659962242088497408e+00,3.017070316764078330e-02
3.579304689106524620e+03,7.399608794406840389e+02,2.650202924357230216e+01,1.709942298792629156e+00,4.693471160624285154e-02
3.594251552095068746e+03,7.146266068713400728e+02,1.978777154874926225e+01,1.692382788930353765e+00,2.160957796048989382e-02
3.609260831874754331e+03,6.704137363809888939e+02,3.093652553399243388e+01,1.672648386324054881e+00,3.416308066200720445e-02
3.624332789092628445e+03,6.493616839019256304e+02,1.816768184561309951e+01,1.678761462461574983e+00,3.216661491270313145e-02
3.639467685484189587e+03,6.361357382470521316e+02,3.133559628228515948e+01,1.673678604385640867e+00,2.661245793434664428e-02
3.654665783877915601e+03,6.119802628195220677e+02,2.334378658582890864e+01,1.653733881486578294e+00,3.826469899615937698e-02
3.669927348199833887e+03,5.840319174618283569e+02,2.441739901140912750e+01,1.652036584129760399e+00,4.573921225733772189e-02
3.685252643478103892e+03,5.709505228902481804e+02,1.282933499038198200e+01,1.669831861896127423e+00,3.268112861869017921e-02
3.700641935847619152e+03,5.563244960170994773e+02,2.278968007856422773e+01,1.664166036477990218e+00,2.083314813262416090e-02
3.716095492554629345e+03,5.360235489560113820e+02,2.062685821632961591e+01,1.668551374662858633e+00,2.528953569334392235e-02
3.731613581961380987e+03,5.205751863279156169e+02,1.743768303762544747e+01,1.665207644098321449e+00,2.977881581493180274e-02
3.747196473550778137e+03,5.142220513892697227e+02,1.392272989895533009e+01,1.684117297417688119e+00,3.815468167959765872e-02
3.762844437931061293e+03,4.933447623162307423e+02,2.172332111843644498e+01,1.654329068897957500e+00,4.218529864977459132e-02
3.778557746840507662e+03,4.748075480947562710e+02,2.359340498237052586e+01,1.648472618397205824e+00,4.137135014025464935e-02
3.794336673152153708e+03,4.794491388122189051e+02,2.765431167231519183e+01,1.647076207636009260e+00,2.752244887241403135e-02
3.810181490878518161e+03,4.616225480668390446e+02,1.782537455458982834e+01,1.671516085292655607e+00,3.690818056309319584e-02
3.826092475176382777e+03,4.495984225285682214e+02,1.411405346201173749e+01,1.658907693253344195e+00,3.614772025526099414e-02
3.842069902351557630e+03,4.356492218155788692e+02,2.333010492324126162e+01,1.646965602541907048e+00,3.080970136441328958e-02
3.858114049863680521e+03,4.382547864200702179e+02,1.672157288651208873e+01,1.668960551733559061e+00,3.589500993358219622e-02
3.874225196331036386e+03,4.161041561381983911e+02,1.659188179336380387e+01,1.627095706749888793e+00,2.973895051140391932e-02
3.890403621535396724e+03,4.040992928514341429e+02,2.027211515222353810e+01,1.668347192618730546e+00,3.549926004969140847e-02
3.906649606426879927e+03,3.953223675977056359e+02,1.702583702522153430e+01,1.656249274003906979e+00,5.516010089674176081e-02
3.922963433128816177e+03,3.888872247484189302e+02,1.576769784663603069e+01,1.624752942170196945e+00,4.439939707145772185e-02
3.939345384942670535e+03,3.801229645957693606e+02,1.730913508522361965e+01,1.645012358225583782e+00,5.865548499633532059e-02
3.955795746352944661e+03,3.679673026657986838e+02,1.241708680931238185e+01,1.643172277097878720e+00,2.357322308694120849e-02
3.972314803032124019e+03,3.674902916324255102e+02,1.944206122421297778e+01,1.649540802787140548e+00,3.245578231928088198e-02
3.988902841845636885e+03,3.658057586537001384e+02,1.722177232840566319e+01,1.639128121599560117e+00,2.519189995227171311e-02
4.005560150856835662e+03,3.485424724712792113e+02,1.461514607267405097e+01,1.641677465550233084e+00,4.431227776767424076e-02
4.022287019332001819e+03,3.466735751789136657e+02,1.213228378105649519e+01,1.579626189238217737e+00,4.222325675974723108e-02
4.039083737745365397e+03,3.301541981232879834e+02,1.280405802673408644e+01,1.655713126288639980e+00,4.586096937787002836e-02
4.055950597784153160e+03,3.305552283423313042e+02,1.352052883647372106e+01,1.640968991097591090e+00,2.711248157475974405e-02
4.072887892353651750e+03,3.265529266375187376e+02,1.505069829113042346e+01,1.628360896762468757e+00,5.459434623759156641e-02
4.089895915582297675e+03,3.104290058750472099e+02,1.385229599936975298e+01,1.621134772283422176e+00,4.710995237523228629e-02
4.106974962826770934e+03,3.183374217777641206e+02,1.151167696039284394e+01,1.639285397669717481e+00,5.191487499054742855e-02
4.124125330677146849e+03,3.097870882203785072e+02,1.848066751928093510e+01,1.611219978011665832e+00,3.552821760268684570e-02
4.141347316962031073e+03,2.997621375225994598e+02,1.087668200553305553e+01,1.646547464038083941e+00,4.937918620328926589e-02
4.158641220753735979e+03,3.001094877529345695e+02,1.480895100329633074e+01,1.627951695224470141e+00,3.865221184273933547e-02
4.176007342373472966e+03,2.929514755051539510e+02,1.512128857365140711e+01,1.636599105820768285e+00,5.249234572962200446e-02
4.193445983396568408e+03,2.895768060497263718e+02,1.139078164346201483e+01,1.623300692106311782e+00,5.297014769884201418e-02
4.210957446657705987e+03,2.815010432680326176e+02,1.237391342380830039e+01,1.610334592002055087e+00,3.584693459901670126e-02
4.228542036256165375e+03,2.787500021908947474e+02,1.498687911363615832e+01,1.628635916003111417e+00,4.177036200921192821e-02
4.246200057561135509e+03,2.765997092629359031e+02,1.302224404665435564e+01,1.633895493210685057e+00,4.721017312287880546e-02
4.263931817216991476e+03,2.621379374772526489e+02,2.031075239104628238e+01,1.582623836764185166e+00,4.274996367343024406e-02
4.281737623148630519e+03,2.769235287832266863e+02,1.322950499530219837e+01,1.627569796583359318e+00,3.837155082161684133e-02
4.299617784566817136e+03,2.659500905000882085e+02,1.140681403127315363e+01,1.637356760126901900e+00,3.394067760138880230e-02
4.317572611973552739e+03,2.572569928703867390e+02,1.301316725128920027e+01,1.605698535279819428e+00,2.927272066899423708e-02
4.335602417167468047e+03,2.562111063870317480e+02,1.145731179988710657e+01,1.628114103053890815e+00,4.964311060412344989e-02
4.353707513249238218e+03,2.547862539455068998e+02,1.255629375167466932e+01,1.625041101818697431e+00,2.304064657917119507e-02
4.371888214627017987e+03,2.387038199064133437e+02,1.384981202710416248e+01,1.614408748237520452e+00,3.104271794755326247e-02
4.390144837021903186e+03,2.427648037949037132e+02,1.458866506332782365e+01,1.629291060693837112e+00,3.567118868350663274e-02
4.408477697473414992e+03,2.369140851126613541e+02,8.441275364721212426e+00,1.613529622443186096e+00,5.843881836026575821e-02
4.426887114345006012e+03,2.341631990051132561e+02,1.131492375359215075e+01,1.597611698413422321e+00,4.879997676047660021e-02
4.445373407329575457e+03,2.337655429965736005e+02,1.139514666876291749e+01,1.621190014577984728e+00,3.954985350141732026e-02
4.463936897455044345e+03,2.341219822719986894e+02,1.185543244123320328e+01,1.613602488210112540e+00,9.005858513713553559e-02
4.482577907089913424e+03,2.304609017405947782e+02,1.115258609208249219e+01,1.631054677819249177e+00,3.824862292826990834e-02
4.501296759948867475e+03,2.270912833847479817e+02,1.057425731333465002e+01,1.652826797323374564e+00,4.743879202578077381e-02
4.520093781098393265e+03,2.229487438241624773e+02,7.134942686274729162e+00,1.634056654655729135e+00,2.199697281002378421e-02
4.538969296962429326e+03,2.181769488519327638e+02,1.104962384240172213e+01,1.618256507307925585e+00,4.414928338210272890e-02
4.557923635328033924e+03,2.149641986477761293e+02,7.324892040256081316e+00,1.629196395669176400e+00,3.340564839177734280e-02
4.576957125351064860e+03,2.131129731934852884e+02,6.322402834565051144e+00,1.587423776921607743e+00,3.639839430309711743e-02
4.596070097561916555e+03,2.157984996417399941e+02,8.624341795810803291e+00,1.620970154439854038e+00,7.053187519977145714e-02
4.615262883871245322e+03,2.020056553737521767e+02,9.007520197912413096e+00,1.589877865967749715e+00,6.265659896646803839e-02
4.634535817575740111e+03,2.054029799505591996e+02,8.721170010611221102e+00,1.617727196455434058e+00,4.669836852556107087e-02
4.653889233363904168e+03,2.012150733216435867e+02,9.808318265584787810e+00,1.600308188610763072e+00,2.907825306344063651e-02
4.673323467321873068e+03,2.017984391955287720e+02,8.570509452423095809e+00,1.601589398225089056e+00,6.482247454124591413e-02
4.692838856939247307e+03,1.980308216308027909e+02,7.104434000866073795e+00,1.616170949557852454e+00,2.950994041828741005e-02
4.712435741114954908e+03,1.922430354172726652e+02,8.675380008890753558e+00,1.600196535572634859e+00,6.210471734568646235e-02
4.732114460163135846e+03,1.917389115235079373e+02,6.939178890697864865e+00,1.598074281217029879e+00,4.201989937574018841e-02
4.751875355819052857e+03,1.920443743909181933e+02,9.205048571080540754e+00,1.597109560917013171e+00,4.812058912318915860e-02
4.771718771245028620e+03,1.851529489274472269e+02,4.704935658903084850e+00,1.582593936344288466e+00,2.908960319968345587e-02
4.791645051036388395e+03,1.840314828122787105e+02,6.905387953692837755e+00,1.588347366713638298e+00,4.510492745285696325e-02
4.811654541227471782e+03,1.844832680317657037e+02,6.654828295984658304e+00,1.606299180444975105e+00,5.113704355319857731e-02
4.831747589297622653e+03,1.825593392124432057e+02,6.903621721970114145e+00,1.581962999367428679e+00,4.844526246892475602e-02
4.851924544177227290e+03,1.773626704038206867e+02,6.098239129819444493e+00,1.637218982054918781e+00,3.648528058225686266e-02
4.872185756253776162e+03,1.811666232471906142e+02,9.388277554751519816e+00,1.583530789318607690e+00,4.471948581232752101e-02
4.892531577377944814e+03,1.767475936997592498e+02,8.034854470263706361e+00,1.610617042337074478e+00,4.194324814079580105e-02
4.912962360869714757e+03,1.768914324898228756e+02,8.675741879565423531e+00,1.620253210761021467e+00,5.531796797553549527e-02
4.933478461524483464e+03,1.751656269594244293e+02,9.000723434267461798e+00,1.593799699659914637e+00,3.876741371530700170e-02
4.954080235619258019e+03,1.727029058888526549e+02,8.794206173013771277e+00,1.589623532579241161e+00,4.865101413721190093e-02
4.974768040918822408e+03,1.655485657308497878e+02,6.338649565489511417e+00,1.608425236859749363e+00,4.319535382425299108e-02
4.995542236681956638e+03,1.627166160608740881e+02,9.102083974870128102e+00,1.615487855293929353e+00,4.572499220204782888e-02
5.016403183667671328e+03,1.661217721093721593e+02,6.052260322612821319e+00,1.580050032142703120e+00,5.112336482438069318e-02
5.037351244141475945e+03,1.654660283088374797e+02,8.163237847071908249e+00,1.574117459246417328e+00,2.924807254972607018e-02
5.058386781881670686e+03,1.612483989688396946e+02,8.037571851669646605e+00,1.589019262332866500e+00,4.786158506094666254e-02
5.079510162185659283e+03,1.614624317031740190e+02,7.639649590161419646e+00,1.586208506720432565e+00,4.414346538541699672e-02
5.100721751876298185e+03,1.565269590849265455e+02,4.702810585024101542e+00,1.598751484193328798e+00,3.856464183186084083e-02
5.122021919308262113e+03,1.541065600561889823e+02,7.503732588187165042e+00,1.599725703798395848e+00,4.875997527382847085e-02
5.143411034374442352e+03,1.613291200760529023e+02,9.509365507429185627e+00,1.587658398649615332e+00,5.551203568981546294e-02
5.164889468512378699e+03,1.540110486654116926e+02,2.495608906947466732e+00,1.590217090840641223e+00,4.715073326938586107e-02
5.186457594710682315e+03,1.553224958111205183e+02,2.782291123811981404e+00,1.595863234243389162e+00,3.760341945536016528e-02
5.208115787515549528e+03,1.523872976227264928e+02,4.367607025497370010e+00,1.602374104896254980e+00,4.593741604069632306e-02
5.229864423037243796e+03,1.508667770956182039e+02,7.405725742134711354e+00,1.589096335005544702e+00,3.292030035479272948e-02
5.251703878956631343e+03,1.459141926550207700e+02,1.255637284766592288e+01,1.608903212313171238e+00,4.089964512698961857e-02
5.273634534531741338e+03,1.476938005984969493e+02,7.082407671372664026e+00,1.595209423844089924e+00,5.928757000335616034e-02
5.295656770604349731e+03,1.479500774026576551e+02,5.968929514078929799e+00,1.597325524421414844e+00,3.529314087373218445e-02
5.317770969606603103e+03,1.473050074314267306e+02,5.984525827488221594e+00,1.583355363317742404e+00,4.715029757254923792e-02
5.339977515567631599e+03,1.426955890463917171e+02,4.460464261246447570e+00,1.588487986000159058e+00,3.439203751499225747e-02
5.362276794120253726e+03,1.448442655120032612e+02,6.717457032114205084e+00,1.597220512813199988e+00,3.796405775590132314e-02
5.384669192507654770e+03,1.429288355624029521e+02,4.365831466979352093e+00,1.589111085603430507e+00,3.413100992505647274e-02
5.407155099590110694e+03,1.422621532346763047e+02,5.554309352951520395e+00,1.604136802708741261e+00,6.025731141835981991e-02
5.429734905851743861e+03,1.437406589906857732e+02,4.416214124183378331e+00,1.604919093394804985e+00,3.015040489610778390e-02
5.452409003407306045e+03,1.380939755817045125e+02,7.747968677243621372e+00,1.592227285719916674e+00,3.886899402948457150e-02
5.475177786008984185e+03,1.306956847374635515e+02,5.254490545875959207e+00,1.604851659897557514e+00,5.272195514776897157e-02
5.498041649053240690e+03,1.348370997077701929e+02,4.187006168218969648e+00,1.585726363139368766e+00,2.475329778720476714e-02
5.521000989587678305e+03,1.337091686615439414e+02,3.641850346810169281e+00,1.587355004479190423e+00,2.657473921684243637e-02
5.544056206317937722e+03,1.361202663183087793e+02,5.491753931711354397e+00,1.607332966419202425e+00,4.315162657501184218e-02
5.567207699614622470e+03,1.335825121989758486e+02,4.158835628471044821e+00,1.571229606961166425e+00,2.775523691957370101e-02
5.590455871520233813e+03,1.302130896399208950e+02,5.075665819896369335e+00,1.579556797860071971e+00,5.746615391068823908e-02
5.613801125756182046e+03,1.324695594692166765e+02,3.373554724355282808e+00,1.601262364164369290e+00,3.209965468914659226e-02
5.637243867729779595e+03,1.268463199997376734e+02,6.487195754171316331e+00,1.600344577548498348e+00,3.014608948238111166e-02
5.660784504541283241e+03,1.261560562538508918e+02,2.989270414404213927e+00,1.603115607610710258e+00,3.437770907316612529e-02
5.684423444990963617e+03,1.282626216794338632e+02,4.053261208156989426e+00,1.599111127759222928e+00,3.114554876748775944e-02
5.708161099586207456e+03,1.240098191480288250e+02,3.321048597163216431e+00,1.588004773338949960e+00,3.096941384068361072e-02
5.731997880548649846e+03,1.243942079738678359e+02,4.440589790655492308e+00,1.599749639335627416e+00,3.454826563959646768e-02
5.755934201821308307e+03,1.262617140110553464e+02,5.191988101216186813e+00,1.579115896795656893e+00,3.774614185100904490e-02
5.779970479075808726e+03,1.219265742256744289e+02,3.153248052530930323e+00,1.589377510412571581e+00,4.790237762465585081e-02
5.804107129719579461e+03,1.229771248589665475e+02,4.267971547286991907e+00,1.591832838866652278e+00,5.345032354048039752e-02
5.828344572903106382e+03,1.198976985340442525e+02,2.517541766010113147e+00,1.605354848546420188e+00,3.131298895054730747e-02
5.852683229527209733e+03,1.201757433298286060e+02,3.993505730024415001e+00,1.607629699443920313e+00,3.443007579744951363e-02
5.877123522250356473e+03,1.200541133167721739e+02,3.655116324179447318e+00,1.588067226065274395e+00,2.597760100262533345e-02
5.901665875495996261e+03,1.206264820626696093e+02,2.864950810805818815e+00,1.579905465523141039e+00,4.331464020471964549e-02
5.926310715459934727e+03,1.182102626346830192e+02,2.244317200494200026e+00,1.591117086479298504e+00,2.602628727455938429e-02
5.951058470117734032e+03,1.184186781439896379e+02,4.488144311247962648e+00,1.595844249624099209e+00,2.612874308073099075e-02
5.975909569232146168e+03,1.137356358935352745e+02,3.318790301639397367e+00,1.582164939950789773e+00,3.372775413762230112e-02
6.000864444360571724e+03,1.140456592588787288e+02,2.502344977004769433e+00,1.603035321317728634e+00,3.838136505987032460e-02
6.025923528862565945e+03,1.148750300322666078e+02,4.519166047046109469e+00,1.602776431750653874e+00,3.004618297524986464e-02
6.051087257907336607e+03,1.151462479769988505e+02,3.513941957799262550e+00,1.603363600888352947e+00,2.828360695222989149e-02
6.076356068481337388e+03,1.128058457431296802e+02,4.091120775678815491e+00,1.611777885394801713e+00,3.783582037348218879e-02
6.101730399395834866e+03,1.118061760767625401e+02,3.309280721248630375e+00,1.604338971388462154e+00,2.073643865024021524e-02
6.127210691294530079e+03,1.090270289424455967e+02,1.969609608254167865e+00,1.586108591844397564e+00,2.865570445887431067e-02
6.152797386661217388e+03,1.109367962607687161e+02,3.422198145663783109e+00,1.603734999683516849e+00,2.222854118527388401e-02
6.178490929827460604e+03,1.090115164121246778e+02,2.842987725895776308e+00,1.582791051823294826e+00,2.228854457074738379e-02
6.204291766980323700e+03,1.069213397634039211e+02,2.481339807189750335e+00,1.587224506409075531e+00,3.854833745237737364e-02
6.230200346170086959e+03,1.074113802491063723e+02,2.520109532392818874e+00,1.606110432217160433e+00,2.489689669774257028e-02
6.256217117318069540e+03,1.078634682987278950e+02,3.402787422379109028e+00,1.590966802019329496e+00,3.163573937758593080e-02
6.282342532224415663e+03,1.039195806295275588e+02,2.531689124305502858e+00,1.594327362891005739e+00,2.628891011669961045e-02
6.308577044575948094e+03,1.030791026402633577e+02,2.947881574321680631e+00,1.589535860259948530e+00,3.038167183543497366e-02
6.334921109954044368e+03,1.058962361012832787e+02,1.953889004957465092e+00,1.584403979753966407e+00,3.287743665278487076e-02
6.361375185842553037e+03,1.044469403297683527e+02,2.584648703643756207e+00,1.600996023661276357e+00,4.443777951959454464e-02
6.387939731635732642e+03,1.051016137656131093e+02,3.509173625908065475e+00,1.574975787374701452e+00,2.809240507061668349e-02
6.414615208646233441e+03,1.018706399711245041e+02,3.063010257174541451e+00,1.611250921192607155e+00,2.833603211552210982e-02
6.441402080113104603e+03,1.028560336098040153e+02,1.861531526115492552e+00,1.588569638085386204e+00,3.947761165020319957e-02
6.468300811209844142e+03,9.983985927246627057e+01,3.543177745029299164e+00,1.579900814961190392e+00,1.943121123054821625e-02
6.495311869052477050e+03,9.951345065183069494e+01,2.167777642260318327e+00,1.594300636475359578e+00,2.195548274967972988e-02
6.522435722707647983e+03,1.003166202825824485e+02,3.462544593129524451e+00,1.580392697975801841e+00,4.229815992577926759e-02
6.549672843200800344e+03,9.591524072527330702e+01,2.337372420964781039e+00,1.594443211961185991e+00,3.753363621110195059e-02
6.577023703524330813e+03,9.955548793166994415e+01,4.196131934362051119e+00,1.584525606221935945e+00,2.655613387473081469e-02
6.604488778645812999e+03,9.838288686945357142e+01,2.803723905039761988e+00,1.574773734917958690e+00,2.416947305830338330e-02
6.632068545516243830e+03,9.708048309039348567e+01,2.802671513718062446e+00,1.571700195142884393e+00,3.302376657053367193e-02
6.659763483078323588e+03,9.601768532556414470e+01,2.236695307132710031e+00,1.603164919958355528e+00,2.401142870580970021e-02
6.687574072274783248e+03,9.345561081403073445e+01,3.652159147271916151e+00,1.602022118900745085e+00,3.366476514042836266e-02
6.715500796056709987e+03,9.467248378154995692e+01,3.889246066944174629e+00,1.610753441152236620e+00,3.801212270347790328e-02
6.743544139391969111e+03,9.388227358593411509e+01,3.697035654529453819e+00,1.577870804535712823e+00,2.194493017370742136e-02
6.771704589273605961e+03,9.483303531953757215e+01,2.866420241191373286e+00,1.585239675801072945e+00,2.927083874330773869e-02
6.799982634728304220e+03,9.411770924600763522e+01,3.452897599322919397e+00,1.582737652055415944e+00,2.052731600095807421e-02
6.828378766824880586e+03,9.403414486322803612e+01,4.131914004061559176e+00,1.582563286182087747e+00,3.632076441011656415e-02
6.856893478682811292e+03,9.499534885895420189e+01,2.357203915296555596e+00,1.578018632062449189e+00,2.470646031368850873e-02
6.885527265480799542e+03,9.053214795136976534e+01,2.038003510853771072e+00,1.571601631195021609e+00,3.090790366380943843e-02
6.914280624465366600e+03,9.176760233148151258e+01,2.559496387964244057e+00,1.579081731519458964e+00,3.875220689846869959e-02
6.943154054959496534e+03,9.175631114145760137e+01,3.306744329844859553e+00,1.585746837434404366e+00,2.891204558131232893e-02
6.972148058371299157e+03,8.794550023881879497e+01,3.380361145842345483e+00,1.575572164898523697e+00,2.742500776695321052e-02
7.001263138202721166e+03,8.948961919049354208e+01,2.315076701964614792e+00,1.577992464637551162e+00,3.418802503267034248e-02
7.030499800058297296e+03,8.834121962678462125e+01,3.606010539087163291e+00,1.584100997472587480e+00,4.184705161078652175e-02
7.059858551653901486e+03,8.680132509106582006e+01,3.379925320075378270e+00,1.599252812595626683e+00,3.429200771608636317e-02
7.089339902825604440e+03,8.613919005400944684e+01,3.284856570603741588e+00,1.588036650247641290e+00,2.421362965909948026e-02
7.118944365538501188e+03,8.548189518813890686e+01,2.141066201532553226e+00,1.573100993373803602e+00,3.886319418232939138e-02
7.148672453895610488e+03,8.606636974250621108e+01,1.475892031192590270e+00,1.584410288835722769e+00,5.803555100282365570e-02
7.178524684146796062e+03,8.662448602027070876e+01,3.568254443096011475e+00,1.588195505372095084e+00,4.459106920692224724e-02
7.208501574697746946e+03,8.499507210719069406e+01,3.198146224663699133e+00,1.580141533057943137e+00,3.924582702747329149e-02
7.238603646118944198e+03,8.300318931979242620e+01,3.286813775259671999e+00,1.575976041477635592e+00,3.189347133123378308e-02
7.268831421154749478e+03,8.472522649569607722e+01,2.346815641988692303e+00,1.559045471903887981e+00,3.405344926845083747e-02
7.299185424732451793e+03,8.311515885173493245e+01,2.681565243585322111e+00,1.581836749677603793e+00,2.956578359793629249e-02
7.329666183971388818e+03,8.075985059986166448e+01,2.520538331721153824e+00,1.571082531934071991e+00,3.489751739619761928e-02
7.360274228192103692e+03,8.203902177746030588e+01,1.951819527725729975e+00,1.568120929400950825e+00,2.380424908056703870e-02
7.391010088925536365e+03,8.079716781247968527e+01,2.423770515467198461e+00,1.567567334369884602e+00,4.448956971771764884e-02
7.421874299922252249e+03,8.136853676343601194e+01,2.925590986377879510e+00,1.562852311470206201e+00,4.126738721278707528e-02
7.452867397161712688e+03,8.031433894707910781e+01,3.156661155215558789e+00,1.578583840835289909e+00,4.715060967964608551e-02
7.483989918861581828e+03,8.118766115817533091e+01,3.777804919167747411e+00,1.588813413611990466e+00,3.293832519323136587e-02
7.515242405487076212e+03,7.936867240865080930e+01,3.248752238103640000e+00,1.590234985559996428e+00,3.821044773617133378e-02
7.546625399760344408e+03,7.859420338474357948e+01,1.844938809011909653e+00,1.572744580886104693e+00,3.076787480445610304e-02
7.578139446669904828e+03,7.914134767293839445e+01,4.830862975074250443e+00,1.566446804991553865e+00,5.179188684061313691e-02
7.609785093480076284e+03,7.854276842423109883e+01,3.103635557923759336e+00,1.573939210401176236e+00,3.380315669565506220e-02
7.641562889740529499e+03,7.964176311522017215e+01,2.760944911925943490e+00,1.570853223862905157e+00,4.078915009148959686e-02
7.673473387295798602e+03,7.675836833977980689e+01,1.473360948201669851e+00,1.581542291219209861e+00,4.371541117882342398e-02
7.705517140294870842e+03,7.514907760871824394e+01,3.891934716527085225e+00,1.603047917550779911e+00,5.158035221425154304e-02
7.737694705200811768e+03,7.844603010844009816e+01,3.160094479302087755e+00,1.585278823010629612e+00,3.018265633411208390e-02
7.770006640800429523e+03,7.750209275780423468e+01,2.853821823905155153e+00,1.570325629527922429e+00,3.625365377723637622e-02
7.802453508213983696e+03,7.559002237698595650e+01,2.225410788691936315e+00,1.599825420159437073e+00,1.961000609958122448e-02
7.835035870904897820e+03,7.605997157896560168e+01,3.454817662661062272e+00,1.584862361109548035e+00,5.250563884365391787e-02
7.867754294689596463e+03,7.610624560836632213e+01,1.975700751561557889e+00,1.590526263798290207e+00,4.788452484906172146e-02
7.900609347747292304e+03,7.491932800746364762e+01,4.158718183864649198e+00,1.574256273360591596e+00,6.019471823366537300e-02
7.933601600629867789e+03,7.363188249668209551e+01,2.888356601800368129e+00,1.591526979072108272e+00,3.611251544600472402e-02
7.966731626271777714e+03,7.319398400431296636e+01,2.250825965561509268e+00,1.582551592457868805e+00,4.513000472234592053e-02
8.000000000000003638e+03,7.183402880617245501e+01,3.635922008367421299e+00,1.601989426625248569e+00,4.700734783446840204e-02
