# #Freq[Hz], #Gain_mean[a.u.], #Gain_std[a.u.], #Phase_mean[rad], #Phase_std[rad]
3.000000000000001091e+04,2.629685206503291539e+01,1.038921495301251108e+00,-1.533470983277937849e+00,5.299207427054283825e-02
3.007247052676972453e+04,2.630204441374203128e+01,1.815240150064844071e+00,-1.556687450191308830e+00,8.329893078821425101e-02
3.014511611944778269e+04,2.643863576405208704e+01,1.236292844835486626e+00,-1.572824858663632641e+00,7.902280011771085910e-02
3.021793720093813317e+04,2.619314889960670101e+01,1.829571251514137575e+00,-1.574730482028667833e+00,5.414521304296351228e-02
3.029093419516633730e+04,2.645676686581729697e+01,1.242504590504162731e+00,-1.590073194490414732e+00,3.301402473341343707e-02
3.036410752708201835e+04,2.679033859934405015e+01,1.369895040196778879e+00,-1.544076283480942280e+00,4.814070126042446773e-02
3.043745762266128440e+04,2.644550505975181665e+01,1.730266839700919990e+00,-1.584256666920033085e+00,4.906924138204757369e-02
3.051098490890945686e+04,2.681633170362547247e+01,1.911118895352625469e+00,-1.515506832928740888e+00,9.186966199056049998e-02
3.058468981386316955e+04,2.714464943308754030e+01,1.136100995106194000e+00,-1.605459346102908524e+00,7.964793968640872246e-02
3.065857276659313720e+04,2.707036785162779324e+01,7.009678102010652445e-01,-1.561779113585041179e+00,6.403938435763398274e-02
3.073263419720655656e+04,2.645685006516201909e+01,1.199246935110226175e+00,-1.570884692441698594e+00,5.265610779327342672e-02
3.080687453684963839e+04,2.681318787654611313e+01,1.636798935828903012e+00,-1.599764671299029661e+00,5.881729381219995972e-02
3.088129421771010311e+04,2.734401028168932868e+01,2.137520555647920428e+00,-1.634495363923052391e+00,7.112242992562034516e-02
3.095589367301970196e+04,2.748692396543349759e+01,1.517493995469678225e+00,-1.533365147710221699e+00,7.237828143794239333e-02
3.103067333705673445e+04,2.714635703747744699e+01,1.261537428531822824e+00,-1.540522829953286266e+00,4.968303397645260772e-02
3.110563364514858404e+04,2.717625304384757712e+01,1.801294737251055267e+00,-1.585571005203796568e+00,6.820222840486085680e-02
3.118077503367423924e+04,2.700468912815073708e+01,1.453537142881286881e+00,-1.572469209291092351e+00,4.902451622668112241e-02
3.125609794006678567e+04,2.797826635619548341e+01,2.929569587812629994e+00,-1.585527744006181461e+00,8.385206549568291479e-02
3.133160280281619634e+04,2.747637623048707312e+01,1.160347108734022914e+00,-1.664049379372429360e+00,6.278185262934704580e-02
3.140729006147151449e+04,2.766902657894138429e+01,1.189358228601783862e+00,-1.553422272864963372e+00,7.209888943513295678e-02
3.148316015664365113e+04,2.836514850951801847e+01,1.908527331017213058e+00,-1.523870229999216175e+00,3.333269610203866418e-02
3.155921353000789168e+04,2.862107968070496966e+01,1.502635478174504602e+00,-1.565478727132163739e+00,8.929798753186787841e-02
3.163545062430647522e+04,2.860756745403277890e+01,1.665939273127404530e+00,-1.559270483778635086e+00,7.275388130438877055e-02
3.171187188335116662e+04,2.944969770850934765e+01,1.188224500032804665e+00,-1.596305732408583422e+00,9.875346854740472968e-02
3.178847775202583944e+04,2.788905530149943246e+01,1.437612001329040545e+00,-1.588934702279351852e+00,6.970772294792677848e-02
3.186526867628905893e+04,2.905177914633888037e+01,1.450499546539040896e+00,-1.541949364193972327e+00,1.128965599263714037e-01
3.194224510317669774e+04,2.806790241351373538e+01,2.075993373971764200e+00,-1.575953587607918926e+00,8.688127764008396481e-02
3.201940748080451522e+04,2.887313125307870365e+01,1.571656813027046518e+00,-1.559041756966637049e+00,1.122246409842211357e-01
3.209675625837078405e+04,2.772359438159291400e+01,1.922655101691768786e+00,-1.513148307433091810e+00,1.078787764700453039e-01
3.217429188615882595e+04,2.906544153295995514e+01,3.450820409232526753e+00,-1.517251689372612233e+00,4.655803391997946628e-02
3.225201481553990743e+04,2.927676875639657439e+01,1.025321360522956304e+00,-1.537179532198904353e+00,9.723502826100967333e-02
3.232992549897546633e+04,2.818816767490138275e+01,2.842250749925232522e+00,-1.582359658136135216e+00,1.081627434427433060e-01
3.240802439002001120e+04,2.908536660054034684e+01,1.811421388862354931e+00,-1.589124579569622497e+00,9.617770896670971292e-02
3.248631194332369341e+04,3.028400311672975675e+01,2.431162366459532542e+00,-1.563672317462638572e+00,1.063682754792535795e-01
3.256478861463495559e+04,2.927424368664290455e+01,2.079319941934905991e+00,-1.537660001465949833e+00,1.128284900193715495e-01
3.264345486080319097e+04,3.047213334887183578e+01,2.411876626411084690e+00,-1.528560037323522192e+00,9.524223043886496931e-02
3.272231113978138092e+04,3.099656348683406648e+01,2.695509916522989435e+00,-1.517098133918639347e+00,7.203956608113204485e-02
3.280135791062879434e+04,3.052896303808427092e+01,2.512905418335453778e+00,-1.542405178420124257e+00,9.059429456633238953e-02
3.288059563351363613e+04,3.181072385456455009e+01,2.344194225208479754e+00,-1.552318396913074716e+00,1.079838170132919051e-01
3.296002476971572469e+04,3.179764857201993777e+01,2.921235988351364110e+00,-1.546101311645625032e+00,1.216858599027802468e-01
3.303964578162912949e+04,3.044985636219809066e+01,2.872309876324023570e+00,-1.536143204980147559e+00,1.096852155041754956e-01
3.311945913276510692e+04,3.031480937206979576e+01,1.396049729488802127e+00,-1.572210967862281761e+00,1.123217697611774979e-01
3.319946528775442857e+04,2.954873549701808244e+01,3.259416469650556980e+00,-1.564148002303122897e+00,1.112061016670186364e-01
3.327966471235030622e+04,3.114819555388283590e+01,3.314210877299256897e+00,-1.516770952396450323e+00,1.220013341907028592e-01
3.336005787343108386e+04,3.287423527187750238e+01,3.549502374650257419e+00,-1.623351365589073891e+00,1.237166067202317976e-01
3.344064523900294444e+04,3.005272149107065616e+01,2.439638578674219627e+00,-1.559578467197207718e+00,1.016874524844723349e-01
3.352142727820260188e+04,3.017912419264957435e+01,3.688479716876360559e+00,-1.517674720122703658e+00,1.224476443713008594e-01
3.360240446130006603e+04,3.166277563344973345e+01,2.006991268237417803e+00,-1.579937537107193091e+00,1.150481836233514521e-01
3.368357725970137835e+04,3.150345720369008973e+01,1.902658239681268348e+00,-1.626236807444311427e+00,1.415753038111499107e-01
3.376494614595134044e+04,3.204765968029169443e+01,2.890782869424588064e+00,-1.588951136141757647e+00,8.905294781614207789e-02
3.384651159373627888e+04,3.385650588940043093e+01,3.994892860709262195e+00,-1.537703133905526043e+00,1.227861776059224197e-01
3.392827407788678829e+04,3.051746808134578259e+01,2.525561136189377720e+00,-1.564171743945038218e+00,9.021054371174001829e-02
3.401023407438044524e+04,3.247418519415428761e+01,1.888086155310880754e+00,-1.548349355876798894e+00,1.567219458385260555e-01
3.409239206034482777e+04,3.029258409578648070e+01,2.896388698558757024e+00,-1.626633651115956480e+00,1.667905161965796967e-01
3.417474851405992376e+04,3.100605625077916372e+01,2.548753850620807171e+00,-1.573661855996522974e+00,1.023507386477972847e-01
3.425730391496113589e+04,3.156960372741480114e+01,3.245766107452311644e+00,-1.614405444078619301e+00,1.652813534249726324e-01
3.434005874364204647e+04,3.397632328732934326e+01,3.046087733697038669e+00,-1.576066178519006433e+00,9.627230973006062342e-02
3.442301348185720417e+04,3.384988490654965432e+01,2.691136222518156984e+00,-1.584810137641478933e+00,1.171606393843213495e-01
3.450616861252491071e+04,3.417128139408841037e+01,3.179545660889793623e+00,-1.549257428913088486e+00,9.917861169904690355e-02
3.458952461973005120e+04,3.305105517365917223e+01,2.408147610698204932e+00,-1.592177987670577943e+00,7.663427167894763803e-02
3.467308198872690991e+04,3.260780110881256633e+01,3.801349921524723285e+00,-1.568332933216360692e+00,7.281281463693300982e-02
3.475684120594199339e+04,3.394853731400785080e+01,3.347399150946941848e+00,-1.604829168886173552e+00,8.120602924493444674e-02
3.484080275897686079e+04,3.504893264946937137e+01,2.482029608369678009e+00,-1.595180749122889097e+00,1.190351827777614974e-01
3.492496713661088143e+04,3.468428826514192309e+01,2.667801180481041978e+00,-1.588964193599355257e+00,1.386009430341128557e-01
3.500933482880438532e+04,3.345789539031068927e+01,2.729581591180635147e+00,-1.568391154584860780e+00,1.341104871898092243e-01
3.509390632670107152e+04,3.426265324807975787e+01,2.682839601277051678e+00,-1.527847924022730508e+00,1.165288744588233172e-01
3.517868212263117312e+04,3.610104393898602382e+01,3.397208868901866907e+00,-1.579403852391953356e+00,8.753012388417329148e-02
3.526366271011422214e+04,3.396632949709908189e+01,2.011089955351775593e+00,-1.605930506905699051e+00,1.074894655405012889e-01
3.534884858386193810e+04,3.447571855620020642e+01,2.223732316635828710e+00,-1.583098515377304505e+00,9.451232864006782475e-02
3.543424023978111654e+04,3.504581079837232238e+01,3.252151507958913168e+00,-1.574549621323156234e+00,1.015454752136761146e-01
3.551983817497650307e+04,3.398868231572159715e+01,2.509292456761559098e+00,-1.572966893289430512e+00,7.167197735921684854e-02
3.560564288775368186e+04,3.339697888342260512e+01,2.212043065701480238e+00,-1.567909794716529470e+00,9.452769623238924113e-02
3.569165487762200792e+04,3.486172035351711429e+01,3.689849278740868321e+00,-1.574770515843423313e+00,9.552991151458642416e-02
3.577787464529748104e+04,3.504049505651777707e+01,3.469636294853992275e+00,-1.630697636902168401e+00,1.190470117099277497e-01
3.586430269270559074e+04,3.751236252411819549e+01,2.799477993164036338e+00,-1.600341131692644581e+00,8.449495466059980808e-02
3.595093952298455406e+04,3.685768794190473585e+01,1.998357914334174978e+00,-1.613729708047613176e+00,1.263658682514423870e-01
3.603778564048778208e+04,3.675303911500824938e+01,1.864586876211299593e+00,-1.565999563228789082e+00,8.454575251504838074e-02
3.612484155078711774e+04,3.532452869970262554e+01,3.068609072259810500e+00,-1.617215407818450412e+00,5.246380758260085070e-02
3.621210776067571715e+04,3.551763238847568971e+01,2.544400252056584932e+00,-1.515802740890904277e+00,1.039465717288203944e-01
3.629958477817097446e+04,3.540582560064319750e+01,2.194224552269062656e+00,-1.639946022879516407e+00,8.565088710468754529e-02
3.638727311251751235e+04,3.661678448389656637e+01,3.414700122192030118e+00,-1.581130329908538412e+00,8.303442404977308400e-02
3.647517327419009234e+04,3.674041968495728838e+01,2.433459448474728948e+00,-1.589427266550478279e+00,6.869268027252389830e-02
3.656328577489666350e+04,3.739876214675145860e+01,2.668488547710866854e+00,-1.569090020052096079e+00,6.268169468241374664e-02
3.665161112758128002e+04,3.772674739890446460e+01,2.004214049026814326e+00,-1.562288490445129074e+00,8.313939061912821449e-02
3.674014984642709169e+04,3.887870803031404421e+01,2.303366668647724325e+00,-1.563701792293418880e+00,5.352719384991644347e-02
3.682890244685938524e+04,3.733244746373496525e+01,2.240320710683584515e+00,-1.543979588107149636e+00,5.292534568553934615e-02
3.691786944554845832e+04,3.822974299781466101e+01,1.858157910832214599e+00,-1.551544686708189236e+00,9.672438665223188903e-02
3.700705136041293736e+04,3.860544143268832329e+01,4.561895245352761918e+00,-1.578988190473868070e+00,7.132095492903797740e-02
3.709644871062236780e+04,4.009360445176871224e+01,2.562975792101397587e+00,-1.605267392566948503e+00,7.160934309487307359e-02
3.718606201660051738e+04,3.919619852202087884e+01,1.808993982812767687e+00,-1.592239685467357502e+00,9.414240302313875430e-02
3.727589180002833018e+04,3.965174458758174580e+01,3.037248877354552956e+00,-1.581566998157203141e+00,9.090533812069968855e-02
3.736593858384696068e+04,4.035931863180989865e+01,2.666566443244459350e+00,-1.547522354581099879e+00,1.125776665560124512e-01
3.745620289226082969e+04,3.884306739127488584e+01,1.692335998427930255e+00,-1.560133830696971424e+00,9.208240918505201933e-02
3.754668525074067293e+04,4.025335903317127872e+01,2.751798663691207736e+00,-1.547581688212621875e+00,5.717021610037307383e-02
3.763738618602660426e+04,4.059976058576150848e+01,2.523766900292943482e+00,-1.557532875303103692e+00,4.521006020746743542e-02
3.772830622613115702e+04,3.979718109279982485e+01,2.539651666031862209e+00,-1.624959958749340405e+00,6.272591816317328595e-02
3.781944590034238354e+04,4.133805783647427035e+01,2.490635259929556256e+00,-1.565518216107284477e+00,6.054552016420071403e-02
3.791080573922685289e+04,4.069879289141873357e+01,2.649034068090694305e+00,-1.556846563532618521e+00,8.035412623153814771e-02
3.800238627463305602e+04,4.256589043185262966e+01,2.099338828673324109e+00,-1.585234940264806713e+00,8.555283774319311085e-02
3.809418803969401779e+04,4.067219293673159797e+01,2.302676902769774436e+00,-1.600137419802721395e+00,7.810562801728239413e-02
3.818621156883071671e+04,4.218192809833058732e+01,2.275276361619166021e+00,-1.553109177824740783e+00,4.585908982287568991e-02
3.827845739775514812e+04,4.190333377697143646e+01,3.261053845060180034e+00,-1.598890796351811305e+00,7.099954413056640268e-02
3.837092606347339461e+04,4.176054592769327201e+01,2.830871471787932414e+00,-1.528921996131691996e+00,6.063080360932595475e-02
3.846361810428878380e+04,4.087098683293625356e+01,1.376595718763105713e+00,-1.571358296495965812e+00,5.129463988997499252e-02
3.855653405980500975e+04,4.133119511537127977e+01,1.567215300282844170e+00,-1.582869450213765017e+00,5.892041836628003626e-02
3.864967447092929797e+04,4.216688078732222777e+01,2.499030028451753704e+00,-1.563513524565494972e+00,8.789158884398923233e-02
3.874303987987550499e+04,4.381364582168400545e+01,3.382459777667012890e+00,-1.581981441753540718e+00,7.066681699843142817e-02
3.883663083016731980e+04,4.216153632122878037e+01,2.506914252426387435e+00,-1.587700051753706765e+00,9.372334556101566405e-02
3.893044786664134881e+04,4.469959922069705982e+01,1.688849570716372650e+00,-1.583630542956833809e+00,5.302820985860680347e-02
3.902449153545055742e+04,4.355312223612904177e+01,1.168235835380194487e+00,-1.609054657517427600e+00,6.066388220411121635e-02
3.911876238406703487e+04,4.479090482236957627e+01,3.168786787438523600e+00,-1.569984321584683373e+00,5.831486984363510456e-02
3.921326096128545760e+04,4.372973099056999047e+01,1.775785739675237007e+00,-1.566126552655872306e+00,4.816090077273479236e-02
3.930798781722621061e+04,4.437701966276958387e+01,2.829096495220045249e+00,-1.575632665136590393e+00,5.475736665335276254e-02
3.940294350333861075e+04,4.470574624815802878e+01,1.655701743232293577e+00,-1.582621216736993741e+00,6.065546988946981383e-02
3.949812857240407902e+04,4.454746874159506831e+01,2.705762748379572091e+00,-1.600842538397772241e+00,7.553243014216143303e-02
3.959354357853941474e+04,4.566374804494326156e+01,2.268218191286527574e+00,-1.618023370920005588e+00,7.669684851208351251e-02
3.968918907719996059e+04,4.525879249216207967e+01,2.406309752918033507e+00,-1.576156407615797672e+00,4.423087450324389436e-02
3.978506562518287683e+04,4.645546877625973536e+01,2.356578351032711183e+00,-1.589245072485258259e+00,6.936704591228001759e-02
3.988117378063036449e+04,4.629839740763502220e+01,3.154215219180202645e+00,-1.577008362857490242e+00,4.513260575189450424e-02
3.997751410303292505e+04,4.570269523913975718e+01,2.877792603258155335e+00,-1.582495225208133682e+00,3.485798158147739717e-02
4.007408715323252545e+04,4.670621780869795003e+01,2.967774908159063418e+00,-1.587207696572294990e+00,7.721358351655312202e-02
4.017089349342619244e+04,4.802677411439434252e+01,2.705530589333656089e+00,-1.560989959680992190e+00,5.050561544966763322e-02
4.026793368716881378e+04,4.747452179894522573e+01,1.813168583198578210e+00,-1.600711139123375704e+00,8.362811668794564723e-02
4.036520829937671806e+04,4.681477485590985310e+01,3.051526578217623964e+00,-1.553232237948227956e+00,5.160293640055455683e-02
4.046271789633088338e+04,4.906817015671074245e+01,3.378651583779622936e+00,-1.587360740309059270e+00,6.756087332747866270e-02
4.056046304568026972e+04,4.777320485827942065e+01,2.197100019131897675e+00,-1.627547062379215870e+00,4.712354853054537274e-02
4.065844431644506403e+04,4.872961653788502190e+01,2.129252431044828864e+00,-1.607840374868754196e+00,6.000627993869266097e-02
4.075666227902005630e+04,5.020733179984669903e+01,2.459913917036995468e+00,-1.573479408846736094e+00,6.795385708303602890e-02
4.085511750517792098e+04,4.826294949695971326e+01,3.699367170045286368e+00,-1.586956013610538729e+00,6.446905636924588068e-02
4.095381056807254936e+04,5.009492573480184063e+01,4.155957323268035353e+00,-1.595657581820135507e+00,7.178025920379142721e-02
4.105274204224238929e+04,5.002082743286838706e+01,2.724496154511948820e+00,-1.605442398349213651e+00,8.319560907955185491e-02
4.115191250361372659e+04,5.046733099570830916e+01,2.827349179792241873e+00,-1.601825861742685930e+00,6.747266727295821165e-02
4.125132252950432303e+04,5.117649660088125074e+01,2.919584607143958177e+00,-1.585045698642461476e+00,4.538174108380688826e-02
4.135097269862634130e+04,5.125092090194961258e+01,2.640637625242738817e+00,-1.577723704822722173e+00,5.032728326299859556e-02
4.145086359108999750e+04,5.156234481640249356e+01,3.301642928800272436e+00,-1.615862889646053846e+00,4.830556063822456087e-02
4.155099578840685717e+04,5.279620793582637361e+01,2.170967106173392391e+00,-1.599832311196843992e+00,6.050728717218122055e-02
4.165136987349325500e+04,5.306784579960047665e+01,1.904726409073575377e+00,-1.600203104853423541e+00,7.331879982421783681e-02
4.175198643067366356e+04,5.461836467581169785e+01,3.840230795506840877e+00,-1.590172246420747948e+00,7.563713525260520876e-02
4.185284604568409122e+04,5.267311384590306034e+01,3.177910276365828679e+00,-1.553858097105187852e+00,7.034035604815733200e-02
4.195394930567550909e+04,5.412097683281551497e+01,4.288769559338736492e+00,-1.571887173071561783e+00,6.859410949314687089e-02
4.205529679921724892e+04,5.363232184469061536e+01,3.048855667599942088e+00,-1.607404161351947636e+00,7.714848061740310625e-02
4.215688911630044458e+04,5.522594515654509451e+01,4.307298376782673799e+00,-1.568119451876029968e+00,6.923405857271204555e-02
4.225872684834146639e+04,5.333494197426714578e+01,2.998666913383120303e+00,-1.558967664484056215e+00,6.821609165639912209e-02
4.236081058818527526e+04,5.522291009897419656e+01,2.254389748817536621e+00,-1.550778401117690608e+00,9.586922922605300990e-02
4.246314093010919896e+04,5.406165346446410069e+01,3.943877809177672056e+00,-1.585763261937224833e+00,4.480301479115372104e-02
4.256571846982592251e+04,5.544935076673682772e+01,3.675716195221810700e+00,-1.629736531597609783e+00,8.281820813571717788e-02
4.266854380448724260e+04,5.624320848783933258e+01,6.180220107778188421e+00,-1.574633206412331399e+00,6.388131859265962220e-02
4.277161753268750181e+04,5.675853732162683229e+01,3.402234013517634548e+00,-1.597790619184290772e+00,8.970451557548309029e-02
4.287494025446705200e+04,5.788116184462870706e+01,4.189609780360647129e+00,-1.591039330930940299e+00,1.221243044813823397e-01
4.297851257131576131e+04,5.561047307806664008e+01,3.754126232026213206e+00,-1.583685147086014045e+00,7.873747225400802574e-02
4.308233508617649932e+04,5.898136568567359461e+01,4.925074074633524646e+00,-1.559992467318965348e+00,8.760387634628556686e-02
4.318640840344864409e+04,5.736087836811469742e+01,5.238373402563980541e+00,-1.583502272000065103e+00,8.819517084290789954e-02
4.329073312899164739e+04,5.855804541550721609e+01,3.315764897154160895e+00,-1.612121871634721426e+00,1.174684033954895290e-01
4.339530987012839614e+04,5.831077929215376798e+01,3.239498934023196774e+00,-1.552827658926785537e+00,8.794619243206021342e-02
4.350013923564916331e+04,6.181381608652360171e+01,6.013371555306197713e+00,-1.629419806758506839e+00,9.160425439338890086e-02
4.360522183581461286e+04,5.979838790751887245e+01,5.463087351091703070e+00,-1.604754805099772641e+00,8.715897345089707038e-02
4.371055828235967056e+04,6.086588155540567868e+01,6.035550728020769640e+00,-1.589807332788249816e+00,8.449744095192598947e-02
4.381614918849703099e+04,6.066078291249144883e+01,3.290365070025402350e+00,-1.571515741938497079e+00,6.644750595955707662e-02
4.392199516892072279e+04,6.159658431533763689e+01,6.761240111792865548e+00,-1.609277717825422727e+00,6.674813526453064749e-02
4.402809683980967384e+04,6.356162356061756924e+01,4.153693061035562906e+00,-1.580396149516352988e+00,1.405690363863101866e-01
4.413445481883130560e+04,6.269736531608079133e+01,6.743976963998092877e+00,-1.567837238536459843e+00,1.217493070539077543e-01
4.424106972514513473e+04,6.404854395726223970e+01,5.602971604981214604e+00,-1.600039416293096650e+00,1.142921984526262258e-01
4.434794217940636008e+04,6.718958445423899661e+01,6.745909752073592891e+00,-1.560416825062890478e+00,1.130633466727161557e-01
4.445507280376950803e+04,6.244830319646880668e+01,4.631617588809302966e+00,-1.657512057602052336e+00,1.486332847970074367e-01
4.456246222189201217e+04,6.498069351931400206e+01,5.430994150006417165e+00,-1.607133314773210087e+00,1.015601900875339053e-01
4.467011105893778586e+04,6.178321438816842459e+01,4.382813349508785095e+00,-1.605892332433441982e+00,1.081434787184751833e-01
4.477801994158121670e+04,6.702100308436197906e+01,4.235953081372056062e+00,-1.593737904943606454e+00,1.291883022255323477e-01
4.488618949801025155e+04,6.412966754212307308e+01,7.920495033724562539e+00,-1.566272991029447281e+00,1.603797071566966936e-01
4.499462035793045652e+04,6.416831101126123826e+01,7.327692947187964378e+00,-1.541392600309776650e+00,1.222595246479134118e-01
4.510331315256853850e+04,6.378921535014865185e+01,6.358289638894067508e+00,-1.548366065326903129e+00,1.377879594785681172e-01
4.521226851467607048e+04,6.965099426486594325e+01,6.438790133313069930e+00,-1.493068562549692668e+00,1.045303869755257742e-01
4.532148707853315136e+04,6.845469627549849179e+01,5.517275890381618808e+00,-1.559798572281358764e+00,1.462822824794209053e-01
4.543096947995208029e+04,6.848660009048229824e+01,6.566486283079496111e+00,-1.644489256493418594e+00,8.296822164233969010e-02
4.554071635628111108e+04,6.726452005096680864e+01,8.343196870953947908e+00,-1.603740567594082567e+00,1.829236783645669384e-01
4.565072834640810470e+04,7.194098130633001631e+01,9.309548457765986385e+00,-1.651709228488932535e+00,1.048741949476497820e-01
4.576100609076428373e+04,7.202951489249615236e+01,5.852485051478904410e+00,-1.558761284313242346e+00,1.338353858622982617e-01
4.587155023132784845e+04,7.555317880905184325e+01,1.074905760574199398e+01,-1.571445647297812664e+00,8.617681509853081234e-02
4.598236141162810964e+04,7.450006005616448590e+01,7.220719181225620176e+00,-1.551913033656584062e+00,1.287083895885611784e-01
4.609344027674863901e+04,7.421377311765485274e+01,5.407197849578333937e+00,-1.597885002849390279e+00,1.351759617513189349e-01
4.620478747333145293e+04,7.555715983269105607e+01,8.854519908933976780e+00,-1.586007781535602623e+00,1.051217587402378806e-01
4.631640364958062128e+04,7.125597816944603835e+01,9.658564000559550777e+00,-1.591631318608144774e+00,8.872257114573235681e-02
4.642828945526608004e+04,7.644209202810642978e+01,7.067237323985872344e+00,-1.575285726580529122e+00,8.667756906580072196e-02
4.654044554172740754e+04,7.629961446602328579e+01,7.476705091121356617e+00,-1.569976746476378526e+00,1.440011823108031941e-01
4.665287256187761523e+04,8.417941000670271023e+01,9.379216515096999274e+00,-1.665964338939977196e+00,1.500286645639432037e-01
4.676557117020693113e+04,7.449930269686116446e+01,1.911060758196593490e+00,-1.608836083627526836e+00,1.418347209904096407e-01
4.687854202278664889e+04,7.696664957322285261e+01,8.601904436584229430e+00,-1.658086181371075885e+00,1.092487684058864872e-01
4.699178577727289667e+04,7.859149472429446348e+01,4.471157898121475682e+00,-1.640329661078142820e+00,1.067633330861737367e-01
4.710530309291051526e+04,7.731628920829240315e+01,7.171656232700573952e+00,-1.591937436900641378e+00,6.845624591042789864e-02
4.721909463053676154e+04,7.948446777336087621e+01,1.191957399161679554e+01,-1.577185507416130950e+00,1.018892422786227686e-01
4.733316105258555763e+04,8.532008433709965800e+01,4.567845765902402100e+00,-1.632420625591686214e+00,1.041462576174975729e-01
4.744750302309077961e+04,7.748567988550014718e+01,1.263822694010844394e+01,-1.561820353640744008e+00,1.855889771826171319e-01
4.756212120769047760e+04,8.650155367977974663e+01,7.990489475788997709e+00,-1.565865595737419680e+00,1.276860014803599952e-01
4.767701627363068837e+04,8.257216077129484688e+01,1.018805851560727760e+01,-1.647136037969057609e+00,1.312206534305427885e-01
4.779218888976929156e+04,8.154451661121089501e+01,8.929811840381516319e+00,-1.635968930216436190e+00,1.127905226264913768e-01
4.790763972657993872e+04,8.281396197490195732e+01,8.111234266691102590e+00,-1.594590370887014608e+00,1.680478691774291988e-01
4.802336945615590230e+04,8.433183403524728305e+01,6.674215204055225392e+00,-1.592633320475355774e+00,8.952824824591625041e-02
4.813937875221404101e+04,8.461453322765348162e+01,7.582468620353702171e+00,-1.587351467405526240e+00,1.202026986280162191e-01
4.825566829009869252e+04,9.401257222346757203e+01,1.032727110201367360e+01,-1.638807037731893290e+00,8.025988521014255916e-02
4.837223874678563152e+04,9.100238909263747189e+01,9.495738912490896411e+00,-1.518711317045124964e+00,1.043135820515710410e-01
4.848909080088586052e+04,9.015228425915998400e+01,9.772467025773433846e+00,-1.620591148904134471e+00,2.133539813495579363e-01
4.860622513265001908e+04,9.379768070911617883e+01,8.542715703073044509e+00,-1.620155184745422527e+00,1.851012365327340259e-01
4.872364242397170165e+04,8.383697591671982252e+01,9.124343869857336031e+00,-1.588418446512770199e+00,9.566741907368768449e-02
4.884134335839184496e+04,9.453863957614524338e+01,8.672629257641322198e+00,-1.689626055202167354e+00,1.106348821200571625e-01
4.895932862110261340e+04,9.310919027390937686e+01,1.140502638331790131e+01,-1.624400435519900210e+00,1.126666455251938703e-01
4.907759889895137894e+04,9.646836672534929846e+01,7.647846711404900688e+00,-1.553721530437428999e+00,1.168447919126123086e-01
4.919615488044470112e+04,1.009442517526700414e+02,7.876547449423033420e+00,-1.645313160901879401e+00,1.407790707404431019e-01
4.931499725575237244e+04,9.559595761063965824e+01,1.476171551531804305e+01,-1.654907965892784105e+00,1.086700895532680122e-01
4.943412671671142016e+04,1.000632929259151069e+02,1.201909137540757655e+01,-1.556626013351217974e+00,1.380268198870856222e-01
4.955354395683011535e+04,9.556091774018059937e+01,7.230992877677175024e+00,-1.643732728075163241e+00,1.109792941572897707e-01
4.967324967129204015e+04,1.038244422276616916e+02,1.075254158024250728e+01,-1.623123635938493070e+00,1.267764386743938931e-01
4.979324455696010409e+04,9.999128434524661202e+01,1.899891096443205640e+01,-1.625514888510664502e+00,1.730472417463212731e-01
4.991352931238053861e+04,9.977747510857412294e+01,1.250545909382817378e+01,-1.597003576444227191e+00,9.913682199843895648e-02
5.003410463778733538e+04,1.044096701660171220e+02,7.672773308515203894e+00,-1.585592456951420370e+00,9.448871814738114827e-02
5.015497123510570964e+04,1.070861585827595945e+02,9.999568967940389186e+00,-1.631948399364582247e+00,1.294314363919445432e-01
5.027612980795664771e+04,1.099597687165240529e+02,9.681457325398039160e+00,-1.595269367819633688e+00,8.489204996866690778e-02
5.039758106166081416e+04,1.039109461402947545e+02,1.359756088381520378e+01,-1.549953271552174217e+00,8.474275061251744512e-02
5.051932570324274275e+04,1.169886765206470045e+02,1.413551459124396992e+01,-1.613732626024950267e+00,1.129093387817009519e-01
5.064136444143490371e+04,1.131074656253828579e+02,1.177041444509883128e+01,-1.590619245248086511e+00,1.471671310568598845e-01
5.076369798668182921e+04,1.153122082933820565e+02,1.277260951429508218e+01,-1.577120181220260431e+00,1.387394391008334726e-01
5.088632705114428245e+04,1.171430993063582093e+02,1.396025409539226736e+01,-1.577849005930450410e+00,1.010125468321273340e-01
5.100925234870336135e+04,1.113381234962660926e+02,9.975225857650052319e+00,-1.566803184366227786e+00,1.057026492280916108e-01
5.113247459496468218e+04,1.178355572921220755e+02,1.161149279952070579e+01,-1.639112060932382819e+00,2.137508123316542163e-01
5.125599450726245414e+04,1.146884497121306765e+02,1.248632107174022110e+01,-1.641759539963738579e+00,1.420309044117331609e-01
5.137981280466401222e+04,1.237142150966086831e+02,1.226862227100401270e+01,-1.638411061742784725e+00,7.031465968821977441e-02
5.150393020797345525e+04,1.175396614150294710e+02,1.102175557901112413e+01,-1.585613351336832011e+00,1.053165695285477876e-01
5.162834743973620061e+04,1.225012616536390198e+02,1.110570042041789485e+01,-1.633716019276062470e+00,8.148638247472132778e-02
5.175306522424311697e+04,1.262333394589163618e+02,1.386996284053370232e+01,-1.597031661463411467e+00,1.180843819390466481e-01
5.187808428753472981e+04,1.266575313561077820e+02,1.298043089843547193e+01,-1.661535848203807619e+00,1.572307594442476641e-01
5.200340535740543419e+04,1.376159095507271388e+02,1.035268551754646715e+01,-1.634495825332297425e+00,1.057822179692689268e-01
5.212902916340777301e+04,1.356416635787789460e+02,1.803444424726576756e+01,-1.626932604339907940e+00,1.225629899865642719e-01
5.225495643685663526e+04,1.397130816501437494e+02,1.303449989949208287e+01,-1.604355516472514065e+00,1.087120487859546542e-01
5.238118791083354881e+04,1.395212574483971082e+02,1.459270183612908056e+01,-1.600021950497048095e+00,9.930772130998984093e-02
5.250772432019093685e+04,1.389283241574241288e+02,1.277943657726646620e+01,-1.619951832088289745e+00,1.242826277060736784e-01
5.263456640155626519e+04,1.412095736150207301e+02,1.635326143664073228e+01,-1.631029429106116257e+00,1.583650346508721773e-01
5.276171489333680802e+04,1.491100393516684903e+02,7.945750062062710839e+00,-1.601755043114543087e+00,1.460176904217947158e-01
5.288917053572325676e+04,1.446018609352805697e+02,1.813515963695578748e+01,-1.637885240797460895e+00,8.094802483149003691e-02
5.301693407069449313e+04,1.508026721124078620e+02,1.674576475960073552e+01,-1.643780955607977434e+00,1.608558694862636251e-01
5.314500624202177278e+04,1.445940528501542417e+02,1.539897498503202833e+01,-1.635194223123207280e+00,1.041285605398475506e-01
5.327338779527307634e+04,1.477142330585677144e+02,1.018399706887957024e+01,-1.631713555420894579e+00,1.025832011952490797e-01
5.340207947781743133e+04,1.509533383405934615e+02,1.324926865838913592e+01,-1.576270799326887850e+00,1.192138633019888538e-01
5.353108203882928501e+04,1.536531510088594530e+02,1.880443238757238333e+01,-1.649493530853042289e+00,5.222207587648768079e-02
5.366039622929284087e+04,1.575397276724931430e+02,8.452170324408687208e+00,-1.664493662046040878e+00,1.256878475988742749e-01
5.379002280200645328e+04,1.659149316657710074e+02,1.627998188054435857e+01,-1.667474776222054755e+00,1.257600135605780878e-01
5.391996251158700034e+04,1.698720874987053264e+02,9.814601928265552999e+00,-1.639418721337824625e+00,1.355843533311742177e-01
5.405021611447415489e+04,1.692689145602527674e+02,1.195043997708748407e+01,-1.666263686999523985e+00,7.010191941479569644e-02
5.418078436893524486e+04,1.831993578596599548e+02,1.953066836623575853e+01,-1.638697285054278696e+00,8.864129458588593247e-02
5.431166803506901488e+04,1.786803208062811166e+02,1.724268983279739587e+01,-1.651258304124260778e+00,8.597294837200648854e-02
5.444286787481045758e+04,1.714144321458596494e+02,1.599094738759489331e+01,-1.614795647694690528e+00,7.635055817053638949e-02
5.457438465193517186e+04,1.830016722085248375e+02,1.327852481774038829e+01,-1.643252029307802120e+00,7.065251396392792371e-02
5.470621913206379395e+04,1.859364590385467864e+02,1.133818097687019133e+01,-1.651718263148010291e+00,1.081159214348561687e-01
5.483837208266646485e+04,1.855417392012670632e+02,2.358817207238366009e+01,-1.689833616465423294e+00,4.836355250966958147e-02
5.497084427306727594e+04,1.877853220088746582e+02,1.568161737466812511e+01,-1.669175182804796709e+00,6.775868632864559538e-02
5.510363647444878006e+04,2.011486474861094109e+02,1.331742438939668993e+01,-1.678945116693451478e+00,7.161839041149732632e-02
5.523674945985645172e+04,2.062512966307052409e+02,1.648713267466379051e+01,-1.667311225087069415e+00,9.695854191225708463e-02
5.537018400420319813e+04,2.115550808267127536e+02,1.562528092146399494e+01,-1.669280769058524072e+00,1.120853771816821970e-01
5.550394088427388488e+04,2.084100188933513778e+02,1.862072132447685391e+01,-1.595728043915661143e+00,9.198438552929973089e-02
5.563802087872971606e+04,2.243452695437099464e+02,1.296785868886636450e+01,-1.683946593092258581e+00,8.894640994314237381e-02
5.577242476811324741e+04,2.134423933746665227e+02,1.791721118554835357e+01,-1.677729908896095967e+00,6.710385051378681132e-02
5.590715333485222800e+04,2.239999601041199639e+02,1.520093388603705797e+01,-1.704993746188966153e+00,7.517019382935005711e-02
5.604220736326462065e+04,2.384519084868335597e+02,2.105453169962044058e+01,-1.677169142117427070e+00,7.772348794481193091e-02
5.617758763956306939e+04,2.290699697909097381e+02,1.359884565956540570e+01,-1.670918179124535552e+00,1.041356530009896475e-01
5.631329495185943233e+04,2.442781954465006038e+02,1.363502450084450857e+01,-1.708109955369440769e+00,8.131508530729429640e-02
5.644933009016941651e+04,2.505009643477392274e+02,1.104089270444173643e+01,-1.698291563439242591e+00,8.587440231617893271e-02
5.658569384641714714e+04,2.477799827580107035e+02,1.811776068880413604e+01,-1.689789448887152545e+00,8.814509678212523180e-02
5.672238701443980244e+04,2.565907582973027274e+02,2.024955355800553036e+01,-1.711790061385428885e+00,9.844201190565643467e-02
5.685941038999220473e+04,2.650530771410554962e+02,3.264569227321869960e+01,-1.740940889616205522e+00,5.431519107470351992e-02
5.699676477075146977e+04,2.740733025485261010e+02,2.158281975742814751e+01,-1.707351976327955656e+00,1.068980159229560162e-01
5.713445095632154698e+04,2.843056580270713312e+02,2.681705109765057315e+01,-1.695246773726451606e+00,5.405366508551780885e-02
5.727246974823831260e+04,2.901158524390681350e+02,1.290746056822043819e+01,-1.702441239570247733e+00,8.920527915165352151e-02
5.741082194997355691e+04,2.931667825821729707e+02,2.988600276183879600e+01,-1.678185726071468098e+00,1.166313019057187705e-01
5.754950836694012105e+04,2.933947745877720763e+02,3.062889736763370863e+01,-1.673983522082209685e+00,6.863328340963441299e-02
5.768852980649645906e+04,3.204320685678914629e+02,3.011692536957646027e+01,-1.688848002126947190e+00,5.374416140050433666e-02
5.782788707795136725e+04,3.216230865998114723e+02,3.222186042119732008e+01,-1.756818799910591533e+00,9.180506270452185036e-02
5.796758099256865535e+04,3.277630226178908970e+02,2.308711849595310639e+01,-1.674093332655859356e+00,9.695374360320876961e-02
5.810761236357190501e+04,3.325647730921274388e+02,2.649540462330684321e+01,-1.754143207067606181e+00,6.131557043485301450e-02
5.824798200614918460e+04,3.529340470028695336e+02,2.264751856751401959e+01,-1.722013502767537840e+00,8.354183058249027571e-02
5.838869073745779315e+04,3.653253032452653315e+02,2.650012579750454123e+01,-1.709336588439793303e+00,7.428453552158993667e-02
5.852973937662904791e+04,3.571338172999316498e+02,2.459482584900560198e+01,-1.677126551412597255e+00,9.596428878384866135e-02
5.867112874477299192e+04,3.797814118317296561e+02,3.793077974555276910e+01,-1.708219573337783403e+00,5.977737675054501515e-02
5.881285966498311609e+04,3.786389057145596553e+02,2.872786606039148438e+01,-1.749582292352126700e+00,6.651994425601499838e-02
5.895493296234160516e+04,3.942065717583045625e+02,2.106966742793877145e+01,-1.747334847511560652e+00,5.191773844460153414e-02
5.909734946392340498e+04,4.056333010500063097e+02,2.708308177106903614e+01,-1.770720591607179539e+00,9.078754756321932851e-02
5.924010999880154850e+04,4.381768026289051932e+02,3.244836474388353054e+01,-1.812452365421225453e+00,1.226620402607929844e-01
5.938321539805184875e+04,4.235236982513571888e+02,3.697989648927850936e+01,-1.807012820126826513e+00,8.704269505047838862e-02
5.952666649475772283e+04,4.937832698708245402e+02,2.522417354289394709e+01,-1.838157360590172873e+00,9.688646988329589760e-02
5.967046412401505950e+04,4.972725712599878420e+02,5.628692543817908955e+01,-1.783222195746108962e+00,1.153491670422029658e-01
5.981460912293707952e+04,5.057648418061445454e+02,4.470861950018908715e+01,-1.819873572280422680e+00,7.932936783197913622e-02
5.995910233065921057e+04,5.087325488222302852e+02,3.302491890903940686e+01,-1.848309142294979113e+00,7.153021977432391654e-02
6.010394458834394027e+04,5.329814238006102869e+02,3.439239427921594228e+01,-1.821820380768970349e+00,4.679706361148151111e-02
6.024913673918565473e+04,5.856679719194610243e+02,6.898764202621278230e+01,-1.827024439326428107e+00,1.030842080793494958e-01
6.039467962841596454e+04,6.097222020279095887e+02,5.314671601679962265e+01,-1.872742740126507099e+00,6.876031864112723546e-02
6.054057410330793937e+04,6.104932286448190553e+02,3.005356173381478513e+01,-1.859594818527982252e+00,9.200401286557309544e-02
6.068682101318152854e+04,6.859568131884723243e+02,6.485284050264495193e+01,-1.886108555704812506e+00,6.641535510240381690e-02
6.083342120940834866e+04,6.656716841840617462e+02,5.535659650211171368e+01,-1.925785588116151192e+00,1.143735375617873362e-01
6.098037554541667487e+04,7.696435291169760831e+02,1.106520984510116392e+02,-1.953131570945222606e+00,7.132862363893441304e-02
6.112768487669638125e+04,7.386087876857216088e+02,6.304675400337020363e+01,-1.926088694658301348e+00,5.861246633311669590e-02
6.127535006080396124e+04,7.957670921342416932e+02,7.103925351632206286e+01,-2.017911014143658033e+00,1.076563079566703190e-01
6.142337195736746071e+04,9.068634057986095058e+02,1.327968673949034439e+02,-2.047814167759858694e+00,9.028430726792607830e-02
6.157175142809154204e+04,1.005097154113181432e+03,5.810209744104029994e+01,-2.048455742615224118e+00,8.071717343731547867e-02
6.172048933676246816e+04,1.099694761783483500e+03,1.548199430616044765e+02,-2.145467202563697384e+00,1.509707503419006058e-01
6.186958654925312294e+04,1.094681814649608668e+03,1.777198337963523329e+02,-2.184561635064889984e+00,5.455996500562053375e-02
6.201904393352808256e+04,1.288067291885108261e+03,2.679913882866848098e+02,-2.224531307889140219e+00,1.317649032313746027e-01
6.216886235964851221e+04,1.273400217267122343e+03,9.668989965321704005e+01,-2.324006961035520291e+00,1.884873903539201478e-01
6.231904269977776130e+04,1.473285573917675265e+03,2.448653645604582039e+02,-2.449198055611402136e+00,8.647108370448582104e-02
6.246958582818567083e+04,1.699444156329823045e+03,3.875062846446701315e+02,-2.487614422852985285e+00,1.834661924078012374e-01
6.262049262125415407e+04,1.888377660821068957e+03,2.785920279738284080e+02,-2.749263447053727383e+00,1.459701147660777965e-01
6.277176395748219511e+04,2.030760771192838774e+03,3.581448926154572518e+02,-2.271298376726563095e+00,1.707020517499233669e+00
6.292340071749095659e+04,1.889591053976394278e+03,3.316349037216922966e+02,-6.147869775840477669e-01,2.960760589329596737e+00
6.307540378402890201e+04,1.947587789012783105e+03,4.677352149100909742e+02,2.325580266023130172e+00,1.824217427561647398e+00
6.322777404197693249e+04,1.803145390036708704e+03,2.590239529244555570e+02,2.612915626150663861e+00,1.915437238500240780e-01
6.338051237835355278e+04,1.552617931249310459e+03,2.505357712614165280e+02,2.432376932202937603e+00,1.852947990581707005e-01
6.353361968232000800e+04,1.328901577958030430e+03,1.341769286038211249e+02,2.194607317939023972e+00,9.218001829436342498e-02
6.368709684518535505e+04,1.057905996151776435e+03,1.082609746791869867e+02,2.137493843796364867e+00,8.617480220805114055e-02
6.384094476041216694e+04,8.911788901070673319e+02,1.116618506952570726e+02,2.002736150880815913e+00,1.136707908788916893e-01
6.399516432362094201e+04,7.879691636711503406e+02,8.958871835430764463e+01,1.890472195370330510e+00,1.337937064573304080e-01
6.414975643259585195e+04,6.346638178007121951e+02,5.813238873760612790e+01,1.800638013408346394e+00,1.096958965736874181e-01
6.430472198728982039e+04,5.858648677714438691e+02,4.396920033049183729e+01,1.726175370748357807e+00,9.536030272000160790e-02
6.446006188982977619e+04,5.016369523786656828e+02,4.961412274280333179e+01,1.723586199807406683e+00,8.944346887089264786e-02
6.461577704452192120e+04,4.277512821529585381e+02,2.978401235182830931e+01,1.720611946336747966e+00,5.993241090761259465e-02
6.477186835785695439e+04,3.808729116756401254e+02,4.665006591885200748e+01,1.689193682850729683e+00,8.086501267923375258e-02
6.492833673851536878e+04,3.497467343962040331e+02,3.284928944095510417e+01,1.676027179097750786e+00,1.135097549805113015e-01
6.508518309737275558e+04,3.102675588861269489e+02,2.211506355631270537e+01,1.711082050320116732e+00,1.020080086168712041e-01
6.524240834750507929e+04,3.013329179864266507e+02,3.930923642323921996e+01,1.640739614152423753e+00,9.897750749733683073e-02
6.540001340419403277e+04,2.709708082975074603e+02,2.670324870232284908e+01,1.637066646534795833e+00,8.401364726722337917e-02
6.555799918493216683e+04,2.745788237067557134e+02,2.127431062615729118e+01,1.648664314260046782e+00,9.601128226715471836e-02
6.571636660942884919e+04,2.499781915071413039e+02,1.825618178911483369e+01,1.616117899976320604e+00,6.886619949330488599e-02
6.587511659961474652e+04,2.563091229222875427e+02,2.445351329798137741e+01,1.655836760030925392e+00,7.755891413421711622e-02
6.603425007964776887e+04,2.396216651285905357e+02,3.071529343520847988e+01,1.637912365465058029e+00,9.718644810428274383e-02
6.619376797591826471e+04,2.297529152727776420e+02,2.049418738570917142e+01,1.631295297743835748e+00,9.117813986252881753e-02
6.635367121705450700e+04,2.271291272424656142e+02,1.516140859212244507e+01,1.650011127563404845e+00,1.370043621971475389e-01
6.651396073392797553e+04,2.197764557898814815e+02,3.384165290462266285e+01,1.645096616909071274e+00,1.208156971926955953e-01
6.667463745965890121e+04,2.060272169950603711e+02,2.750263003267602713e+01,1.618843026577821975e+00,1.286862915980417355e-01
6.683570232962160662e+04,1.989969192955692563e+02,2.518003335857203950e+01,1.623358731809206201e+00,8.693240793936139743e-02
6.699715628144999209e+04,1.902774454768089925e+02,2.281271277785840823e+01,1.670059174926217027e+00,1.257861680354875333e-01
6.715900025504297810e+04,1.903679689191457953e+02,1.142133969294665441e+01,1.669741834703808880e+00,1.213916836372599117e-01
6.732123519256984582e+04,1.815088944501399908e+02,2.408738223871185014e+01,1.670597556367048542e+00,1.213689847833490654e-01
6.748386203847629076e+04,1.777749273151928264e+02,2.238953573488636550e+01,1.629406976726752276e+00,8.821173621649484875e-02
6.764688173948906478e+04,1.645469722942258386e+02,1.680034700289916927e+01,1.585599075948053382e+00,1.348470564086740597e-01
6.781029524462204427e+04,1.670977133493036604e+02,1.670575228736313278e+01,1.526505356382484191e+00,1.278113889098768385e-01
6.797410350518162886e+04,1.613970839182382235e+02,2.178852867182568787e+01,1.611887829068502587e+00,7.252933221297636068e-02
6.813830747477228579e+04,1.581854800141648525e+02,2.271372559654856005e+01,1.651175486431274653e+00,9.158947107084676464e-02
6.830290810930206499e+04,1.529194379084082698e+02,2.298642008493077071e+01,1.573012626548584647e+00,1.167454197958771867e-01
6.846790636698821618e+04,1.512369193338204809e+02,1.985928235048913493e+01,1.625841804382784472e+00,1.416792487621204855e-01
6.863330320836271858e+04,1.359993032498946377e+02,1.733865257177738783e+01,1.635269487492691853e+00,1.147625912407376630e-01
6.879909959627789794e+04,1.413464498831528999e+02,8.162603923302174991e+00,1.589943784042568087e+00,1.354306324722469035e-01
6.896529649591204361e+04,1.484777542561500923e+02,2.308395159226300919e+01,1.583993993835549396e+00,9.783081298917851998e-02
6.913189487477498187e+04,1.320239326896181069e+02,1.425772588201569313e+01,1.538745744300451523e+00,1.157826889620052480e-01
6.929889570271362027e+04,1.347681248246248629e+02,1.109736208930241652e+01,1.613640721970261982e+00,9.676946530620826603e-02
6.946629995191811759e+04,1.270723769057100583e+02,1.775659623250720287e+01,1.600357709986460764e+00,1.066843358464355102e-01
6.963410859692674421e+04,1.323641203082586912e+02,1.289845484558028055e+01,1.481950702125071295e+00,9.676776167577326448e-02
6.980232261463202303e+04,1.378286870730534019e+02,1.498305303621468454e+01,1.547377127884959291e+00,7.583682743130372439e-02
6.997094298428641923e+04,1.289471213475153775e+02,1.641316694242869190e+01,1.601123193578528170e+00,9.129520824207616736e-02
7.013997068750791368e+04,1.302810711722580095e+02,1.050731987057297800e+01,1.622669572984129616e+00,1.878069893238306087e-01
7.030940670828578004e+04,1.285383272098706584e+02,2.335978742606770098e+01,1.606323153055270625e+00,6.824497765133767657e-02
7.047925203298630367e+04,1.274086807769829477e+02,1.312994444634145452e+01,1.627170900055388003e+00,1.410841345876651387e-01
7.064950765035850054e+04,1.203685183899767992e+02,1.080011297483273403e+01,1.635969225422943651e+00,1.542220813788603151e-01
7.082017455153990886e+04,1.156716373921079537e+02,1.659815871029862677e+01,1.551069309037216737e+00,6.686125923863948939e-02
7.099125373006235168e+04,1.171711921489394399e+02,2.582979138245809025e+01,1.546574142298887011e+00,9.411935963628544066e-02
7.116274618185753934e+04,1.124590295749641484e+02,1.466491701644029000e+01,1.606543665539146293e+00,1.365873849841318932e-01
7.133465290526350145e+04,1.121607661975033636e+02,1.077595105244730966e+01,1.582741278974387766e+00,8.321071020033059262e-02
7.150697490102946176e+04,1.138650824803165023e+02,2.341871926463751308e+01,1.548552438028815370e+00,1.367464862191000163e-01
7.167971317232234287e+04,1.119436677163196947e+02,1.751374903107315717e+01,1.569533817538405263e+00,9.773880441306805056e-02
7.185286872473235417e+04,1.082334629219895135e+02,1.394313660096009500e+01,1.597283992908973715e+00,1.351065795537316483e-01
7.202644256627889990e+04,1.017821831172981604e+02,1.033547920200049752e+01,1.552557021842690066e+00,1.252375108010072569e-01
7.220043570741645817e+04,1.040612799244897388e+02,1.659943152778307507e+01,1.668750610926242883e+00,1.281174779684351173e-01
7.237484916104043077e+04,1.021674587734135429e+02,1.884016831145819282e+01,1.551396666589723194e+00,1.803892715628926113e-01
7.254968394249306584e+04,1.005669918570114305e+02,1.617892918348415421e+01,1.577631228128947072e+00,1.226110498435204893e-01
7.272494106956936594e+04,1.023347463924763900e+02,1.223339936986181264e+01,1.591853876330096895e+00,1.031909481485504959e-01
7.290062156252296700e+04,1.048869302721148387e+02,9.078059730814722172e+00,1.524510579341628702e+00,1.048879586366896072e-01
7.307672644407214830e+04,9.561692996301550806e+01,1.321209316512084442e+01,1.543897831812593990e+00,1.770120998206179408e-01
7.325325673940560955e+04,1.022215318481688513e+02,1.691819866040631126e+01,1.593004493069666072e+00,1.640000274344373676e-01
7.343021347618900472e+04,9.956304284790263637e+01,8.661557004293586104e+00,1.560090572215180327e+00,1.695665707711571379e-01
7.360759768457006430e+04,9.897319422155919710e+01,1.595806670853800746e+01,1.555504964838595017e+00,1.410159730911259846e-01
7.378541039718520187e+04,9.213217593680073492e+01,1.967902837539263672e+01,1.507568764763620006e+00,1.270705164855013558e-01
7.396365264916532033e+04,8.353468993437037682e+01,1.190120882944249381e+01,1.604675659285448530e+00,8.519426904741612960e-02
7.414232547814189456e+04,8.784302011193366866e+01,1.746306085885531090e+01,1.557465499687301413e+00,1.885679765887312009e-01
7.432142992425296688e+04,8.639317523849969405e+01,1.493722259643841177e+01,1.544512232343034697e+00,1.194853715141572514e-01
7.450096703014927334e+04,9.725481280336209977e+01,1.316344493927828374e+01,1.560659222077564134e+00,1.622851328180996144e-01
7.468093784100021003e+04,9.291570565979959895e+01,1.219477719481549194e+01,1.624258014373432202e+00,1.092770088660503375e-01
7.486134340449998854e+04,9.129984493833823933e+01,1.517499934166085573e+01,1.531625299961984155e+00,9.193814579539140441e-02
7.504218477087358769e+04,8.630578688137615018e+01,9.751339245711836412e+00,1.505547435755496100e+00,1.088299929271559080e-01
7.522346299288343289e+04,8.777195082497694045e+01,1.671350161974649140e+01,1.543214328880531783e+00,1.920344279179213298e-01
7.540517912583464931e+04,8.338546915027077944e+01,1.053637648214810696e+01,1.539405457068068417e+00,1.634577797071721239e-01
7.558733422758177039e+04,8.462765227967477699e+01,1.237036065073217017e+01,1.523207710127487235e+00,1.672630131180168622e-01
7.576992935853482049e+04,7.741134275301155299e+01,2.083801846737412333e+01,1.576747159273129473e+00,6.351196499763506198e-02
7.595296558166538307e+04,8.013449383569886209e+01,1.762842626489925735e+01,1.655750822673559330e+00,2.153616749436189914e-01
7.613644396251288708e+04,8.232207509332985751e+01,1.534384372231876981e+01,1.552109810585434513e+00,1.084033082164435335e-01
7.632036556919076247e+04,7.866774704995154366e+01,1.063877500100630691e+01,1.570526856160901374e+00,1.589598148850310533e-01
7.650473147239263926e+04,7.282539267002191252e+01,1.231234203685720985e+01,1.524069213522764699e+00,9.818562587959889232e-02
7.668954274539863400e+04,7.370144191701960779e+01,6.748648755056716908e+00,1.637668560800934259e+00,1.883734185234467728e-01
7.687480046408154885e+04,6.983346571254783441e+01,1.028097828683735138e+01,1.490030229981020637e+00,1.135503407538610288e-01
7.706050570691317262e+04,8.258113305271396598e+01,1.936996954610027899e+01,1.491040700065728419e+00,1.142999288522092982e-01
7.724665955497036339e+04,7.786284358359051794e+01,1.063464231565726337e+01,1.575760411692679330e+00,1.450813390572958661e-01
7.743326309194200439e+04,7.584728438109073068e+01,1.432180956820053197e+01,1.628136136024192826e+00,1.302108789295992330e-01
7.762031740413437365e+04,7.103452192376575169e+01,1.374207269277562382e+01,1.607626304021378516e+00,1.280862273146064489e-01
7.780782358047804155e+04,7.587483807091935262e+01,1.051510313014461317e+01,1.641756895184196097e+00,1.931686751760188503e-01
7.799578271253411367e+04,7.939808736693950664e+01,8.751204597690104947e+00,1.565870144264723152e+00,2.006528922532208881e-01
7.818419589450056083e+04,7.272785361997003406e+01,1.751808045240117195e+01,1.637459711732347500e+00,1.457345603976291926e-01
7.837306422321859282e+04,7.372783210246691965e+01,1.032571366584997996e+01,1.563199348821440626e+00,1.475304746465408157e-01
7.856238879817903216e+04,7.303601336730073967e+01,1.413649477057502857e+01,1.441754684106375084e+00,1.504738151893079967e-01
7.875217072152873152e+04,7.183886703328025192e+01,9.017128767405811374e+00,1.575517337124079376e+00,9.758841134765240677e-02
7.894241109807699104e+04,6.320525040869769384e+01,7.675223856272971545e+00,1.508493858592344861e+00,1.121982905490302024e-01
7.913311103530196124e+04,7.287534994178960801e+01,1.383019242069494403e+01,1.562175130541054724e+00,1.819888986408198517e-01
7.932427164335694397e+04,6.812852413333624213e+01,1.091979747210276308e+01,1.585993375017008322e+00,1.661975719668559170e-01
7.951589403507753741e+04,6.407000896858849615e+01,1.068190089298619760e+01,1.543599474968139207e+00,2.038842011699648626e-01
7.970797932598710759e+04,6.895300627038248820e+01,8.303420107427958996e+00,1.561339142113615797e+00,9.737603776998800253e-02
7.990052863430388970e+04,6.775311094059938455e+01,7.858583860086941542e+00,1.595353362395175445e+00,1.193511206647155098e-01
8.009354308094744920e+04,6.486276036480943219e+01,1.274366395915490102e+01,1.607922645159963748e+00,1.678786281844511230e-01
8.028702378954508458e+04,6.846166114956194804e+01,1.023908299641858299e+01,1.663569095106318230e+00,1.619566848326524922e-01
8.048097188643844856e+04,6.141185095346371270e+01,7.165720938676030549e+00,1.592186515523545953e+00,1.893468737678422609e-01
8.067538850069006730e+04,6.704856449320081424e+01,1.476881263821070789e+01,1.570474129420618592e+00,1.448691554288481786e-01
8.087027476408994698e+04,5.843540695693424425e+01,9.090830734572865168e+00,1.576553340582516283e+00,1.375366756153653669e-01
8.106563181116210762e+04,7.092667312170662797e+01,1.235191233927532828e+01,1.585158260939191877e+00,2.080937604640347716e-01
8.126146077917126240e+04,6.195045703706591667e+01,8.009272901756938623e+00,1.456275650756243323e+00,1.766233588384143460e-01
8.145776280812936602e+04,5.800100326807167761e+01,1.098579678976418172e+01,1.599240555315530665e+00,1.614562440346563876e-01
8.165453904080211942e+04,5.462253525624387152e+01,1.061934460792917534e+01,1.575560046429012484e+00,1.303736546613809832e-01
8.185179062271628936e+04,6.313594889502358143e+01,9.979842537651911982e+00,1.568518621046898875e+00,1.495605386546594584e-01
8.204951870216536918e+04,6.163467582267647060e+01,9.049290868631768348e+00,1.579605221754369682e+00,2.082137680141645242e-01
8.224772443021695653e+04,6.004414473157398646e+01,9.750099341068766634e+00,1.530792242424767968e+00,1.366706322557322550e-01
8.244640896071921452e+04,5.100503114451119302e+01,8.972602818348548226e+00,1.555242554819243672e+00,2.169757136522793839e-01
8.264557345030771103e+04,5.914253910191639818e+01,1.044775508394054775e+01,1.501104125172942005e+00,1.743592419153403295e-01
8.284521905841199623e+04,5.185900654991909420e+01,5.554526274156647681e+00,1.538560941317957065e+00,1.833482190204113182e-01
8.304534694726251473e+04,5.587898456718845352e+01,8.955340812573151510e+00,1.749864803460749796e+00,1.420589481783693375e-01
8.324595828189724125e+04,5.943393563934462520e+01,7.484541954166682665e+00,1.591341449947111908e+00,1.357358539897969563e-01
8.344705423016853456e+04,5.536887622486869986e+01,6.973449114527972448e+00,1.582751895085319216e+00,1.497386266027470880e-01
8.364863596274990414e+04,6.050127417296638299e+01,5.226143149469996807e+00,1.574457893825660593e+00,1.538350721799006116e-01
8.385070465314268949e+04,5.098168131474010067e+01,1.178689873635638996e+01,1.553292331519354752e+00,1.919108525696016920e-01
8.405326147768351075e+04,6.144989709206409856e+01,1.076740437705983489e+01,1.656815817126482626e+00,1.094422304793634809e-01
8.425630761555019126e+04,5.841334794084112758e+01,1.168867073084621389e+01,1.591502822985406906e+00,1.222738028521352105e-01
8.445984424876919365e+04,5.237143289133956614e+01,7.227085990571135099e+00,1.501916281136696840e+00,1.341461984384565154e-01
8.466387256222240103e+04,5.569413637677537565e+01,7.734478613825056748e+00,1.578600005710222298e+00,1.412189230460739187e-01
8.486839374365399999e+04,5.151591033443374812e+01,1.069876680124079549e+01,1.573883815410077158e+00,1.765730272188158756e-01
8.507340898367740738e+04,4.850311787785652484e+01,7.636509606174931797e+00,1.641554535104816637e+00,1.307849612051612265e-01
8.527891947578215331e+04,4.667217009068892253e+01,6.682767011105937627e+00,1.477695463610503079e+00,1.414679838733901851e-01
8.548492641634088068e+04,5.816699802950967069e+01,7.487550085956755197e+00,1.615130809353181762e+00,1.998686827922011855e-01
8.569143100461630092e+04,4.579208025111084623e+01,1.153575114491200004e+01,1.451818531410842272e+00,8.414798115817447022e-02
8.589843444276813534e+04,4.696555061302993295e+01,1.081275507028527372e+01,1.646439874029598460e+00,1.486041365010933590e-01
8.610593793586017273e+04,5.251572354953140120e+01,9.930367818963377502e+00,1.509532933046848324e+00,1.703736355913249290e-01
8.631394269186706515e+04,4.871328565947356992e+01,8.262107643857554251e+00,1.582119916827591677e+00,1.969977727606937179e-01
8.652244992168208410e+04,5.162132025696865867e+01,1.085523997135595309e+01,1.538958577182789167e+00,1.391394055867437307e-01
8.673146083912310132e+04,5.393557350659492755e+01,1.067777608589317140e+01,1.596036871089187015e+00,2.441086144967449245e-01
8.694097666094035958e+04,4.851663791386300773e+01,5.141952561516733411e+00,1.525818651135790738e+00,1.081055550257244147e-01
8.715099860682342842e+04,4.929203196055031810e+01,6.616613346031154919e+00,1.553843988462547454e+00,1.237274901890395296e-01
8.736152789940818911e+04,4.745354012469807259e+01,7.443546486120143690e+00,1.498959689840113851e+00,1.945737781115600140e-01
8.757256576428409608e+04,5.194019624398782753e+01,6.850884204322589710e+00,1.542234308318393143e+00,1.607280239356669027e-01
8.778411343000120542e+04,5.007846190200616832e+01,8.654985185161200079e+00,1.658981358732552369e+00,1.424360890482582187e-01
8.799617212807734904e+04,4.655124874757238729e+01,1.070329686490627985e+01,1.513929425270899021e+00,2.170335991446490087e-01
8.820874309300535242e+04,4.599992876461173807e+01,4.839783875568105742e+00,1.527793453061515594e+00,1.652692938801147982e-01
8.842182756225999037e+04,4.413534186493205880e+01,9.030995828001236347e+00,1.563810599918552757e+00,1.963443763302255007e-01
8.863542677630591788e+04,4.697913711838582884e+01,9.677119671611306373e+00,1.608045787774182944e+00,1.870044234375357606e-01
8.884954197860382556e+04,4.612432995635607824e+01,5.382728767002834758e+00,1.569770198711246456e+00,1.665146139321390384e-01
8.906417441561839951e+04,5.060439246142193070e+01,8.035233036984568145e+00,1.573474644309800441e+00,1.797525091150633803e-01
8.927932533682537905e+04,4.272563780596938443e+01,4.917321767372405006e+00,1.537426034015024090e+00,1.386643949710609225e-01
8.949499599471886177e+04,4.742427603004264114e+01,6.178306325840408952e+00,1.465100460314276543e+00,1.147590127952781425e-01
8.971118764481855032e+04,4.587595522026690276e+01,8.076085819266305421e+00,1.531936311306723697e+00,1.403624689035647410e-01
8.992790154567710124e+04,4.802068196814216350e+01,4.863016754899480709e+00,1.539256957192193020e+00,1.206846125190365604e-01
9.014513895888744446e+04,4.317585827315429015e+01,9.179573295717091241e+00,1.572018991810598676e+00,1.528995191328749725e-01
9.036290114909010299e+04,4.418416551463578656e+01,7.846285513722769167e+00,1.511167932522656132e+00,1.566706697379746382e-01
9.058118938398057071e+04,4.499268111955993277e+01,4.927290378198473597e+00,1.622585081807682128e+00,1.405675423912595146e-01
9.080000493431670475e+04,4.200861685694717806e+01,5.098070920916550008e+00,1.581261788982184724e+00,1.321255418631774869e-01
9.101934907392594323e+04,4.487806054328640215e+01,9.451833469940236654e+00,1.528731482555549137e+00,1.488062373487329948e-01
9.123922307971341070e+04,4.408556769806374120e+01,5.783199186218324073e+00,1.577371470183992042e+00,5.665593504583233547e-02
9.145962823166827729e+04,4.242853323328478155e+01,6.152199678469840727e+00,1.471972663840343198e+00,1.237274344482882510e-01
9.168056581287198060e+04,4.072084408787144838e+01,3.792427684963386003e+00,1.474940148131821172e+00,1.422799044432828952e-01
9.190203710950545792e+04,4.707993391225682700e+01,7.857923171158555320e+00,1.462905714121560674e+00,1.256856870235810442e-01
9.212404341085665510e+04,4.506351899914410808e+01,7.990926125573720284e+00,1.534337816602037607e+00,2.348091522757390082e-01
9.234658600932800618e+04,4.660057553522591434e+01,6.892677487807955750e+00,1.527624191044882895e+00,1.433688478137487010e-01
9.256966620044402953e+04,4.442023506895667850e+01,5.320307888789993278e+00,1.499942368743754528e+00,1.606700802631223779e-01
9.279328528285879293e+04,4.168683859965695859e+01,7.520486800215429923e+00,1.487331288684905717e+00,1.330863053645027494e-01
9.301744455836349516e+04,4.366041984891991490e+01,7.832066106410851880e+00,1.557763994110069605e+00,1.195708106371205226e-01
9.324214533189406211e+04,4.260245760928757619e+01,8.394810565960391102e+00,1.586585153229774559e+00,1.389593218586727963e-01
9.346738891153855366e+04,4.372718124542929985e+01,6.667993507650992413e+00,1.477208838493043075e+00,1.567598231290319444e-01
9.369317660854551650e+04,4.356552896843916045e+01,7.023436689214115347e+00,1.457638050147377573e+00,1.375671578565424991e-01
9.391950973733048886e+04,4.105270302962226481e+01,6.418944228321121770e+00,1.518299392227169919e+00,1.499895016614523069e-01
9.414638961548441148e+04,4.518625272706914586e+01,6.779090963361068312e+00,1.462691133886665273e+00,8.504257875078857776e-02
9.437381756378110731e+04,4.276625067714100226e+01,6.633699385899001655e+00,1.524191710367445163e+00,1.306019951000159107e-01
9.460179490618497948e+04,3.940413773944014508e+01,6.746704920285055529e+00,1.550261034421589246e+00,1.436256884137843692e-01
9.483032296985869471e+04,3.816410429357436840e+01,6.832859352687115972e+00,1.525318587145233495e+00,1.539417671050721803e-01
9.505940308517095400e+04,3.760188495811748055e+01,8.022366889125338574e+00,1.513751068728117932e+00,2.117244136297946611e-01
9.528903658570419066e+04,3.998849718964079614e+01,4.803224213977594914e+00,1.581075984712643656e+00,1.779359647968450919e-01
9.551922480826234096e+04,3.877440733970415465e+01,6.820468119398102047e+00,1.511498672417187494e+00,2.003796686772008617e-01
9.574996909287865856e+04,4.104386661215957588e+01,3.472259026427318762e+00,1.494621315024957653e+00,1.553881574436192792e-01
9.598127078282347065e+04,4.050574911124508759e+01,3.727326252008149599e+00,1.580390645389915250e+00,9.199393225719260103e-02
9.621313122461187595e+04,3.879681537986277107e+01,5.001432376407897173e+00,1.503439266759883264e+00,1.175577722669008951e-01
9.644555176801224297e+04,3.542268861405324998e+01,5.411123276539282934e+00,1.569880317929416069e+00,1.472982078189631339e-01
9.667853376605303492e+04,3.385600790390508763e+01,3.016363937812298168e+00,1.584923374659645834e+00,1.875000614628961060e-01
9.691207857503135165e+04,4.325007882363155431e+01,4.661217165925071626e+00,1.546690996611490787e+00,1.257263877354836412e-01
9.714618755452068581e+04,3.925200619169920913e+01,6.677518089896431697e+00,1.523477747266467341e+00,1.722308998432251770e-01
9.738086206737886823e+04,3.890025489247456392e+01,3.818507510203400290e+00,1.513706716207256386e+00,1.876074169955416204e-01
9.761610347975594050e+04,3.775766227066716851e+01,8.390137403726136256e+00,1.416981528928283884e+00,1.621386843460082272e-01
9.785191316110210028e+04,3.688197485399344799e+01,5.604159226266459903e+00,1.527916826279726692e+00,9.340861282429015200e-02
9.808829248417573399e+04,3.701175064774886181e+01,4.230202045550841561e+00,1.569776123392969236e+00,1.301700373726738524e-01
9.832524282505140582e+04,3.622542810376931754e+01,5.983312585566299191e+00,1.526910956447213863e+00,1.280672645908025598e-01
9.856276556312758476e+04,3.541705641570634810e+01,5.366219619354769321e+00,1.531498625873477071e+00,1.596268029525011178e-01
9.880086208113557950e+04,4.131614708706734973e+01,5.715402199883795831e+00,1.560613229555770420e+00,1.136831070025161178e-01
9.903953376514630509e+04,3.713996846860347034e+01,2.990963289267033698e+00,1.491523456585312157e+00,1.393183899135203851e-01
9.927878200457920320e+04,3.626244425452823350e+01,6.247683633938176939e+00,1.483107776641368947e+00,1.008989971295007199e-01
9.951860819221011479e+04,3.607909288473383214e+01,4.692902840114880014e+00,1.535719973995669285e+00,1.194205003406388077e-01
9.975901372417938546e+04,3.808254814091124274e+01,4.784387512164809841e+00,1.577598007523753676e+00,9.872324515711444759e-02
1.000000000000000000e+05,3.573288037358324942e+01,4.684454335199168540e+00,1.456086210770832112e+00,1.344719366070360467e-01
