# #Freq[Hz], #Gain_mean[a.u.], #Gain_std[a.u.], #Phase_mean[rad], #Phase_std[rad]
1.000000000000000000e+03,4.970931081905198567e+01,5.268094723268409219e+00,-1.522190719221304223e+00,3.280127867440656153e-02
1.004175912443004449e+03,4.986643379049692726e+01,1.679986497720933114e+00,-1.526046162609159706e+00,3.678285449789669981e-02
1.008369263130740592e+03,5.104085986087036275e+01,1.200707853478598652e+00,-1.553331445640288466e+00,3.033351613324102025e-02
1.012580124883791427e+03,5.140563250446450638e+01,1.502732083078464065e+00,-1.540859672083925380e+00,4.275038672232807369e-02
1.016808570826832693e+03,5.136794758027227914e+01,2.122268354544914803e+00,-1.546933255439741028e+00,3.548826288045561772e-02
1.021054674389903084e+03,5.215569447044119045e+01,1.625635866281075481e+00,-1.541569771321318338e+00,3.493423401853160831e-02
1.025318509309675846e+03,5.122761562068094321e+01,1.240034261949952699e+00,-1.545005408996086960e+00,2.749497992584544123e-02
1.029600149630744909e+03,5.308792618587222023e+01,1.391287786300893003e+00,-1.556244352000238695e+00,2.656370769105561094e-02
1.033899669706907162e+03,5.217060381604329677e+01,1.372936427121737912e+00,-1.549210223295414579e+00,2.546228708079902731e-02
1.038217144202454392e+03,5.287654367284126522e+01,1.362164251707626894e+00,-1.549148203737824137e+00,2.901646596150133164e-02
1.042552648093469998e+03,5.235456308655786017e+01,1.578784221038021185e+00,-1.550682637626512816e+00,2.554750010478645111e-02
1.046906256669130698e+03,5.272284693663332433e+01,1.771807061210486589e+00,-1.544644681492782556e+00,2.161561464994003756e-02
1.051278045533014620e+03,5.325981468671731278e+01,1.976679969215004329e+00,-1.546213118981600632e+00,2.356747773291571757e-02
1.055668090604413237e+03,5.400690004380619769e+01,2.141015126356989207e+00,-1.554585986602879055e+00,2.961466705267319643e-02
1.060076468119651963e+03,5.311437984977143145e+01,9.294212611849955730e-01,-1.538088741952673200e+00,1.819481841701003216e-02
1.064503254633409142e+03,5.437287713942392742e+01,9.929408255272023087e-01,-1.558021146118670375e+00,1.703298244967528172e-02
1.068948527020051642e+03,5.452193537945041868e+01,1.575601349444252897e+00,-1.553723703896096042e+00,2.773289713707655785e-02
1.073412362474965903e+03,5.462662782720526877e+01,1.314318205921371163e+00,-1.537602462021737004e+00,2.712017014436229195e-02
1.077894838515899892e+03,5.387606805954533229e+01,1.413960545126678792e+00,-1.557179720403001788e+00,1.636734050365823423e-02
1.082396032984308704e+03,5.483318956775950426e+01,1.273571526872505855e+00,-1.563807452724502278e+00,1.930238749772331119e-02
1.086916024046706525e+03,5.536026627223486685e+01,1.446688539991495492e+00,-1.553009165474625863e+00,2.321099543850675337e-02
1.091454890196024053e+03,5.657890879082891900e+01,1.070991712345723323e+00,-1.567456173304011102e+00,2.959684485780582006e-02
1.096012710252971829e+03,5.529885927364101406e+01,1.719626153866461449e+00,-1.553605457500532694e+00,2.564543357584508909e-02
1.100589563367408118e+03,5.709323386226043340e+01,1.479107333230222476e+00,-1.552116082147583898e+00,3.211309291568092972e-02
1.105185529019716114e+03,5.661051478774919588e+01,1.993107970634818704e+00,-1.538670817128815038e+00,2.222231252685561223e-02
1.109800687022177954e+03,5.622031732165358164e+01,1.398860462480689737e+00,-1.552158597978603227e+00,2.259905425569877849e-02
1.114435117520368749e+03,5.734930401351200402e+01,8.251916452146130787e-01,-1.545376632984836851e+00,2.453329972982845955e-02
1.119088900994543337e+03,5.789052051052745895e+01,1.802501073581733060e+00,-1.539754339131226279e+00,2.512714358129667161e-02
1.123762118261034630e+03,5.786749287658597041e+01,1.608118390707403256e+00,-1.558987975285283767e+00,2.744088999964898468e-02
1.128454850473657871e+03,5.817914198411392590e+01,1.264189854174319727e+00,-1.531890681855639480e+00,2.215683044335034838e-02
1.133167179125119446e+03,5.845796563843737204e+01,1.018769753450324389e+00,-1.567009748125240964e+00,3.321604455192229272e-02
1.137899186048432512e+03,5.933992580474582468e+01,1.710577821862565573e+00,-1.556779523065560111e+00,3.946375971470317268e-02
1.142650953418336712e+03,5.918735520511587822e+01,1.602914784875662857e+00,-1.535346139859491865e+00,2.720313286350664259e-02
1.147422563752728365e+03,5.958387586830322391e+01,1.856890351119249161e+00,-1.541721200677079961e+00,3.020901651214055739e-02
1.152214099914087456e+03,5.961878944250258883e+01,1.811129868160104683e+00,-1.548763073077996655e+00,1.132792833826285796e-02
1.157025645110923961e+03,6.031168487689421909e+01,1.223760735714932935e+00,-1.551531342856974804e+00,3.757181280116265315e-02
1.161857282899217807e+03,6.091111104526962805e+01,2.348034680052271117e+00,-1.538096511879916140e+00,4.240557873223171209e-02
1.166709097183872018e+03,6.078369247355859528e+01,2.034566338363751559e+00,-1.533057936751555328e+00,2.843326949439686779e-02
1.171581172220168810e+03,6.128354618219181305e+01,2.189469577958502722e+00,-1.553299335288583105e+00,3.844491823630608734e-02
1.176473592615232747e+03,6.213739969550469766e+01,1.873098977403152121e+00,-1.543090673588179085e+00,2.725203459956259538e-02
1.181386443329500707e+03,6.168248455961194310e+01,1.875038748986324277e+00,-1.548504480444506282e+00,2.524258669281798442e-02
1.186319809678197316e+03,6.141027190595768559e+01,1.400874103623828582e+00,-1.566210551346433055e+00,3.860343364161226976e-02
1.191273777332816280e+03,6.275837600322254417e+01,1.817609262158387473e+00,-1.558965541207250505e+00,3.537272056008162330e-02
1.196248432322605368e+03,6.292830413300246306e+01,1.905831064185854684e+00,-1.548455926926162851e+00,2.144314843794412756e-02
1.201243861036065937e+03,6.319029947498593458e+01,2.021970833270855472e+00,-1.540694350088990916e+00,3.208133279370520285e-02
1.206260150222449056e+03,6.388164479249947192e+01,1.357628802514422306e+00,-1.553441393437942297e+00,3.944728532514864272e-02
1.211297386993263444e+03,6.406497101825516438e+01,1.026666662242845973e+00,-1.550325579097778350e+00,2.195410861160932911e-02
1.216355658823787508e+03,6.459507779664690474e+01,1.196065432896560310e+00,-1.546319394006245407e+00,1.881787780117700343e-02
1.221435053554588649e+03,6.403077719608127438e+01,1.666606722721455158e+00,-1.544483332478046034e+00,3.007594718756871274e-02
1.226535659393048945e+03,6.498951581876504235e+01,1.364671956997605129e+00,-1.537989103897398735e+00,2.477270357822218896e-02
1.231657564914896966e+03,6.446477164660308290e+01,1.364968660036836701e+00,-1.540794358299166111e+00,2.614619153537720356e-02
1.236800859065747090e+03,6.571632950683195418e+01,1.937056999317799066e+00,-1.532579638876623962e+00,2.726629188335419687e-02
1.241965631162638374e+03,6.537242483998740283e+01,1.407582368526485439e+00,-1.536472102976589982e+00,2.768619820625390499e-02
1.247151970895594332e+03,6.559561005952984658e+01,2.264714567072560136e+00,-1.544765776665428358e+00,2.286245080325507995e-02
1.252359968329174762e+03,6.739287390587867321e+01,1.858677130618516138e+00,-1.546038847047058074e+00,3.483178966782735780e-02
1.257589713904041218e+03,6.651846872642748565e+01,1.285033845467889568e+00,-1.545206887551400232e+00,1.588002932730540537e-02
1.262841298438527474e+03,6.681943622914198500e+01,1.108794331877539951e+00,-1.569220634909613166e+00,3.009189421714456719e-02
1.268114813130216817e+03,6.778427353992277915e+01,1.164298497440325209e+00,-1.552449453834759296e+00,2.821439277484416239e-02
1.273410349557525478e+03,6.779071463124378738e+01,2.241286553399427728e+00,-1.552047706041993269e+00,2.482640540612261401e-02
1.278727999681293568e+03,6.886222904827216951e+01,1.978823417103770632e+00,-1.544184771242522292e+00,3.411760000658618092e-02
1.284067855846380780e+03,6.837311026593673091e+01,1.253065265175590026e+00,-1.546384443947254717e+00,1.942813846651174348e-02
1.289430010783273019e+03,6.949869800931934094e+01,2.214465963252302938e+00,-1.549127739228268963e+00,2.211176903585111014e-02
1.294814557609686290e+03,7.005993498930601504e+01,1.732887742767764028e+00,-1.552965974613239375e+00,2.059865163293770479e-02
1.300221589832191967e+03,7.041924052502994869e+01,1.390234870950942669e+00,-1.553727900124426187e+00,2.140329559432418982e-02
1.305651201347835240e+03,7.120104783266519632e+01,1.857065519049125868e+00,-1.556268892263405368e+00,1.952022588395471367e-02
1.311103486445767430e+03,7.139563472406523204e+01,1.772275321432080997e+00,-1.536912738243792154e+00,2.884052269306992475e-02
1.316578539808882852e+03,7.064005830117120865e+01,1.530006698316582758e+00,-1.561298119893052672e+00,2.606373293678573150e-02
1.322076456515463406e+03,7.160679659538133990e+01,1.608186334413030716e+00,-1.554579398796081868e+00,2.065074025649149894e-02
1.327597332040829542e+03,7.276809189802351341e+01,1.649789065462798687e+00,-1.539841348294295642e+00,1.487825674492320414e-02
1.333141262258998267e+03,7.361939267526922492e+01,1.667563691661677172e+00,-1.566314045255710719e+00,1.927593314334091062e-02
1.338708343444349566e+03,7.223805703847448001e+01,2.024480032531054796e+00,-1.563518236339463519e+00,2.846628154685131723e-02
1.344298672273292823e+03,7.444724844604579062e+01,1.978348342159535145e+00,-1.553492523284325744e+00,1.985809021742180117e-02
1.349912345825953253e+03,7.344932109581158386e+01,2.099381450576856434e+00,-1.533841551227558053e+00,3.367382345758332396e-02
1.355549461587853102e+03,7.475016892090440024e+01,1.467501090628162252e+00,-1.554386984618440160e+00,3.090029827878208388e-02
1.361210117451605811e+03,7.516381588427815075e+01,1.571898053800464101e+00,-1.545076026742957964e+00,2.809435143137723259e-02
1.366894411718615629e+03,7.542478283581240817e+01,1.898365269313329495e+00,-1.560188266923499878e+00,2.894382312122061041e-02
1.372602443100784512e+03,7.528584169298004269e+01,1.260709959753348652e+00,-1.560386538458637729e+00,2.675624758308787349e-02
1.378334310722227428e+03,7.710992060234897849e+01,3.161035807050486479e+00,-1.556544879668640302e+00,3.067557398633066409e-02
1.384090114120992439e+03,7.708427244145427437e+01,2.562361694090994124e+00,-1.563377736279272234e+00,2.534647529658694623e-02
1.389869953250791241e+03,7.700916211222636321e+01,1.769627200174060055e+00,-1.521184020005022397e+00,2.672880650174091696e-02
1.395673928482729252e+03,7.848191996223215483e+01,2.083303773265204217e+00,-1.553670891342018079e+00,2.501965732304966064e-02
1.401502140607057072e+03,7.814198895652604904e+01,1.358380573229205801e+00,-1.547362845734322701e+00,2.790636531881121596e-02
1.407354690834915573e+03,7.784072729163629845e+01,1.155785501935388870e+00,-1.563208113207663841e+00,2.846678863887399172e-02
1.413231680800093727e+03,7.951087874384555221e+01,1.858373660166121377e+00,-1.551924593202149039e+00,2.575979434681689717e-02
1.419133212560794846e+03,8.056482400883767525e+01,2.249696416213843086e+00,-1.558254547650316235e+00,2.579510833123698985e-02
1.425059388601408500e+03,8.100321287065200693e+01,3.019426403695611327e+00,-1.543171214755284959e+00,3.698826471184891995e-02
1.431010311834289496e+03,8.023286248659078979e+01,2.596649934108729241e+00,-1.536591603309380716e+00,4.768107507013501223e-02
1.436986085601545938e+03,7.908221347427574699e+01,2.334022417469634014e+00,-1.549404334854408649e+00,2.829891188287437728e-02
1.442986813676835027e+03,8.167890925674819869e+01,1.571150894005248322e+00,-1.554889212706471069e+00,2.835626736799063199e-02
1.449012600267159542e+03,8.243265244356400956e+01,1.561577452316389669e+00,-1.563140504434105349e+00,3.122798516439951808e-02
1.455063550014685461e+03,8.077290117768652067e+01,3.008871199601978130e+00,-1.550187673095335894e+00,1.714432860668226033e-02
1.461139767998554134e+03,8.348780756805882675e+01,2.050466195078795906e+00,-1.538497668048903755e+00,1.662524609264381253e-02
1.467241359736707864e+03,8.327524593785707907e+01,2.184139698612081570e+00,-1.543978683786192185e+00,3.122354751816979954e-02
1.473368431187723218e+03,8.483454120323224856e+01,2.061450636005007109e+00,-1.561957431946988439e+00,2.919649513058534401e-02
1.479521088752649803e+03,8.508931387847287908e+01,1.581259201817712512e+00,-1.562025263710781875e+00,2.781399463950580755e-02
1.485699439276859493e+03,8.496283150073236357e+01,1.643570964811563506e+00,-1.564960536880526387e+00,3.168613129769939918e-02
1.491903590051900665e+03,8.655072912414074437e+01,2.058268143726300181e+00,-1.555429476838037672e+00,2.414357274920415561e-02
1.498133648817361291e+03,8.548689519455672325e+01,2.051683223272423362e+00,-1.558954127057101680e+00,2.388378647389978113e-02
1.504389723762742960e+03,8.728746198171235449e+01,1.478208004620595206e+00,-1.552783833162636240e+00,2.151230718621396920e-02
1.510671923529331934e+03,8.668499422247153063e+01,3.102287247672947945e+00,-1.550657257390991584e+00,2.843675218007618230e-02
1.516980357212095441e+03,8.727913304767895397e+01,1.982918268985605526e+00,-1.560188571819564496e+00,2.654583520049151601e-02
1.523315134361570699e+03,8.893504826861411061e+01,2.718249026045667094e+00,-1.543565007962894864e+00,2.166729990952518531e-02
1.529676364985768259e+03,8.788141156142042121e+01,2.366991094471436519e+00,-1.553064652221798791e+00,2.082149969562983524e-02
1.536064159552082174e+03,9.096368449725791550e+01,2.992238177574962688e+00,-1.555807575883213945e+00,2.475427876786638268e-02
1.542478628989208801e+03,9.089853981048278797e+01,1.723684757206415341e+00,-1.560787771994306627e+00,3.205127708310027967e-02
1.548919884689073342e+03,9.110203294569565458e+01,2.708781752521109532e+00,-1.547167698744917441e+00,2.446665941454010187e-02
1.555388038508765021e+03,9.054456149055147307e+01,2.865187139147512330e+00,-1.574372979867167732e+00,3.149693642061106996e-02
1.561883202772474078e+03,9.248524691900639993e+01,2.861802345057296026e+00,-1.553835515757331809e+00,1.219913195937567460e-02
1.568405490273451505e+03,9.222594634606463160e+01,1.785964630536435838e+00,-1.555187215222573194e+00,1.168517568079939159e-02
1.574955014275960821e+03,9.493590891296135226e+01,3.000269950976484079e+00,-1.562101820492504789e+00,3.083150834644607374e-02
1.581531888517248035e+03,9.373991693817403359e+01,2.710297089050146546e+00,-1.551276656673714616e+00,1.644887682208816954e-02
1.588136227209515482e+03,9.560649175997480143e+01,2.009963604190843078e+00,-1.553440943845513456e+00,1.724496502606690657e-02
1.594768145041905882e+03,9.489729798310679598e+01,2.454552617591863495e+00,-1.559774043269539501e+00,1.652303826130658085e-02
1.601427757182493679e+03,9.633534970083266558e+01,1.910760795462066008e+00,-1.562833674005626339e+00,2.540775784073249360e-02
1.608115179280284565e+03,9.715542931730450960e+01,1.990311301431441526e+00,-1.550439298641342223e+00,4.522735898805798488e-02
1.614830527467225465e+03,9.665784749918819330e+01,2.494676406105318822e+00,-1.550738841733631634e+00,1.610576880424464605e-02
1.621573918360221114e+03,9.743792823636415790e+01,2.203289594745656998e+00,-1.557166840269186725e+00,2.439300064318295977e-02
1.628345469063152905e+03,9.860900656277912901e+01,1.644547291591598404e+00,-1.564855618423796724e+00,1.903589378249832473e-02
1.635145297168923662e+03,1.008200681659022422e+02,1.897609015924883513e+00,-1.552436175935533402e+00,2.438088117917395006e-02
1.641973520761491727e+03,9.913722910463211235e+01,2.350978068428366097e+00,-1.570033329391950616e+00,2.126315940037407787e-02
1.648830258417923460e+03,1.009212813340937345e+02,2.370763851738230787e+00,-1.569245555557531757e+00,2.771062210563436656e-02
1.655715629210453017e+03,1.031262994421613683e+02,2.752960137797697548e+00,-1.569613286324474721e+00,2.544121098531109543e-02
1.662629752708550086e+03,1.008226076416277124e+02,3.154579928164664260e+00,-1.554307690946351128e+00,2.174241784334393288e-02
1.669572748980995129e+03,1.041330980560916686e+02,1.173535562743619476e+00,-1.566904697574457161e+00,2.030160981033255624e-02
1.676544738597965988e+03,1.028179820997057021e+02,1.991947455428218605e+00,-1.578338561689450303e+00,1.996720957300620117e-02
1.683545842633132452e+03,1.062064901954355065e+02,2.954622065539543208e+00,-1.550943899757114330e+00,1.841724736384181549e-02
1.690576182665752640e+03,1.052167960064085719e+02,2.068113034870082245e+00,-1.569326135666512023e+00,2.174225893531620685e-02
1.697635880782793492e+03,1.049801920848885430e+02,3.085810695261362646e+00,-1.555990471910273065e+00,9.795178531214501078e-03
1.704725059581045343e+03,1.054169530796976630e+02,1.284786978462961304e+00,-1.541491241170303006e+00,2.194941515851089181e-02
1.711843842169251275e+03,1.049663159161363666e+02,2.413869810954859751e+00,-1.559902725702138504e+00,2.101101122773147561e-02
1.718992352170246477e+03,1.084045639279075601e+02,3.413754412655085169e+00,-1.556891255675326713e+00,2.795586531312245493e-02
1.726170713723103745e+03,1.088384627703823782e+02,1.967741841122356838e+00,-1.553295651198735694e+00,1.584263099370183947e-02
1.733379051485289892e+03,1.083313109743533005e+02,3.707965008920978356e+00,-1.557248436083896070e+00,3.880947209159500005e-02
1.740617490634830574e+03,1.111495572741850566e+02,2.282870441938936512e+00,-1.565328214026205034e+00,2.797170273266682411e-02
1.747886156872483753e+03,1.111717985103442032e+02,2.612191202737266682e+00,-1.565479944529010403e+00,1.819578082631028923e-02
1.755185176423924531e+03,1.121638380048302963e+02,2.862909450351580176e+00,-1.567961370565456480e+00,2.293038462989750378e-02
1.762514676041930215e+03,1.118541565639252866e+02,2.338949397616210568e+00,-1.553398912979870650e+00,2.588758970007706481e-02
1.769874783008591749e+03,1.141079767341821452e+02,2.432325512612679486e+00,-1.560531475537273449e+00,2.619393574586838594e-02
1.777265625137516963e+03,1.139582107741990455e+02,3.990702324944112700e+00,-1.552236388459772520e+00,4.865649520858791877e-02
1.784687330776052931e+03,1.143078385462104762e+02,2.084773535674251832e+00,-1.559055189213809145e+00,2.386508664863095860e-02
1.792140028807513090e+03,1.151662828974762505e+02,3.040363686601307514e+00,-1.567800970228739876e+00,2.617993318095490976e-02
1.799623848653416644e+03,1.175181086937352859e+02,3.066763327876751433e+00,-1.542628751249247365e+00,3.963539384439399710e-02
1.807138920275736155e+03,1.186637858341067897e+02,4.763155612765451075e+00,-1.569041411360788008e+00,2.246821321959673740e-02
1.814685374179154906e+03,1.188071081208602635e+02,3.641637744849978819e+00,-1.557357129630907000e+00,3.984380612317862252e-02
1.822263341413327908e+03,1.213274885354341848e+02,3.110843803505105587e+00,-1.552256285074559372e+00,2.362597570269621763e-02
1.829872953575166775e+03,1.218206828585794881e+02,3.457397197393842436e+00,-1.591569412406470985e+00,3.883659585635348271e-02
1.837514342811118695e+03,1.242713548890559849e+02,4.184082002252739407e+00,-1.559346297918905222e+00,4.313458321298657000e-02
1.845187641819462669e+03,1.231811193768507309e+02,2.601003391954897381e+00,-1.577266386153381550e+00,2.590839153038429141e-02
1.852892983852614634e+03,1.272342860202909804e+02,3.632929970242397832e+00,-1.575537068924757422e+00,2.592249169654812710e-02
1.860630502719440528e+03,1.249919101792369673e+02,3.066079664249122594e+00,-1.566821560880282682e+00,2.766429774639679942e-02
1.868400332787580282e+03,1.265996518380818543e+02,5.337701247815598293e+00,-1.556304809696030134e+00,2.817561987764287748e-02
1.876202608985781580e+03,1.280098848260034572e+02,5.396302454777727853e+00,-1.572249087834693970e+00,3.503013046917608647e-02
1.884037466806242719e+03,1.272590920127529159e+02,3.567537245842702820e+00,-1.574630044958835962e+00,3.240550305268517089e-02
1.891905042306967516e+03,1.314479501816426250e+02,4.235706301629459603e+00,-1.553228578587513953e+00,1.850300795700879700e-02
1.899805472114119993e+03,1.315958249284244062e+02,3.384810817699827279e+00,-1.561499736951016626e+00,2.779171768306905321e-02
1.907738893424409298e+03,1.300110536688987395e+02,2.864252935790876808e+00,-1.549931458808180507e+00,3.450878822829875348e-02
1.915705444007463711e+03,1.365910602286550954e+02,4.595906004913996590e+00,-1.558647731551628279e+00,2.777512169376849041e-02
1.923705262208226031e+03,1.325490860861602869e+02,3.424054182054628193e+00,-1.560446602415774819e+00,3.664946706187977021e-02
1.931738486949354410e+03,1.370435553980635461e+02,3.107986611454983006e+00,-1.565014641349269819e+00,3.559178399911754054e-02
1.939805257733636836e+03,1.377500225705526873e+02,3.562307127462328360e+00,-1.558245644667259455e+00,2.239458000116708800e-02
1.947905714646412207e+03,1.386515679810017048e+02,5.298029153937529045e+00,-1.548509306948889996e+00,4.063307366055957798e-02
1.956039998358005732e+03,1.393787209666772640e+02,4.897290426860016588e+00,-1.548112255459626274e+00,1.547872719611975700e-02
1.964208250126163193e+03,1.386536290317320379e+02,5.162535472018559446e+00,-1.558686017061792217e+00,2.906606068648299665e-02
1.972410611798517039e+03,1.412912452095426090e+02,5.534777791938970459e+00,-1.538335788100074097e+00,3.329093677526056422e-02
1.980647225815040656e+03,1.410769476552473236e+02,3.883382988395263968e+00,-1.558022127233138487e+00,1.830704669111850313e-02
1.988918235210523790e+03,1.433066645818708480e+02,2.548043608318905751e+00,-1.571742785280936250e+00,3.486868881591811270e-02
1.997223783617057961e+03,1.414433716672028822e+02,4.054173734994336975e+00,-1.559563474037578779e+00,2.423616161943449934e-02
2.005564015266528941e+03,1.449146895130764392e+02,3.775931887710175072e+00,-1.569333849134156633e+00,1.913306470888540695e-02
2.013939074993122404e+03,1.481865317267019293e+02,3.311033049113192295e+00,-1.571167263557567972e+00,2.718013184924463616e-02
2.022349108235839140e+03,1.496579957699352121e+02,5.261265013629325082e+00,-1.556015344486159968e+00,2.970325595416997352e-02
2.030794261041020036e+03,1.534469758311682313e+02,4.441531712749078764e+00,-1.567663089142688593e+00,3.091704780559426796e-02
2.039274680064883341e+03,1.532662462149534406e+02,4.007950851799990666e+00,-1.567233667684833964e+00,1.881669918661997218e-02
2.047790512576072160e+03,1.528208065878991135e+02,3.706831311967445863e+00,-1.569639533908622653e+00,3.824913890260631805e-02
2.056341906458205358e+03,1.568596677779617039e+02,4.409433287726753470e+00,-1.559051443752593524e+00,2.715757097913746795e-02
2.064929010212455523e+03,1.565763010642525330e+02,4.753760220760140598e+00,-1.570770906833827585e+00,1.899691809494604561e-02
2.073551972960122384e+03,1.567491514616742450e+02,5.969840002531836554e+00,-1.568310642581554060e+00,1.706436280685674420e-02
2.082210944445223049e+03,1.590546730052851103e+02,2.219350929779865478e+00,-1.551645337824601345e+00,2.248451455660855844e-02
2.090906075037092251e+03,1.611490420442604261e+02,3.875518329299748821e+00,-1.562353887904181615e+00,2.598102496401213241e-02
2.099637515732993052e+03,1.605820518749063694e+02,4.466557517080217643e+00,-1.565897099884037358e+00,3.382229538197195629e-02
2.108405418160741647e+03,1.648687714732582208e+02,3.526935536543615690e+00,-1.563280311920273613e+00,1.734311995759748454e-02
2.117209934581338985e+03,1.660832365256073047e+02,3.282530928711918428e+00,-1.575436692813707573e+00,2.768711679111530294e-02
2.126051217891610122e+03,1.692223307121876417e+02,3.301251012460785006e+00,-1.575180240805848841e+00,2.284429701962090858e-02
2.134929421626868134e+03,1.680539860290508045e+02,3.659391292972455911e+00,-1.570556399771323219e+00,2.964123289405940290e-02
2.143844699963576204e+03,1.719104334281160504e+02,6.248677016673811480e+00,-1.572156127023825123e+00,3.473713747491662812e-02
2.152797207722023359e+03,1.723391445183947042e+02,2.923256041486661072e+00,-1.562804434452511604e+00,1.825506326923828984e-02
2.161787100369014752e+03,1.751201535437351708e+02,4.586680785001080451e+00,-1.573659032481937725e+00,4.242109332647148873e-02
2.170814534020572410e+03,1.767613570508468683e+02,3.895847255719772750e+00,-1.550283432798480465e+00,3.051583315469350716e-02
2.179879665444643706e+03,1.787113669738568831e+02,3.616188668825282448e+00,-1.584848375076753912e+00,2.627662700492338146e-02
2.188982652063826663e+03,1.777542397306585826e+02,3.646868467007432724e+00,-1.561179328502928731e+00,3.113466957580221864e-02
2.198123651958100709e+03,1.825324104027398562e+02,5.676932324685052045e+00,-1.585115408604989451e+00,2.750081117053157845e-02
2.207302823867577445e+03,1.864164981995411949e+02,4.012823574525378412e+00,-1.579261293568622104e+00,2.225758509937144844e-02
2.216520327195244590e+03,1.841656506152884845e+02,3.731023958878720403e+00,-1.578033380106488526e+00,2.371965302306602158e-02
2.225776322009751766e+03,1.898796490284543665e+02,6.813187609014443424e+00,-1.570067937966013183e+00,2.667499585454469885e-02
2.235070969048176721e+03,1.904841521826778035e+02,5.157761156630088273e+00,-1.569733694558774983e+00,1.635096041419857246e-02
2.244404429718823394e+03,1.929749241841289233e+02,4.555655548211078987e+00,-1.568122311390974133e+00,1.192577112063513897e-02
2.253776866104020428e+03,1.988323127471101373e+02,3.342396896962925634e+00,-1.592705168444985775e+00,2.785073282446063822e-02
2.263188440962939694e+03,1.991114570032990230e+02,6.154917038316725986e+00,-1.585549052429620520e+00,1.886361577976306339e-02
2.272639317734420729e+03,2.000402164604238919e+02,6.505299562375510547e+00,-1.573457241528185335e+00,2.612850001226037569e-02
2.282129660539811539e+03,2.027666653671691961e+02,6.018992732693307701e+00,-1.599371682536121719e+00,2.276510395403301759e-02
2.291659634185808954e+03,2.074592810901860389e+02,6.611947620933976921e+00,-1.567544691919546151e+00,1.785313208894944229e-02
2.301229404167336725e+03,2.079300754324697209e+02,6.639359642655850990e+00,-1.577704369056714739e+00,2.287169381691430900e-02
2.310839136670406788e+03,2.131182555273587127e+02,5.589315580709916631e+00,-1.586960565154946323e+00,2.971516917486613854e-02
2.320488998575010555e+03,2.153077156694841392e+02,4.684097667451473157e+00,-1.575667569462317008e+00,3.781198579871069415e-02
2.330179157458014743e+03,2.173416724793268600e+02,7.068747814547142738e+00,-1.574668094735465207e+00,2.995605886707026697e-02
2.339909781596073572e+03,2.209738842657504847e+02,6.333122961442344767e+00,-1.577388793464973515e+00,3.705894311193339702e-02
2.349681039968548248e+03,2.211234888450517815e+02,8.275585870482009554e+00,-1.574648539714930351e+00,3.552399426831896745e-02
2.359493102260444630e+03,2.245832224355529831e+02,3.740088722277454814e+00,-1.575849248807364766e+00,2.544312900524662094e-02
2.369346138865357261e+03,2.282745623528333567e+02,1.137125565205062117e+01,-1.588491159235135175e+00,2.483368847017984604e-02
2.379240320888429778e+03,2.296677271478133662e+02,9.149891849018755963e+00,-1.576128378399661800e+00,4.661342787280087219e-02
2.389175820149328047e+03,2.329917022510558979e+02,7.244667984515946735e+00,-1.583553833351911688e+00,3.024567456623135364e-02
2.399152809185214664e+03,2.386240857908475448e+02,7.910565027077858247e+00,-1.580213105907731785e+00,3.491399137728867785e-02
2.409171461253760299e+03,2.444523298165632355e+02,5.639347034326666730e+00,-1.570906109626435843e+00,2.164218271478848821e-02
2.419231950336141381e+03,2.438873040202592506e+02,7.250869940926357060e+00,-1.579779250152826719e+00,3.308677547678231384e-02
2.429334451140064175e+03,2.453348116082008801e+02,6.769814261856111237e+00,-1.599842392022203130e+00,1.719638467891204323e-02
2.439479139102799309e+03,2.500419960873221612e+02,6.365722949820246335e+00,-1.574818868985796039e+00,3.914970893918953004e-02
2.449666190394228124e+03,2.564536636557602947e+02,7.314883128461449502e+00,-1.567431071475579474e+00,3.613512579769481009e-02
2.459895781919903129e+03,2.568336810933737411e+02,5.194418345586060859e+00,-1.583059463493097452e+00,1.890723358024916714e-02
2.470168091324118905e+03,2.614188265734809420e+02,1.203536327361812930e+01,-1.576496651841485352e+00,2.637016371487568844e-02
2.480483296992992109e+03,2.715691421699136185e+02,8.290238966960965072e+00,-1.574008216690047091e+00,5.192888634979992563e-02
2.490841578057569677e+03,2.687596385526346126e+02,7.721442433507288428e+00,-1.582050218734128988e+00,3.440505754610654471e-02
2.501243114396932924e+03,2.762421429666677000e+02,7.563533197013170728e+00,-1.586742379051476748e+00,4.807158840621725271e-02
2.511688086641322570e+03,2.822572954578109830e+02,9.596547796014206710e+00,-1.578510147036696454e+00,1.796227260496152667e-02
2.522176676175274224e+03,2.836542161756775613e+02,6.861166203934688568e+00,-1.571203716761865543e+00,3.121495839228609695e-02
2.532709065140770235e+03,2.897405853564512768e+02,8.844707475501900618e+00,-1.588181219032646307e+00,2.886861288092472388e-02
2.543285436440401554e+03,2.921039944448866095e+02,7.058512108083998093e+00,-1.566017670617781299e+00,2.614815610282267277e-02
2.553905973740545051e+03,3.072268454216670648e+02,1.096603918038116099e+01,-1.592813038141640769e+00,3.902955271187844716e-02
2.564570861474551748e+03,3.104505449436545064e+02,7.279801965270877417e+00,-1.567319891650958308e+00,5.752105863310535971e-02
2.575280284845952337e+03,3.173474167394909955e+02,1.373235321094642991e+01,-1.560601009113368409e+00,2.490894326202970285e-02
2.586034429831664966e+03,3.169689300245409527e+02,9.254685562772479557e+00,-1.574336785303712016e+00,3.769317946741031905e-02
2.596833483185236673e+03,3.259265581234584488e+02,8.091622006821609148e+00,-1.587794694543209539e+00,3.805784126598055206e-02
2.607677632440080743e+03,3.285318223741795691e+02,1.758657986138679874e+01,-1.589966514135662035e+00,3.574379704292007104e-02
2.618567065912731323e+03,3.331728368238636904e+02,9.064017315793966745e+00,-1.610915431431832356e+00,3.144946259218370233e-02
2.629501972706118067e+03,3.474088108044654177e+02,1.057466741440185487e+01,-1.604234044830089356e+00,3.584214791083810414e-02
2.640482542712846225e+03,3.506497661117976463e+02,1.130681710286356356e+01,-1.610039442351709926e+00,3.007933388543371916e-02
2.651508966618497197e+03,3.627489109358588166e+02,1.554223840494953990e+01,-1.616307737579079529e+00,3.202080324969523023e-02
2.662581435904940008e+03,3.680615784185970938e+02,1.670912015279913376e+01,-1.568607045225633101e+00,3.600693608734505807e-02
2.673700142853647776e+03,3.757908329951949895e+02,1.414113637428700976e+01,-1.604537761255982575e+00,4.028672629516617809e-02
2.684865280549053296e+03,3.742195407730979468e+02,7.780548312122762766e+00,-1.589132555816458847e+00,3.647212221875596044e-02
2.696077042881888701e+03,3.890485452832803048e+02,2.006634618489832178e+01,-1.610755061380625408e+00,5.327849440155078831e-02
2.707335624552557874e+03,4.101204933007296631e+02,1.440706033536897479e+01,-1.598138054547926679e+00,3.433131227445791051e-02
2.718641221074516125e+03,4.106390215923524920e+02,1.026254233039106900e+01,-1.627335301479919227e+00,4.340356298417615000e-02
2.729994028777666244e+03,4.167769181425757097e+02,1.149401257049462188e+01,-1.603132853148402148e+00,4.181905366299492471e-02
2.741394244811766384e+03,4.350489855033627578e+02,1.193800186759064452e+01,-1.635422047878110963e+00,2.954958495230666435e-02
2.752842067149857030e+03,4.348366552550811548e+02,1.494614140770979382e+01,-1.597331658815233313e+00,3.449681336459938658e-02
2.764337694591693889e+03,4.484034547369011534e+02,1.237267279508199103e+01,-1.611178211703694130e+00,3.796328182329273410e-02
2.775881326767205792e+03,4.576937537585777136e+02,1.361263257547679650e+01,-1.619244120186715152e+00,2.568761978511877389e-02
2.787473164139959408e+03,4.790075151093773229e+02,1.887470527562515699e+01,-1.619751557295796562e+00,4.972957203449641927e-02
2.799113408010632611e+03,4.892810498499142113e+02,1.888373213879251011e+01,-1.621412139296827704e+00,4.242786588880650273e-02
2.810802260520524669e+03,5.047605409649453350e+02,1.935658821396819818e+01,-1.618008645295930137e+00,3.016393978400859141e-02
2.822539924655057348e+03,5.223754338733505165e+02,1.919561620215519682e+01,-1.624238767409122541e+00,4.553978984008127950e-02
2.834326604247301475e+03,5.405604421585320551e+02,1.879083446214742992e+01,-1.647016087916397309e+00,2.800245777097292929e-02
2.846162503981516238e+03,5.403566600715627146e+02,2.319243428567118670e+01,-1.635619418655229085e+00,3.691761527187939484e-02
2.858047829396705311e+03,5.660430824206816851e+02,1.779209797079661115e+01,-1.651539107860589883e+00,2.772431686030433010e-02
2.869982786890185253e+03,5.923715629861710568e+02,1.991457273702912545e+01,-1.629908032092024284e+00,3.289328676481052816e-02
2.881967583721171195e+03,6.209264721121586490e+02,2.677175353741291275e+01,-1.647602693981343291e+00,3.817412340542375437e-02
2.894002428014367979e+03,6.410059973569614158e+02,1.606532375862138551e+01,-1.634530344368249954e+00,2.604256856061373457e-02
2.906087528763598584e+03,6.581266149410851085e+02,2.053045412953198934e+01,-1.667955118392002500e+00,2.137210894686392831e-02
2.918223095835422555e+03,6.793880437364450700e+02,1.949414351335028428e+01,-1.652519814462353409e+00,4.564790224569254679e-02
2.930409339972784437e+03,7.127543738467998082e+02,1.554858035314744846e+01,-1.674780724966490553e+00,2.027024975355663783e-02
2.942646472798673130e+03,7.310449503304139398e+02,1.945724728884448851e+01,-1.679803181188600503e+00,1.665732085284677561e-02
2.954934706819796247e+03,7.778785047420611818e+02,2.651070965432798587e+01,-1.681981463525386244e+00,4.071817749088505606e-02
2.967274255430270841e+03,8.000074478046461763e+02,2.300841705197571585e+01,-1.689930039819988128e+00,4.843477267264586356e-02
2.979665332915329145e+03,8.534545174741399478e+02,3.408933073323641594e+01,-1.692707587552356951e+00,1.958075271826710886e-02
2.992108154455039312e+03,8.842207130392996532e+02,3.451671788799756513e+01,-1.717082289498953473e+00,4.199361448139375674e-02
3.004602936128046167e+03,9.395473620046013821e+02,2.833388340709136699e+01,-1.733635964248726014e+00,4.128162824274409642e-02
3.017149894915311052e+03,9.872599235943932854e+02,3.258386585004327429e+01,-1.720026855082571249e+00,3.376721212745028428e-02
3.029749248703897592e+03,1.065394370715638161e+03,3.825794040103836124e+01,-1.755653037885833045e+00,3.354945629927409689e-02
3.042401216290743378e+03,1.124610509432507342e+03,3.687003868972853127e+01,-1.758857631349403317e+00,3.466775682679632681e-02
3.055106017386463918e+03,1.204249092373675012e+03,2.266060055884862479e+01,-1.799229639348397969e+00,2.184670095735163908e-02
3.067863872619165704e+03,1.307503503330852254e+03,4.127175062465820332e+01,-1.821120333942354730e+00,3.642293554192557736e-02
3.080675003538280180e+03,1.417677094559233410e+03,3.354722455143865290e+01,-1.831531001743392562e+00,2.672134898513912546e-02
3.093539632618408177e+03,1.609475610225788614e+03,6.899829832297810128e+01,-1.850581181086159877e+00,2.454032879999728731e-02
3.106457983263190272e+03,1.883623276269112012e+03,4.856762140780493553e+01,-1.903651999492629088e+00,2.798062548605283889e-02
3.119430279809169406e+03,3.572285040839942667e+03,1.619527854085847594e+02,-2.501467783943323475e+00,5.864727517001081664e-02
3.132456747529709446e+03,3.707751334199195753e+03,8.962898265369629769e+01,-2.711663558888751435e+00,4.509320607808707526e-02
3.145537612638891915e+03,3.786520937407063229e+03,1.894760800829249376e+02,-3.009935749706041719e+00,2.920763554446878171e-02
3.158673102295449098e+03,3.803366520821060931e+03,8.962965735552155877e+01,3.019510699346623195e+00,3.783391065204702586e-02
3.171863444606708526e+03,3.720400115383817138e+03,1.623203072178702087e+02,2.788855580013360314e+00,3.993073164333912906e-02
3.185108868632552458e+03,3.742659070427992901e+03,1.991077953058488959e+02,2.583826333424887434e+00,5.250961540945246753e-02
3.198409604389399192e+03,3.383288800388475011e+03,9.515045426107597848e+01,2.094897837809864605e+00,3.077607226363006029e-02
3.211765882854193478e+03,3.139018389942087651e+03,1.114142121135493966e+02,2.078042217877572373e+00,3.519079671201186948e-02
3.225177935968421480e+03,2.952876680076801676e+03,7.637341707881783748e+01,2.051839697930774697e+00,3.588696802826987775e-02
3.238645996642135742e+03,2.843709335252213350e+03,9.806194484246367438e+01,2.027540237307166926e+00,3.395415430044344818e-02
3.252170298758003355e+03,2.718277085410263680e+03,6.937489071156085174e+01,1.982491949188606384e+00,2.452229195525171268e-02
3.265751077175356386e+03,2.531699022833350227e+03,6.800679852731157382e+01,1.956764989461089455e+00,4.237825800791097247e-02
3.279388567734288245e+03,2.370982038484971326e+03,7.329805248027133757e+01,1.923410175452999082e+00,2.675625112865755856e-02
3.293083007259736405e+03,2.203800491227746079e+03,6.996361018461276160e+01,1.877981037383745555e+00,2.880404422585896435e-02
3.306834633565598779e+03,2.123699155790814075e+03,5.390973968473673494e+01,1.885599616792952515e+00,3.782775000237711960e-02
3.320643685458863729e+03,1.991599455040957764e+03,3.276221227196140262e+01,1.862579175004059895e+00,2.512678611276697102e-02
3.334510402743755549e+03,1.884407093799218273e+03,4.430258331881208989e+01,1.833801001777333184e+00,5.414172541030289748e-02
3.348435026225904494e+03,1.757802517301296120e+03,5.094183152098139544e+01,1.815582035669167649e+00,4.405273089546411086e-02
3.362417797716513178e+03,1.667483598963673330e+03,7.316170710252887943e+01,1.792501049546557423e+00,3.459795319449496254e-02
3.376458960036577082e+03,1.522183189038119508e+03,5.621151327054576541e+01,1.785365373676744749e+00,2.193660464842015975e-02
3.390558757021087786e+03,1.454364877224758175e+03,4.458992456434849316e+01,1.772263308658144521e+00,3.975993943828073224e-02
3.404717433523269847e+03,1.352979319905332204e+03,2.554710918058456315e+01,1.767025496661975170e+00,3.880622002679241789e-02
3.418935235418834054e+03,1.290618182118582581e+03,2.696580821371977166e+01,1.743610421162742785e+00,3.415522005293907676e-02
3.433212409610245686e+03,1.234355260724427808e+03,3.731645196612055315e+01,1.747101380112609403e+00,3.762965617311431893e-02
3.447549204031014597e+03,1.147634715816029029e+03,3.105754173937894791e+01,1.739809623995400845e+00,3.749520793067200736e-02
3.461945867649997581e+03,1.089229038885104956e+03,3.873859641177790536e+01,1.714452340506421368e+00,2.026709672361400386e-02
3.476402650475725295e+03,1.028522378578370308e+03,3.789003181825569300e+01,1.693948797383086458e+00,2.556214716979352680e-02
3.490919803560740547e+03,9.605776850869563077e+02,2.418346393125039029e+01,1.699473730946374772e+00,2.913662320853997040e-02
3.505497579005963871e+03,9.317655192151145229e+02,2.973956688056996356e+01,1.711992318385580303e+00,3.681466145511533977e-02
3.520136229965056827e+03,8.828623311094072506e+02,2.288550843733496265e+01,1.703039055355914710e+00,2.229409877839669263e-02
3.534836010648838965e+03,8.410518995275697307e+02,1.682575619341303863e+01,1.716830544033940864e+00,3.822556723143308993e-02
3.549597176329687500e+03,8.040866331289641948e+02,1.084636894286036934e+01,1.679159619914365020e+00,3.798663186868324326e-02
3.564419983345976107e+03,7.758310800555544802e+02,2.011735824665256089e+01,1.720013776363561675e+00,2.426213195490654548e-02
3.579304689106524620e+03,7.481242467076378944e+02,1.674118127899632924e+01,1.667180414732368776e+00,2.022871533342721073e-02
3.594251552095068746e+03,7.240926889733704002e+02,1.673894734819647567e+01,1.666588150662850598e+00,3.157479265541028590e-02
3.609260831874754331e+03,6.863862086306004358e+02,2.152577198132299685e+01,1.676430184622313302e+00,3.971660319711058790e-02
3.624332789092628445e+03,6.579493695428188857e+02,1.633280982952990357e+01,1.684113745475380952e+00,2.809023369752582100e-02
3.639467685484189587e+03,6.199981107405576495e+02,2.318520589712442259e+01,1.673304152481959850e+00,2.350576100594672230e-02
3.654665783877915601e+03,6.161212510968296101e+02,2.261262100641148720e+01,1.666367748444913088e+00,4.336854427750085061e-02
3.669927348199833887e+03,5.958905145207388614e+02,1.685840737146224555e+01,1.648589963972283190e+00,3.191240066453752272e-02
3.685252643478103892e+03,5.783255252025288655e+02,1.042162263531768573e+01,1.647752246327547354e+00,2.587639948933279088e-02
3.700641935847619152e+03,5.612547604724416033e+02,1.531418736252073387e+01,1.666384288302529937e+00,4.358821699056308202e-02
3.716095492554629345e+03,5.433105909351194214e+02,1.339787835042393738e+01,1.659158264848546338e+00,4.508324723460731959e-02
3.731613581961380987e+03,5.180988543272038669e+02,2.326863940435082867e+01,1.687985092019874234e+00,3.646691485589798748e-02
3.747196473550778137e+03,5.209943572731228869e+02,1.196268368698439133e+01,1.655662829685373483e+00,2.812615993444866208e-02
3.762844437931061293e+03,5.047677097336986662e+02,1.811941523138463594e+01,1.646305852065852893e+00,2.832338115750781746e-02
3.778557746840507662e+03,4.839129354950945299e+02,1.252230893404479239e+01,1.667829805437151647e+00,2.799714160877891933e-02
3.794336673152153708e+03,4.683389355636369373e+02,1.106221938127936077e+01,1.640028223482030700e+00,2.895668492889235182e-02
3.810181490878518161e+03,4.637887183289153654e+02,1.619721350071168331e+01,1.668514906555261801e+00,3.874442207871913596e-02
3.826092475176382777e+03,4.492117366666630005e+02,1.357196559826713589e+01,1.655617225296208916e+00,3.514004765559387150e-02
3.842069902351557630e+03,4.357774748059508170e+02,1.530444128830112405e+01,1.640178989695826317e+00,3.055848466220580095e-02
3.858114049863680521e+03,4.212119854258641567e+02,1.232388717355731167e+01,1.662199186972028286e+00,2.825195558256472783e-02
3.874225196331036386e+03,4.175244195177733673e+02,1.819535993250766737e+01,1.648410368286618466e+00,5.269067381204849826e-02
3.890403621535396724e+03,4.106847100502067178e+02,1.262354959175858937e+01,1.635484261030970332e+00,4.878563213505619778e-02
3.906649606426879927e+03,3.945528980972061390e+02,1.290786512809428466e+01,1.662761938898807745e+00,4.094432856819625599e-02
3.922963433128816177e+03,3.858096530319380690e+02,9.660608878939521915e+00,1.637526460840489140e+00,3.355137915389771325e-02
3.939345384942670535e+03,3.875203488987420428e+02,9.094229046044237208e+00,1.657799047005195092e+00,3.349580164388662323e-02
3.955795746352944661e+03,3.710602975156025423e+02,1.553639215227125980e+01,1.636728935252489192e+00,3.829365810603215653e-02
3.972314803032124019e+03,3.692238658450689854e+02,1.333109461571110721e+01,1.647871670394684518e+00,5.099952283703123451e-02
3.988902841845636885e+03,3.539870527018753137e+02,1.096255293487680937e+01,1.643596378533091595e+00,4.283134809299597029e-02
4.005560150856835662e+03,3.513462149382832536e+02,1.777672611345046505e+01,1.620792093910650378e+00,4.114283629265265418e-02
4.022287019332001819e+03,3.424734576385664582e+02,1.358452177156022245e+01,1.654582601255193186e+00,3.182976587603511542e-02
4.039083737745365397e+03,3.358330997431825722e+02,1.036053248367884727e+01,1.629164858682145223e+00,4.135826969518950624e-02
4.055950597784153160e+03,3.289285813314475604e+02,1.486832359119717850e+01,1.627447207891506764e+00,3.834461535476281491e-02
4.072887892353651750e+03,3.194151470782959450e+02,1.107123027855927866e+01,1.673175187671942510e+00,3.450657350960355252e-02
4.089895915582297675e+03,3.177839324599766542e+02,1.536649753856284306e+01,1.635729320361078765e+00,5.694545168628754178e-02
4.106974962826770934e+03,3.198544773234694958e+02,1.037319391479254094e+01,1.626951597335169364e+00,3.618082529388137736e-02
4.124125330677146849e+03,3.119302101270523622e+02,1.092154194128991307e+01,1.616761417666927159e+00,3.104053659727816841e-02
4.141347316962031073e+03,3.075953096751874796e+02,1.009720744448744156e+01,1.633246024843507671e+00,5.461465481857360332e-02
4.158641220753735979e+03,2.958036106995981527e+02,1.464552982210878085e+01,1.624390963710767410e+00,4.067085612407261158e-02
4.176007342373472966e+03,2.966719792886506752e+02,1.283454820455664880e+01,1.632465455363968143e+00,3.403562688629754168e-02
4.193445983396568408e+03,2.879429112134172328e+02,1.260315673999491892e+01,1.624273918535643180e+00,4.182702155108061759e-02
4.210957446657705987e+03,2.821025560229443272e+02,1.147324370267014793e+01,1.626169929949935478e+00,1.772279214388267077e-02
4.228542036256165375e+03,2.797151688490980064e+02,5.828815472886842208e+00,1.599490803010798601e+00,4.144203429895522428e-02
4.246200057561135509e+03,2.752764835388622373e+02,9.846221845495891856e+00,1.607748783997432485e+00,3.345056425821771318e-02
4.263931817216991476e+03,2.720302157817781108e+02,1.001017378611354580e+01,1.617942700809987810e+00,6.863044790261735306e-02
4.281737623148630519e+03,2.666064339012554569e+02,1.372111379144441123e+01,1.633620211393791433e+00,6.823007105696908547e-02
4.299617784566817136e+03,2.639485797227248440e+02,1.032522359729204631e+01,1.615566827207403744e+00,7.351509501840336469e-02
4.317572611973552739e+03,2.644426924125751839e+02,1.053341750775212127e+01,1.623536456325864519e+00,3.471785373955715154e-02
4.335602417167468047e+03,2.547350104931735189e+02,1.351941130397821134e+01,1.635880141126548448e+00,4.090700419273006483e-02
4.353707513249238218e+03,2.513532061658467569e+02,1.054712165524761502e+01,1.586925970322625501e+00,3.873852234854516241e-02
4.371888214627017987e+03,2.482033064611139821e+02,9.587374438879665561e+00,1.617219197046910750e+00,4.556800897131112194e-02
4.390144837021903186e+03,2.431219548759831355e+02,1.028661541657441170e+01,1.619442353583593341e+00,3.193861543949069737e-02
4.408477697473414992e+03,2.413052277550761175e+02,9.970046530611879732e+00,1.631381457540884483e+00,3.931004634524478542e-02
4.426887114345006012e+03,2.357246558532004599e+02,5.925783369269247203e+00,1.596148252290249703e+00,4.959934795666311180e-02
4.445373407329575457e+03,2.354184659860358693e+02,1.471372749483600728e+01,1.603656881716430505e+00,4.265094944307789432e-02
4.463936897455044345e+03,2.336292871090130632e+02,8.987270491124483840e+00,1.597271993920177380e+00,3.394042343544360213e-02
4.482577907089913424e+03,2.294563011666359102e+02,1.150478039495914118e+01,1.600811650785510576e+00,3.593622473088965014e-02
4.501296759948867475e+03,2.291994420372325862e+02,9.618700812450953208e+00,1.603361790642040985e+00,3.361630066269566397e-02
4.520093781098393265e+03,2.274406005779385964e+02,1.122330076388677966e+01,1.599110103765210011e+00,2.767702803374404510e-02
4.538969296962429326e+03,2.211200857998214815e+02,1.320920477403634585e+01,1.618633198182124033e+00,4.311190298404797561e-02
4.557923635328033924e+03,2.157182109908656003e+02,9.320732730551618772e+00,1.603818299664897085e+00,3.553201903094353742e-02
4.576957125351064860e+03,2.127534912813045480e+02,7.769396683845823937e+00,1.598938833551519112e+00,4.900216490078883325e-02
4.596070097561916555e+03,2.102921611662004580e+02,9.739875992167636554e+00,1.606965252008436096e+00,4.904858932631354917e-02
4.615262883871245322e+03,2.077236368005106613e+02,6.518364907124903240e+00,1.603881130624994711e+00,2.714868961191489391e-02
4.634535817575740111e+03,2.067813586604881095e+02,9.314482744671694903e+00,1.612033064548890504e+00,3.640045634655065393e-02
4.653889233363904168e+03,2.031251715125819715e+02,8.780263268732028337e+00,1.598338380288168548e+00,3.735742152030001317e-02
4.673323467321873068e+03,2.040492978943736944e+02,9.978352481232528604e+00,1.627179520962531045e+00,5.327693482942396502e-02
4.692838856939247307e+03,2.012164706006519737e+02,8.697176382269141470e+00,1.626450599441186196e+00,2.794615928993850543e-02
4.712435741114954908e+03,1.933652566512681119e+02,7.477795512186208526e+00,1.595812349963723564e+00,2.966238136892603364e-02
4.732114460163135846e+03,1.948834781331125612e+02,6.020143231340077783e+00,1.604071254492935639e+00,4.935346249345300140e-02
4.751875355819052857e+03,1.875232701893904732e+02,4.327283045188123012e+00,1.631016698357273587e+00,2.932289971181863825e-02
4.771718771245028620e+03,1.901891532906572024e+02,8.955262864709892412e+00,1.608269995781972828e+00,2.682406902262653159e-02
4.791645051036388395e+03,1.858272994390053157e+02,6.284810688799470135e+00,1.608411340889952523e+00,4.372421795406605111e-02
4.811654541227471782e+03,1.802591683453485416e+02,7.082252913480578727e+00,1.625461373030238521e+00,4.829222831769622304e-02
4.831747589297622653e+03,1.828292073123396619e+02,9.600046591795097228e+00,1.607995690389556476e+00,3.179042018610958586e-02
4.851924544177227290e+03,1.793104835572359264e+02,8.570501603550860992e+00,1.585728977877650880e+00,2.046391756014113647e-02
4.872185756253776162e+03,1.775061416019484568e+02,4.632496218957016687e+00,1.626275050155854940e+00,6.097297836795441406e-02
4.892531577377944814e+03,1.805053973861319321e+02,8.981406983068914940e+00,1.591927508432423810e+00,4.949557035676653560e-02
4.912962360869714757e+03,1.742532914422413626e+02,6.049198735597583365e+00,1.594938779911827753e+00,3.559378240544286420e-02
4.933478461524483464e+03,1.710149112103074458e+02,6.298075747462638319e+00,1.600144956790288564e+00,2.525074702918572375e-02
4.954080235619258019e+03,1.702724646991546820e+02,6.018357894228531180e+00,1.590089272119614705e+00,3.904188068733401712e-02
4.974768040918822408e+03,1.674907903749556795e+02,4.776668536969295609e+00,1.625923511900396523e+00,5.162648173961122827e-02
4.995542236681956638e+03,1.678547598454272531e+02,5.104642866413020563e+00,1.600831742255863999e+00,2.522983202689298848e-02
5.016403183667671328e+03,1.640145213296866302e+02,6.531682769865310156e+00,1.620472062061196539e+00,1.842817054862132958e-02
5.037351244141475945e+03,1.670993015096971135e+02,5.684694088246701860e+00,1.601537271539262175e+00,3.966840301042959954e-02
5.058386781881670686e+03,1.641426665932424100e+02,1.053286775455404545e+01,1.596876997522979069e+00,4.301798599563798342e-02
5.079510162185659283e+03,1.617586982342631359e+02,4.418148769697325839e+00,1.591431552477293065e+00,4.955386443418458020e-02
5.100721751876298185e+03,1.578805635058581061e+02,4.857060730867337028e+00,1.595377267236110841e+00,3.953513023320586600e-02
5.122021919308262113e+03,1.595584119049889011e+02,5.434688330423181668e+00,1.607854876959147861e+00,6.366606812221664580e-02
5.143411034374442352e+03,1.551561960210828204e+02,6.353885258216599219e+00,1.613795680156103085e+00,3.012092591934658822e-02
5.164889468512378699e+03,1.566424099132712229e+02,7.098275267795953525e+00,1.593242115686855476e+00,4.569777715828494263e-02
5.186457594710682315e+03,1.525724521054775948e+02,6.054088903318091575e+00,1.583018868983646188e+00,3.096491970761278481e-02
5.208115787515549528e+03,1.530254222568863156e+02,6.582753964005918057e+00,1.615368264092887030e+00,6.009977056445876126e-02
5.229864423037243796e+03,1.524099603033276651e+02,3.472306021128018116e+00,1.606195554423254235e+00,3.401353278743936975e-02
5.251703878956631343e+03,1.485748624711639252e+02,5.437286468837926101e+00,1.592392243768754323e+00,4.261313447508362218e-02
5.273634534531741338e+03,1.483265018055647886e+02,5.904000280520328658e+00,1.596583332691768664e+00,3.856238484490588647e-02
5.295656770604349731e+03,1.487676032374887711e+02,2.021748058047276864e+00,1.589695919541057378e+00,3.466222792617970616e-02
5.317770969606603103e+03,1.480595818281082074e+02,5.821080603195482261e+00,1.582709549916695657e+00,3.266383559288767169e-02
5.339977515567631599e+03,1.443244812405960715e+02,6.702714080348767922e+00,1.581401902400066728e+00,2.900172762031551221e-02
5.362276794120253726e+03,1.446561058799503030e+02,4.024653785381624438e+00,1.583497265971004486e+00,5.030055779578342795e-02
5.384669192507654770e+03,1.440856398093287396e+02,3.719855154068355318e+00,1.603783766236297481e+00,2.254283660134169184e-02
5.407155099590110694e+03,1.384418564070012962e+02,3.600105043519494785e+00,1.597970983757886820e+00,1.852001701915278672e-02
5.429734905851743861e+03,1.391708616902504900e+02,5.178063325478010626e+00,1.608763050782363369e+00,3.989527440702697603e-02
5.452409003407306045e+03,1.416246980062713305e+02,7.090654981822323677e+00,1.609896323400085150e+00,3.693605917524013516e-02
5.475177786008984185e+03,1.385198418493717440e+02,4.698023823782839337e+00,1.590163502848894961e+00,4.418020116324691132e-02
5.498041649053240690e+03,1.358280293410992385e+02,3.219930360704938099e+00,1.588223541671231809e+00,4.623672811830094320e-02
5.521000989587678305e+03,1.378680967869081258e+02,5.174356360346579642e+00,1.606490993609982709e+00,3.923065033957450626e-02
5.544056206317937722e+03,1.366485622024710835e+02,4.916884461966307462e+00,1.576687763387775387e+00,3.412808309524510003e-02
5.567207699614622470e+03,1.329974865674664102e+02,4.870747514771852416e+00,1.603891752664974080e+00,2.028508185382258203e-02
5.590455871520233813e+03,1.329603688659885847e+02,5.737815405433817517e+00,1.593853999683288114e+00,3.880457381897992747e-02
5.613801125756182046e+03,1.321091239817547205e+02,5.060254979083746996e+00,1.604423645821613231e+00,6.017363856299699082e-02
5.637243867729779595e+03,1.295240476522617996e+02,5.290443858122049647e+00,1.603237915498856747e+00,4.047068118623570881e-02
5.660784504541283241e+03,1.294003343799072070e+02,5.205644215178675260e+00,1.602759295600031830e+00,3.223208715032990085e-02
5.684423444990963617e+03,1.275650593277688785e+02,3.075784655544534285e+00,1.589214269340186059e+00,2.123952942183513284e-02
5.708161099586207456e+03,1.264855277719193793e+02,4.481132649644962385e+00,1.594614476320697305e+00,4.426304834714717140e-02
5.731997880548649846e+03,1.247000669234054442e+02,4.728740248512885103e+00,1.593423969911167415e+00,4.326894702446029001e-02
5.755934201821308307e+03,1.238174625705130012e+02,4.182956182568548620e+00,1.599029840628134469e+00,3.546727658089609408e-02
5.779970479075808726e+03,1.241330356510056419e+02,4.804083553767508619e+00,1.610949255139584313e+00,3.081180220941887732e-02
5.804107129719579461e+03,1.231972707329221919e+02,2.933499794830600305e+00,1.596535892977644977e+00,2.803572554888774521e-02
5.828344572903106382e+03,1.224313149003941987e+02,4.597231613727563726e+00,1.601664592386915942e+00,3.906391585046182363e-02
5.852683229527209733e+03,1.211817249339142961e+02,2.647736293356540038e+00,1.585792817504719565e+00,2.238461188366048377e-02
5.877123522250356473e+03,1.210449528294546155e+02,2.860035729800371573e+00,1.594458008098260882e+00,3.547185046981796153e-02
5.901665875495996261e+03,1.193312833107775361e+02,4.408679325665596949e+00,1.576023768150889293e+00,3.419280544635312780e-02
5.926310715459934727e+03,1.163407236568286010e+02,4.240712117400643244e+00,1.601621370459872740e+00,2.482256062489612489e-02
5.951058470117734032e+03,1.174550113152706388e+02,4.389031283103620673e+00,1.600304787928427341e+00,3.262602784476153345e-02
5.975909569232146168e+03,1.157926973792523313e+02,2.238580906492014577e+00,1.614947002714259838e+00,2.433728609684499694e-02
6.000864444360571724e+03,1.174288665049144811e+02,3.965551791959323502e+00,1.605096708233799463e+00,2.561805367766499877e-02
6.025923528862565945e+03,1.121683351234150905e+02,3.171732675517764832e+00,1.579594429756132401e+00,3.845932224873946370e-02
6.051087257907336607e+03,1.109402231786646809e+02,2.567033444081764593e+00,1.584474354541289376e+00,4.496419271999330114e-02
6.076356068481337388e+03,1.144860719318965749e+02,4.180970834614490705e+00,1.599327615176478368e+00,2.597358196717642828e-02
6.101730399395834866e+03,1.138765370715039609e+02,2.167469662782764761e+00,1.578278651723805215e+00,2.897766720275663302e-02
6.127210691294530079e+03,1.121120753703751944e+02,3.638670249470368212e+00,1.602637264871424660e+00,2.173571370418047807e-02
6.152797386661217388e+03,1.100734567233205041e+02,1.980706984305360852e+00,1.588645783370014497e+00,2.704228329485572346e-02
6.178490929827460604e+03,1.101127662474678743e+02,2.531951410097371014e+00,1.596365289048896630e+00,2.843938809930841166e-02
6.204291766980323700e+03,1.081864855570609762e+02,2.476688173870169596e+00,1.605530924423838712e+00,2.003529239391081337e-02
6.230200346170086959e+03,1.085291833150643726e+02,2.160839764149348863e+00,1.593369996083363827e+00,3.440533531955541902e-02
6.256217117318069540e+03,1.072206237607039583e+02,2.499848923421135627e+00,1.597373187891178326e+00,1.743449073904660904e-02
6.282342532224415663e+03,1.067027662990244892e+02,3.013006464452421707e+00,1.592684745487484177e+00,2.680549053887417918e-02
6.308577044575948094e+03,1.048775586829567175e+02,1.998349453326406566e+00,1.582122384266717141e+00,2.092755698809242379e-02
6.334921109954044368e+03,1.044928098316390361e+02,2.317085553241806206e+00,1.592525737780703832e+00,2.852332616154032094e-02
6.361375185842553037e+03,1.049152749932154194e+02,1.887658041372084927e+00,1.602944427560451190e+00,2.869888996484488974e-02
6.387939731635732642e+03,1.032761827013290770e+02,2.688300908574424941e+00,1.585945944899231685e+00,1.590776773901120614e-02
6.414615208646233441e+03,1.030241438309410995e+02,1.946832070584945340e+00,1.582529346300382889e+00,2.245877104566947058e-02
6.441402080113104603e+03,1.026765853267087039e+02,1.671442402346447809e+00,1.589202003152412113e+00,2.510704891775402195e-02
6.468300811209844142e+03,1.005070757218266380e+02,2.379153317234339760e+00,1.595740789817198024e+00,2.740186020976377937e-02
6.495311869052477050e+03,1.010319157754262704e+02,2.828233947019823447e+00,1.588309459928690881e+00,2.459987474417557954e-02
6.522435722707647983e+03,9.992657048882739446e+01,1.861399138714345369e+00,1.590601593025344318e+00,2.676646510360154371e-02
6.549672843200800344e+03,1.010032433957161686e+02,3.129816084384676955e+00,1.586253959189798168e+00,2.147341036116994992e-02
6.577023703524330813e+03,9.862662241230550819e+01,2.844714698082267290e+00,1.574403388865595499e+00,1.518455026087011869e-02
6.604488778645812999e+03,9.776991866165845124e+01,1.889505058508242463e+00,1.607010189091817365e+00,2.525611035174763278e-02
6.632068545516243830e+03,9.688579396144773170e+01,2.875382354025356246e+00,1.592974932950915967e+00,2.344054019125295027e-02
6.659763483078323588e+03,9.688867410340859010e+01,3.282468179788674778e+00,1.598902670428562267e+00,1.969147798441526695e-02
6.687574072274783248e+03,9.427095208407658333e+01,2.791047910988714964e+00,1.591137037186177716e+00,2.353091974030552605e-02
6.715500796056709987e+03,9.591442024306454073e+01,1.874727787186325267e+00,1.571280074110135150e+00,3.127092947367875186e-02
6.743544139391969111e+03,9.406849252463739219e+01,1.911094348786334773e+00,1.607748027859692952e+00,1.951631423789865205e-02
6.771704589273605961e+03,9.393549917877376743e+01,1.715332485751700276e+00,1.596143104683830583e+00,2.632837799936580542e-02
6.799982634728304220e+03,9.331061539354860201e+01,3.323483669455876921e+00,1.601247131504822674e+00,2.687258660004282831e-02
6.828378766824880586e+03,9.279866515262052928e+01,3.006373833800749296e+00,1.586896900731710858e+00,2.125695305408590099e-02
6.856893478682811292e+03,9.133620894470411145e+01,2.783741653448611686e+00,1.607405383119206110e+00,1.844540011917988193e-02
6.885527265480799542e+03,9.190571696945748670e+01,2.937784912655849734e+00,1.602762477248761641e+00,2.464730430787361384e-02
6.914280624465366600e+03,9.120893296599882660e+01,2.586221499915505539e+00,1.589678121204408656e+00,2.885321622757483842e-02
6.943154054959496534e+03,9.055047884142143744e+01,1.789389348507604449e+00,1.591596640618035297e+00,1.913951102181804184e-02
6.972148058371299157e+03,9.055191301820426020e+01,2.923849258961365383e+00,1.589772161086118629e+00,2.047034051202853422e-02
7.001263138202721166e+03,9.013809188480490775e+01,2.572262979271988215e+00,1.596369779461445759e+00,3.418252717035290961e-02
7.030499800058297296e+03,8.963063371847285055e+01,2.193415446123221813e+00,1.573663614077758677e+00,3.646186341840525202e-02
7.059858551653901486e+03,8.743445815363375573e+01,2.605581135064654941e+00,1.581976884865690325e+00,3.735713579331808448e-02
7.089339902825604440e+03,8.687340082335337854e+01,2.552344453698293325e+00,1.584303918144303713e+00,2.058770182065996351e-02
7.118944365538501188e+03,8.800982833420992790e+01,3.420553163231739635e+00,1.595405722386934677e+00,2.658017385673695429e-02
7.148672453895610488e+03,8.649985255542070206e+01,2.111932227881537116e+00,1.577770780138490814e+00,3.186939730113559632e-02
7.178524684146796062e+03,8.496049658610949962e+01,2.037217638481938931e+00,1.588181358527960940e+00,2.108648017597726868e-02
7.208501574697746946e+03,8.586652919561865360e+01,1.887513295393737689e+00,1.583206767297369977e+00,2.513766928529055297e-02
7.238603646118944198e+03,8.563628094479309993e+01,3.676342049655602295e+00,1.595506877749728325e+00,2.168996369438723829e-02
7.268831421154749478e+03,8.344774304874545123e+01,2.567898442304556106e+00,1.593263361459610561e+00,3.565216948875189057e-02
7.299185424732451793e+03,8.317319475525239625e+01,1.801421232271619655e+00,1.583390275395351265e+00,3.255063481919336088e-02
7.329666183971388818e+03,8.470981314300976805e+01,2.158254211777784981e+00,1.586422415258530894e+00,3.219654076798780795e-02
7.360274228192103692e+03,8.309071623866702794e+01,2.134425776932359575e+00,1.553190941175489614e+00,2.479127397457268206e-02
7.391010088925536365e+03,8.282813404585058947e+01,2.143365066111813544e+00,1.573946760843269121e+00,2.987198617103154624e-02
7.421874299922252249e+03,8.074916778516004001e+01,2.182618820582962194e+00,1.566513768197198342e+00,4.186286801916674905e-02
7.452867397161712688e+03,8.121712270657914701e+01,2.399658036588192989e+00,1.576630352593320739e+00,2.616023942292009311e-02
7.483989918861581828e+03,7.995076173295669264e+01,2.429723979661619460e+00,1.581551846489076540e+00,4.859545501328798450e-02
7.515242405487076212e+03,7.915785619689111741e+01,4.430010534346860318e+00,1.586438090561562486e+00,2.008915648367137763e-02
7.546625399760344408e+03,8.064041389162242979e+01,2.900990260857952308e+00,1.569969048536710376e+00,5.874876833881688409e-02
7.578139446669904828e+03,8.039815251516037620e+01,3.466266276938538837e+00,1.613102011456150064e+00,3.254227364599781430e-02
7.609785093480076284e+03,7.968010188905007851e+01,3.413902845725002688e+00,1.581930819857089165e+00,4.898832007984013637e-02
7.641562889740529499e+03,7.954729984530473530e+01,2.091673909567234535e+00,1.597274141667726521e+00,2.702461952496292008e-02
7.673473387295798602e+03,7.834051118605405861e+01,2.375039299534133619e+00,1.591913801133757245e+00,3.947505616131973677e-02
7.705517140294870842e+03,7.769730217619833468e+01,2.703145535555080858e+00,1.602468441323486648e+00,6.033775531050657864e-02
7.737694705200811768e+03,7.735938092738769001e+01,2.498171846044752176e+00,1.594527077504737544e+00,3.233827523794399056e-02
7.770006640800429523e+03,7.795539021187019557e+01,3.007082827023289440e+00,1.568890572299231234e+00,3.393999594527394997e-02
7.802453508213983696e+03,7.457188103596558904e+01,1.697366723936929667e+00,1.571111947549241883e+00,3.050989116663559500e-02
7.835035870904897820e+03,7.518933901125100761e+01,2.671643311681423771e+00,1.590274110819074549e+00,2.182506311947561561e-02
7.867754294689596463e+03,7.420252493947832306e+01,2.236221012529517438e+00,1.586568132002468712e+00,4.690660132092097645e-02
7.900609347747292304e+03,7.604505931979636557e+01,2.583129137388408658e+00,1.567852040578030515e+00,3.548500189059222015e-02
7.933601600629867789e+03,7.302692883805192992e+01,2.284701215750558401e+00,1.574880767517289337e+00,3.131183305197378364e-02
7.966731626271777714e+03,7.374046315541474428e+01,3.483286838235255534e+00,1.600840254835124821e+00,2.981537404484682630e-02
8.000000000000003638e+03,7.309815969796929380e+01,3.146291697389085318e+00,1.566249017529012022e+00,2.331420253408381452e-02
